Leaf
25 0.0531412760417 0.142730712891 0.174550374349 0.0903116861979 0.177205403646 0.0876871744792 0.219268798828 0.175282796224 0.107615152995 0.160186767578 0.0522155761719 0.0585428873698 0.194030761719 0.207682291667 0.0466918945312 0.168314615885 0.218882242839 0.25205485026 0.376810709635 0.0577189127604 0.197631835938 0.138173421224 0.115214029948 0.139770507812 0.351013183594 
50 0.0531412760417 0.174550374349 0.177205403646 0.219268798828 0.107615152995 0.0522155761719 0.194030761719 0.0466918945312 0.218882242839 0.376810709635 0.197631835938 0.115214029948 0.351013183594 0.158752441406 0.145863850911 0.115366617839 0.267262776693 0.041758219401 0.179128011068 0.279663085938 0.240407307943 0.290384928385 0.352762858073 0.420145670573 0.20849609375 
75 0.0531412760417 0.0903116861979 0.219268798828 0.160186767578 0.194030761719 0.168314615885 0.376810709635 0.138173421224 0.351013183594 0.158325195312 0.115366617839 0.0546875 0.179128011068 0.181894938151 0.290384928385 0.376586914062 0.20849609375 0.190724690755 0.133107503255 0.29872639974 0.137664794922 0.179880777995 0.289866129557 0.299357096354 0.181549072266 
100 0.0531412760417 0.177205403646 0.107615152995 0.194030761719 0.218882242839 0.197631835938 0.351013183594 0.145863850911 0.267262776693 0.179128011068 0.240407307943 0.352762858073 0.20849609375 0.0658264160156 0.153940836589 0.137664794922 0.183135986328 0.203277587891 0.181549072266 0.179555257161 0.11030069987 0.270680745443 0.0780334472656 0.0699768066406 0.0460815429688 
125 0.0531412760417 0.0876871744792 0.0522155761719 0.168314615885 0.197631835938 0.0787760416667 0.115366617839 0.244455973307 0.240407307943 0.376586914062 0.0803426106771 0.239105224609 0.137664794922 0.499582926432 0.0464477539062 0.116485595703 0.11030069987 0.238260904948 0.192932128906 0.28114827474 0.113291422526 0.193959554036 0.0985209147135 0.111979166667 0.0544026692708 
150 0.0531412760417 0.219268798828 0.194030761719 0.376810709635 0.351013183594 0.115366617839 0.179128011068 0.290384928385 0.20849609375 0.133107503255 0.137664794922 0.289866129557 0.181549072266 0.205525716146 0.270680745443 0.192932128906 0.0460815429688 0.0180257161458 0.0334676106771 0.209482828776 0.0544026692708 0.0 0.0232645670573 0.0169169108073 0.0358072916667 
175 0.0531412760417 0.175282796224 0.0466918945312 0.138173421224 0.145863850911 0.244455973307 0.290384928385 0.143544514974 0.153940836589 0.179880777995 0.0464477539062 0.0868937174479 0.270680745443 0.20253499349 0.0362040201823 0.193959554036 0.0503641764323 0.149841308594 0.0 0.087636311849 0.160614013672 0.0685119628906 0.0367736816406 0.00617472330729 0.131418863932 
200 0.0531412760417 0.107615152995 0.218882242839 0.351013183594 0.267262776693 0.240407307943 0.20849609375 0.153940836589 0.183135986328 0.181549072266 0.11030069987 0.0780334472656 0.0460815429688 0.0265808105469 0.0503641764323 0.0544026692708 0.118642171224 0.0238952636719 0.0358072916667 0.00313313802083 0.173370361328 0.131418863932 0.0341186523438 0.0289713541667 0.0362447102865 
225 0.0531412760417 0.160186767578 0.376810709635 0.158325195312 0.179128011068 0.376586914062 0.133107503255 0.179880777995 0.181549072266 0.263478597005 0.192932128906 0.179138183594 0.0334676106771 0.0483601888021 0.0 0.152028401693 0.0358072916667 0.128326416016 0.0905049641927 0.11631266276 0.0214131673177 0.414367675781 0.100311279297 0.230387369792 0.232777913411 
250 0.0531412760417 0.0522155761719 0.197631835938 0.115366617839 0.240407307943 0.0803426106771 0.137664794922 0.0464477539062 0.11030069987 0.192932128906 0.113291422526 0.0985209147135 0.0544026692708 0.0107421875 0.160614013672 0.0671183268229 0.173370361328 0.0645141601562 0.0214131673177 0.0746053059896 0.189748128255 0.179056803385 0.0278930664062 0.201548258464 0.214589436849 
275 0.0531412760417 0.0585428873698 0.115214029948 0.0546875 0.352762858073 0.239105224609 0.289866129557 0.0868937174479 0.0780334472656 0.179138183594 0.0985209147135 0.0766296386719 0.0232645670573 0.102121988932 0.0367736816406 0.0535278320312 0.0341186523438 0.167948404948 0.100311279297 0.14101155599 0.0278930664062 0.13520304362 0.0495910644531 0.207000732422 0.0707499186198 
300 0.0531412760417 0.194030761719 0.351013183594 0.179128011068 0.20849609375 0.137664794922 0.181549072266 0.270680745443 0.0460815429688 0.0334676106771 0.0544026692708 0.0232645670573 0.0358072916667 0.0262552897135 0.131418863932 0.0214131673177 0.0362447102865 0.0889587402344 0.232777913411 0.353708902995 0.214589436849 0.12392171224 0.0707499186198 0.514394124349 0.0541483561198 
325 0.0531412760417 0.207682291667 0.158752441406 0.181894938151 0.0658264160156 0.499582926432 0.205525716146 0.20253499349 0.0265808105469 0.0483601888021 0.0107421875 0.102121988932 0.0262552897135 0.094482421875 0.361470540365 0.0489095052083 0.298736572266 0.131744384766 0.40912882487 0.201405843099 0.208129882812 0.543436686198 0.0662638346354 0.0996704101562 0.24326578776 
350 0.0531412760417 0.0466918945312 0.145863850911 0.290384928385 0.153940836589 0.0464477539062 0.270680745443 0.0362040201823 0.0503641764323 0.0 0.160614013672 0.0367736816406 0.131418863932 0.361470540365 0.141794840495 0.179056803385 0.134073893229 0.143127441406 0.12392171224 0.106781005859 0.123718261719 0.106536865234 0.257781982422 0.413747151693 0.206339518229 
375 0.0531412760417 0.168314615885 0.115366617839 0.376586914062 0.137664794922 0.116485595703 0.192932128906 0.193959554036 0.0544026692708 0.152028401693 0.0671183268229 0.0535278320312 0.0214131673177 0.0489095052083 0.179056803385 0.135213216146 0.214589436849 0.0913492838542 0.10346476237 0.0707804361979 0.28813680013 0.2666015625 0.204010009766 0.334554036458 0.28281656901 
400 0.0531412760417 0.218882242839 0.267262776693 0.20849609375 0.183135986328 0.11030069987 0.0460815429688 0.0503641764323 0.118642171224 0.0358072916667 0.173370361328 0.0341186523438 0.0362447102865 0.298736572266 0.134073893229 0.214589436849 0.0595499674479 0.145477294922 0.0541483561198 0.288350423177 0.178924560547 0.206339518229 0.18852742513 0.123077392578 0.180297851562 
425 0.0531412760417 0.25205485026 0.041758219401 0.190724690755 0.203277587891 0.238260904948 0.0180257161458 0.149841308594 0.0238952636719 0.128326416016 0.0645141601562 0.167948404948 0.0889587402344 0.131744384766 0.143127441406 0.0913492838542 0.145477294922 0.0965779622396 0.135874430339 0.245452880859 0.286580403646 0.0902201334635 0.111399332682 0.181528727214 0.0313415527344 
450 0.0531412760417 0.376810709635 0.179128011068 0.133107503255 0.181549072266 0.192932128906 0.0334676106771 0.0 0.0358072916667 0.0905049641927 0.0214131673177 0.100311279297 0.232777913411 0.40912882487 0.12392171224 0.10346476237 0.0541483561198 0.135874430339 0.281341552734 0.239959716797 0.28281656901 0.146311442057 0.265991210938 0.0437418619792 0.00632731119792 
475 0.0531412760417 0.0577189127604 0.279663085938 0.29872639974 0.179555257161 0.28114827474 0.209482828776 0.087636311849 0.00313313802083 0.11631266276 0.0746053059896 0.14101155599 0.353708902995 0.201405843099 0.106781005859 0.0707804361979 0.288350423177 0.245452880859 0.239959716797 0.0881652832031 0.146667480469 0.158315022786 0.0102030436198 0.00477091471354 0.0263163248698 
500 0.0531412760417 0.197631835938 0.240407307943 0.137664794922 0.11030069987 0.113291422526 0.0544026692708 0.160614013672 0.173370361328 0.0214131673177 0.189748128255 0.0278930664062 0.214589436849 0.208129882812 0.123718261719 0.28813680013 0.178924560547 0.286580403646 0.28281656901 0.146667480469 0.0166422526042 0.00142415364583 0.0172627766927 0.00881958007812 0.0181376139323 
525 0.0531412760417 0.138173421224 0.290384928385 0.179880777995 0.270680745443 0.193959554036 0.0 0.0685119628906 0.131418863932 0.414367675781 0.179056803385 0.13520304362 0.12392171224 0.543436686198 0.106536865234 0.2666015625 0.206339518229 0.0902201334635 0.146311442057 0.158315022786 0.00142415364583 0.00904337565104 0.0360209147135 0.0138549804688 0.0508015950521 
550 0.0531412760417 0.115214029948 0.352762858073 0.289866129557 0.0780334472656 0.0985209147135 0.0232645670573 0.0367736816406 0.0341186523438 0.100311279297 0.0278930664062 0.0495910644531 0.0707499186198 0.0662638346354 0.257781982422 0.204010009766 0.18852742513 0.111399332682 0.265991210938 0.0102030436198 0.0172627766927 0.0360209147135 0.0152689615885 0.0443522135417 0.0825805664062 
575 0.0531412760417 0.139770507812 0.420145670573 0.299357096354 0.0699768066406 0.111979166667 0.0169169108073 0.00617472330729 0.0289713541667 0.230387369792 0.201548258464 0.207000732422 0.514394124349 0.0996704101562 0.413747151693 0.334554036458 0.123077392578 0.181528727214 0.0437418619792 0.00477091471354 0.00881958007812 0.0138549804688 0.0443522135417 0.017812093099 0.056386311849 
600 0.0531412760417 0.351013183594 0.20849609375 0.181549072266 0.0460815429688 0.0544026692708 0.0358072916667 0.131418863932 0.0362447102865 0.232777913411 0.214589436849 0.0707499186198 0.0541483561198 0.24326578776 0.206339518229 0.28281656901 0.180297851562 0.0313415527344 0.00632731119792 0.0263163248698 0.0181376139323 0.0508015950521 0.0825805664062 0.056386311849 0.0528361002604 
650 0.0531412760417 0.158752441406 0.0658264160156 0.205525716146 0.0265808105469 0.0107421875 0.0262552897135 0.361470540365 0.298736572266 0.40912882487 0.208129882812 0.0662638346354 0.24326578776 0.113169352214 0.142262776693 0.340474446615 0.022471110026 0.010264078776 0.0240681966146 0.00901285807292 0.133504231771 0.0674031575521 0.0492655436198 0.0324401855469 0.204345703125 
675 0.0531412760417 0.158325195312 0.133107503255 0.263478597005 0.0334676106771 0.152028401693 0.0905049641927 0.414367675781 0.232777913411 0.149251302083 0.10346476237 0.370025634766 0.281341552734 0.399943033854 0.146311442057 0.0178731282552 0.00632731119792 0.0291849772135 0.0403442382812 0.0308532714844 0.0599975585938 0.0622863769531 0.0233662923177 0.502360026042 0.509104410807 
700 0.0531412760417 0.145863850911 0.153940836589 0.270680745443 0.0503641764323 0.160614013672 0.131418863932 0.141794840495 0.134073893229 0.12392171224 0.123718261719 0.257781982422 0.206339518229 0.142262776693 0.197865804036 0.00142415364583 0.0116170247396 0.013682047526 0.0508015950521 0.0249837239583 0.0901896158854 0.0169576009115 0.344940185547 0.561920166016 0.232025146484 
725 0.0531412760417 0.234120686849 0.1318359375 0.196980794271 0.14219156901 0.079091389974 0.0526835123698 0.216868082682 0.146962483724 0.257700602214 0.105977376302 0.148030598958 0.265268961589 0.128753662109 0.0138753255208 0.00214640299479 0.0295918782552 0.00754801432292 0.041737874349 0.112040201823 0.10801188151 0.392801920573 0.486897786458 0.192576090495 0.0130208333333 
750 0.0531412760417 0.115366617839 0.137664794922 0.192932128906 0.0544026692708 0.0671183268229 0.0214131673177 0.179056803385 0.214589436849 0.10346476237 0.28813680013 0.204010009766 0.28281656901 0.340474446615 0.00142415364583 0.00844319661458 0.0181376139323 0.0216471354167 0.0599975585938 0.0442911783854 0.471995035807 0.362833658854 0.665120442708 0.290802001953 0.0316162109375 
775 0.0531412760417 0.11610921224 0.192413330078 0.173970540365 0.0692240397135 0.0157674153646 0.0256652832031 0.248067220052 0.0932922363281 0.125752766927 0.264292399089 0.313232421875 0.244588216146 0.014658610026 0.00536092122396 0.0339152018229 0.0117390950521 0.0912272135417 0.0271402994792 0.0355936686198 0.190358479818 0.462595621745 0.357899983724 0.246287027995 0.000172932942708 
800 0.0531412760417 0.267262776693 0.183135986328 0.0460815429688 0.118642171224 0.173370361328 0.0362447102865 0.134073893229 0.0595499674479 0.0541483561198 0.178924560547 0.18852742513 0.180297851562 0.022471110026 0.0116170247396 0.0181376139323 0.0563557942708 0.0198160807292 0.0528361002604 0.110209147135 0.0329284667969 0.232025146484 0.0522155761719 0.246327718099 0.0398661295573 
825 0.0531412760417 0.0546875 0.289866129557 0.179138183594 0.0232645670573 0.0535278320312 0.100311279297 0.13520304362 0.0707499186198 0.370025634766 0.204010009766 0.164764404297 0.265991210938 0.00262451171875 0.0360209147135 0.0150858561198 0.0825805664062 0.0478312174479 0.0233662923177 0.568654378255 0.665120442708 0.053700764974 0.0196024576823 0.279754638672 0.330291748047 
875 0.0531412760417 0.244455973307 0.0464477539062 0.193959554036 0.160614013672 0.100911458333 0.179056803385 0.599690755208 0.123718261719 0.2666015625 0.22890218099 0.187835693359 0.00142415364583 0.058095296224 0.0135294596354 0.0967305501302 0.0901896158854 0.0309041341146 0.362833658854 0.62343343099 0.0429992675781 0.207295735677 0.113321940104 0.023427327474 0.154815673828 
900 0.0531412760417 0.179128011068 0.181549072266 0.0334676106771 0.0358072916667 0.0214131673177 0.232777913411 0.12392171224 0.0541483561198 0.281341552734 0.28281656901 0.265991210938 0.00632731119792 0.0240681966146 0.0508015950521 0.0599975585938 0.0528361002604 0.536142985026 0.509104410807 0.65098063151 0.0316162109375 0.0446472167969 0.330291748047 0.0684611002604 0.10654703776 
925 0.0531412760417 0.168304443359 0.214660644531 0.0954081217448 0.033203125 0.0326334635417 0.0962626139323 0.161163330078 0.0691426595052 0.193481445312 0.192606608073 0.00419108072917 0.0100708007812 0.0117696126302 0.0678202311198 0.148447672526 0.0167846679688 0.414957682292 0.442199707031 0.0299682617188 0.301890055339 0.0695393880208 0.0869954427083 0.215291341146 0.0194193522135 
950 0.0531412760417 0.279663085938 0.179555257161 0.209482828776 0.00313313802083 0.0746053059896 0.353708902995 0.106781005859 0.288350423177 0.239959716797 0.146667480469 0.0102030436198 0.0263163248698 0.00901285807292 0.0249837239583 0.0442911783854 0.110209147135 0.126637776693 0.65098063151 0.0893249511719 0.0329182942708 0.309407552083 0.194508870443 0.0882059733073 0.073252360026 
975 0.0531412760417 0.181894938151 0.205525716146 0.0483601888021 0.0262552897135 0.0489095052083 0.40912882487 0.543436686198 0.24326578776 0.399943033854 0.340474446615 0.00262451171875 0.0240681966146 0.0545349121094 0.0674031575521 0.151285807292 0.204345703125 0.562204996745 0.0550028483073 0.00144449869792 0.0200602213542 0.0809936523438 0.0128580729167 0.0174153645833 0.0922546386719 
