Leaf
135 0.152028401693 0.0 0.0 0.125864664714 0.0243123372396 0.0 0.316324869792 0.000172932942708 0.0 0.000325520833333 0.282836914062 0.0 0.0 0.000518798828125 0.0767517089844 0.0 0.0 0.0 0.0114949544271 0.0 0.0003662109375 0.0 0.0 0.0 0.00900268554688 
29 0.234120686849 0.0 0.0 0.242848714193 0.0 0.0 6.103515625e-05 0.0122782389323 0.0 0.0817565917969 0.184438069661 0.0 0.0 0.0403849283854 0.0502522786458 0.00360107421875 0.00517781575521 0.0 0.0201416015625 0.00309244791667 0.0926005045573 0.0 0.0 0.0 0.0292460123698 
88 0.0780334472656 0.0 0.0 0.170104980469 6.103515625e-05 0.0 0.0474141438802 0.0142618815104 0.0 0.0875345865885 0.232706705729 3.0517578125e-05 0.0 0.227783203125 0.0928853352865 0.00147501627604 0.00307210286458 0.00216674804688 0.00870768229167 0.00580851236979 0.0195719401042 0.0 3.0517578125e-05 0.0 0.00835164388021 
91 0.20253499349 0.0 0.0 0.20166015625 0.000172932942708 0.0 0.00381469726562 0.0181376139323 0.0 0.0829772949219 0.205678304036 0.0 0.0 0.0347391764323 0.0846761067708 0.00250244140625 0.018809000651 0.00240071614583 0.0400899251302 0.00486246744792 0.0478820800781 0.00130208333333 0.000203450520833 0.0 0.0475565592448 
100 0.113291422526 0.0 0.0 0.119405110677 0.00325520833333 0.0 0.0432332356771 0.000213623046875 6.103515625e-05 0.108154296875 0.285970052083 0.0 0.000111897786458 0.0488688151042 0.080556233724 0.00467936197917 0.0210673014323 0.0192464192708 0.00445556640625 0.00844319661458 0.0773111979167 0.0 0.0 0.00220743815104 0.0594685872396 
110 0.0985209147135 0.0 0.0 0.251719156901 0.0020751953125 0.0 0.177022298177 0.000661214192708 0.0 0.103017171224 0.176300048828 0.0 0.0 0.0673624674479 0.071034749349 0.00146484375 0.00424194335938 1.01725260417e-05 0.00423177083333 0.000925699869792 0.0298563639323 0.0 0.0 0.000162760416667 0.0113932291667 
124 0.0692240397135 0.0 0.0 0.133605957031 0.0 0.0 0.055419921875 1.01725260417e-05 0.0 0.0640665690104 0.296468098958 0.0 0.0 0.0669148763021 0.111968994141 0.0 0.0 0.0 0.0753682454427 0.0 0.000406901041667 0.0 0.0 0.0 0.126546223958 
129 0.0633544921875 0.0 0.0 0.297322591146 7.12076822917e-05 0.0 0.0697835286458 3.0517578125e-05 0.0 0.0298665364583 0.391540527344 0.0 0.0 0.0178934733073 0.0399068196615 1.01725260417e-05 0.00309244791667 1.01725260417e-05 0.0177612304688 0.000101725260417 0.029042561849 0.0 0.0 0.0 0.0402119954427 
133 0.087636311849 0.0 0.0 0.254669189453 0.141042073568 0.0 0.244313557943 0.027598063151 0.0 0.000406901041667 0.122100830078 0.0 0.0 0.00568644205729 0.0780944824219 0.0 0.0 0.0 0.0252990722656 0.0 0.000193277994792 0.0 0.0 0.0 0.0129597981771 
141 0.186238606771 0.0 0.0 0.161214192708 0.0 0.0 0.295583089193 0.000600179036458 0.0 0.047119140625 0.129160563151 0.0 0.0 0.06396484375 0.052012125651 0.0 1.01725260417e-05 0.0 0.00913492838542 0.0 0.04345703125 0.0 0.0 0.0 0.0115051269531 
142 0.115641276042 0.0 0.0 0.199330647786 0.0990295410156 0.0 0.190053304036 0.0554911295573 0.0 0.0346069335938 0.137847900391 0.0 0.0 0.0270080566406 0.0447285970052 0.0126444498698 0.0112508138021 0.000437418619792 0.0151062011719 0.000457763671875 0.0531209309896 0.0 0.000895182291667 0.0 0.00234985351562 
143 0.102121988932 0.0 0.0 0.179819742839 0.0370483398438 0.0 0.214385986328 0.0142618815104 0.0 0.00334676106771 0.35888671875 0.0 0.0 0.0451049804688 0.021962483724 0.0 0.0 0.0 0.00502522786458 0.0 0.0115152994792 0.0 0.0 0.0 0.00652058919271 
147 0.0685119628906 0.0 0.0 0.223429361979 0.0370585123698 0.0 0.135752360026 0.00786336263021 0.0 0.0662027994792 0.18315633138 0.0 0.0 0.0770975748698 0.110087076823 0.000600179036458 0.00142415364583 0.00282796223958 0.0048828125 0.00830078125 0.0692138671875 0.0 0.0 0.000111897786458 0.00347900390625 
151 0.0749003092448 0.0 0.0 0.34678141276 0.0 0.0 0.199920654297 0.00191243489583 0.0 0.0151062011719 0.208201090495 0.0 0.0 0.0751342773438 0.044189453125 0.0 0.0 0.0 0.000274658203125 0.0 0.033447265625 0.0 0.0 0.0 0.000132242838542 
168 0.131418863932 0.0 0.0 0.21576944987 0.0 0.0 0.141123453776 0.0 0.0 0.0233662923177 0.265329996745 0.0 0.0 0.00554402669271 0.212443033854 0.0 0.0 0.0 0.00343831380208 0.0 0.000457763671875 0.0 0.0 0.0 0.00110880533854 
169 0.094482421875 0.0 0.0 0.171081542969 0.000579833984375 0.0 0.179880777995 9.1552734375e-05 0.0 0.0101623535156 0.285024007161 0.0 1.01725260417e-05 0.00386555989583 0.195343017578 0.000681559244792 0.00438435872396 0.000172932942708 0.033213297526 0.00484212239583 0.0110168457031 0.0 0.0 9.1552734375e-05 0.00507609049479 
178 0.0983174641927 0.0 0.0 0.300964355469 0.00108846028646 0.0 0.188903808594 0.00121053059896 0.0 0.00984700520833 0.162099202474 0.0 0.0 0.0163167317708 0.142761230469 0.0 0.0 0.0 0.0257263183594 0.0 0.0408630371094 0.0 0.0 0.0 0.0119018554688 
181 0.12846883138 0.0 0.0 0.198618570964 4.06901041667e-05 0.0 0.305877685547 0.00147501627604 0.0 0.032958984375 0.160125732422 0.0 0.0 0.0267537434896 0.0976359049479 1.01725260417e-05 0.00165812174479 0.0 0.0160013834635 0.000630696614583 0.0233154296875 0.0 0.0 0.0 0.00642903645833 
186 0.0256652832031 0.0 0.0 0.212086995443 0.0 0.0 0.274342854818 0.106577555339 0.0 0.0138244628906 0.300557454427 0.0 0.0 0.0391540527344 0.0262349446615 0.0 6.103515625e-05 0.0 0.000356038411458 0.0 0.0006103515625 0.0 0.0 0.0 0.000528971354167 
199 0.0527038574219 0.0 0.0 0.143524169922 0.0 0.0 0.0781656901042 0.0187377929688 0.0 0.000101725260417 0.289255777995 0.0 0.0 0.0873006184896 0.0726521809896 0.0 0.0 0.0 0.0 0.0 0.257558186849 0.0 0.0 0.0 0.0 
200 0.189748128255 0.0 0.0 0.168660481771 0.0 0.0 0.0989278157552 0.00114949544271 0.0 0.0529378255208 0.30527750651 0.0 0.0 0.0824381510417 0.0869140625 0.0 0.0 0.0 0.000813802083333 0.0 0.0130106608073 0.0 0.0 0.0 0.0001220703125 
205 0.089111328125 0.0 0.0 0.0708923339844 0.00434366861979 0.0 0.259948730469 0.0 0.0 0.0117594401042 0.333872477214 0.0 0.0 0.00743611653646 0.161376953125 0.0 0.0 0.0 0.0208740234375 0.0 0.0259094238281 0.0 0.0 0.0 0.0144755045573 
213 0.256724039714 0.0 0.0 0.130839029948 0.0158894856771 0.0 0.38661702474 0.0 0.0 0.00513712565104 0.0659993489583 0.0 0.0 0.0013427734375 0.102447509766 0.0 0.0 0.0 0.00263468424479 0.0 0.0321655273438 0.0 0.0 0.0 0.000203450520833 
214 0.121124267578 0.0 0.0 0.107137044271 0.0628255208333 0.0 0.291971842448 0.0 0.0 0.00454711914062 0.293233235677 0.0 0.0 0.000295003255208 0.0579121907552 0.0 0.0 0.0 0.01220703125 0.0 0.0228169759115 0.0 0.0 0.0 0.0259297688802 
215 0.192718505859 0.0 0.0 0.103098551432 0.0887247721354 0.0 0.142883300781 0.00118001302083 0.0 0.0101521809896 0.240631103516 0.0 0.0 0.0130411783854 0.136596679688 0.0 0.0 0.0 0.0120137532552 0.0 0.0497538248698 0.0 0.0 0.0 0.00920613606771 
220 0.0278930664062 0.0 0.0 0.028065999349 0.00205485026042 0.0 0.468048095703 0.0 0.0 0.00828043619792 0.272521972656 0.0 0.0 0.00311279296875 0.108032226562 0.0 9.1552734375e-05 0.0 0.0100911458333 0.0 0.0518697102865 0.0 0.0 0.0 0.0199381510417 
224 0.134073893229 0.0 0.0 0.0574340820312 0.0162760416667 0.0 0.324615478516 4.06901041667e-05 0.0 0.00719197591146 0.300821940104 0.0 0.0 0.00652058919271 0.0764567057292 0.0 9.1552734375e-05 0.0 0.0134989420573 0.0 0.0537109375 0.0 0.0 0.0 0.00926717122396 
227 0.270009358724 0.0 0.0 0.0768432617188 0.00375366210938 0.0 0.231760660807 0.000132242838542 0.0 0.0428975423177 0.149281819661 0.0 0.0 0.0789693196615 0.062978108724 0.0 0.000111897786458 0.000325520833333 0.00920613606771 0.0 0.0646565755208 0.0 0.0 0.0 0.00907389322917 
235 0.113525390625 0.0 0.0 0.160461425781 0.000162760416667 0.0 0.124145507812 0.00319417317708 0.0 0.00936889648438 0.338083902995 0.0 0.0 0.0472819010417 0.0735168457031 0.0 3.0517578125e-05 7.12076822917e-05 0.0433247884115 0.0 0.0863952636719 0.0 0.0 0.0 0.000437418619792 
243 0.149251302083 0.0 0.0 0.129048665365 0.0157267252604 0.0 0.205322265625 1.01725260417e-05 0.0 0.0221354166667 0.242991129557 0.0 0.0 0.00914510091146 0.140869140625 0.0 0.0 0.0 0.0205078125 0.0 0.039784749349 0.0 0.0 0.0 0.0252075195312 
244 0.159088134766 0.0 0.0 0.121337890625 0.000518798828125 0.0 0.324717203776 3.0517578125e-05 0.0 0.0209757486979 0.133239746094 0.0 0.0 0.0239562988281 0.155192057292 0.0 0.0 0.0 0.0191141764323 0.0 0.0315348307292 0.0 0.0 0.0 0.0102945963542 
251 0.154073079427 0.0 0.0 0.22694905599 0.00238037109375 0.0 0.132904052734 1.01725260417e-05 0.0 0.0328979492188 0.206258138021 0.0 0.0 0.0373942057292 0.106669108073 3.0517578125e-05 0.00272623697917 0.0 0.015126546224 0.0 0.0689188639323 0.0 0.0 0.0 0.013661702474 
263 0.0900268554688 0.0 0.0 0.279144287109 0.000274658203125 0.0 0.233276367188 0.000101725260417 0.0 0.0167948404948 0.247823079427 0.0 0.0 0.0207722981771 0.0700887044271 0.0 0.000722249348958 0.0 0.00924682617188 0.0 0.0219930013021 0.0 0.0 0.0 0.00973510742188 
264 0.0707499186198 0.0 0.0 0.0892537434896 0.000325520833333 0.0 0.329833984375 1.01725260417e-05 0.0 0.0109659830729 0.345245361328 0.0 0.0 0.0150146484375 0.0742492675781 0.0 0.0 0.0 0.0117696126302 0.0 0.0387166341146 0.0 0.0 0.0 0.0138651529948 
275 0.161936442057 0.0 0.0 0.136840820312 0.0 0.0 0.231486002604 2.03450520833e-05 0.0 0.0166422526042 0.0968627929688 0.0 0.0 0.0155029296875 0.25395711263 0.0 0.0 0.0 0.0183308919271 0.0 0.0645243326823 0.0 0.0 0.0 0.00389607747396 
305 0.251790364583 0.0 0.0 0.144765218099 0.0047607421875 0.0 0.0417175292969 0.0 0.0 0.0233052571615 0.348775227865 0.0 0.0 0.00364176432292 0.0620524088542 0.0 1.01725260417e-05 2.03450520833e-05 0.039052327474 0.0 0.0380350748698 0.0 0.0 0.0 0.0420735677083 
309 0.21913655599 0.0 0.0 0.117065429688 0.00986735026042 0.0 0.100443522135 0.0 0.0 0.0114237467448 0.227274576823 0.0 0.0 0.000396728515625 0.200764973958 0.0 0.00703938802083 0.0 0.04345703125 0.0 0.0107218424479 0.0 0.0 0.0 0.0524088541667 
318 0.190358479818 0.0 0.0 0.10107421875 0.00091552734375 0.0 0.0529174804688 5.08626302083e-05 0.0 0.118347167969 0.311971028646 0.0 1.01725260417e-05 0.0533040364583 0.0591634114583 0.00396728515625 0.00873819986979 0.0216267903646 0.0111490885417 0.000539143880208 0.0150655110677 0.0370279947917 0.0 0.00309244791667 0.0106811523438 
804 0.101816813151 0.0 0.0 0.0817260742188 0.0 0.0 0.512817382812 0.0 0.0 0.00129191080729 0.192179361979 0.0 0.0 0.000172932942708 0.0677591959635 0.0 0.0 0.0 0.0156962076823 0.0 0.000396728515625 0.0 0.0 0.0 0.0261433919271 
807 0.139963785807 0.0 0.0 0.146759033203 0.0 0.0 0.294321695964 1.01725260417e-05 0.0 0.0160217285156 0.158762613932 0.0 0.0 0.0128987630208 0.1962890625 0.0 0.0 0.0 0.00979614257812 0.0 4.06901041667e-05 0.0 0.0 0.0 0.025136311849 
813 0.0201822916667 0.0 0.0 0.25986735026 0.000722249348958 0.0 0.168986002604 5.08626302083e-05 0.0 0.0769348144531 0.179260253906 0.0 0.0 0.141957600911 0.0358683268229 0.0 0.000111897786458 0.00265502929688 0.013916015625 0.0 0.0327453613281 0.0 0.0 0.0 0.0667419433594 
819 0.0809936523438 0.0 0.0 0.202006022135 0.0 0.0 0.455322265625 0.0 0.0 0.0184224446615 0.112579345703 0.0 0.0 0.00102742513021 0.0782979329427 0.0 0.0 0.0 0.00639851888021 0.0 0.00662231445312 0.0 0.0 0.0 0.038330078125 
844 0.155263264974 0.0 0.0 0.245290120443 0.097157796224 0.0 0.228485107422 0.000539143880208 0.0 0.000244140625 0.115610758464 0.0 0.0 4.06901041667e-05 0.0846252441406 0.0 0.0 0.0 0.022216796875 0.0 6.103515625e-05 0.0 0.0 0.0 0.0504659016927 
848 0.150797526042 0.0 0.0 0.187947591146 0.0 0.0 0.457692464193 0.0 0.0 0.00135294596354 0.113006591797 0.0 0.0 0.0 0.0314229329427 0.0 0.0 0.0 0.0167744954427 0.0 0.000233968098958 0.0 0.0 0.0 0.040771484375 
854 0.171630859375 0.0 0.0 0.176096598307 0.027821858724 0.0 0.181833902995 2.03450520833e-05 0.0 0.00205485026042 0.142049153646 0.0 0.0 0.000691731770833 0.231272379557 0.0 0.0 0.0 0.0306091308594 0.0 0.00751749674479 0.0 0.0 0.0 0.0284016927083 
870 0.171579996745 0.0 0.0 0.156931559245 0.0 0.0 0.210357666016 1.01725260417e-05 0.0 0.0121765136719 0.34238688151 0.0 0.0 0.0101521809896 0.0779317220052 0.0 3.0517578125e-05 0.0 0.00116984049479 0.0 0.00558471679688 0.0 0.0 0.0 0.0116882324219 
