Leaf
204 0.0531412760417 0.0 0.0 0.0 0.0324910481771 0.0399068196615 0.0114237467448 0.124277750651 0.00263468424479 0.0 0.0227864583333 0.0 0.0 0.0 0.110168457031 0.261576334635 0.471537272135 0.00779215494792 0.0 0.0 0.0 0.0145772298177 0.00347900390625 0.0 0.0 
133 0.0531412760417 0.0 0.0239969889323 0.0496317545573 0.0 0.0126241048177 0.0 0.00128173828125 0.028076171875 0.0 0.0 0.0842081705729 0.0 3.0517578125e-05 0.0 0.010487874349 0.311269124349 0.00386555989583 0.00221761067708 0.0 0.142883300781 0.00853474934896 0.0 0.00517781575521 0.0 
83 0.0531412760417 0.0 0.013916015625 0.0294392903646 0.032948811849 0.0 0.0 0.000701904296875 0.0745544433594 0.0 0.0 0.139119466146 0.0 0.0 0.0 0.0621236165365 0.165211995443 0.0 0.0032958984375 0.0 0.0683288574219 0.00947062174479 0.0 0.180043538411 0.0 
24 0.0531412760417 0.00691731770833 0.00030517578125 0.0 0.0 0.00339762369792 0.00447591145833 0.00432332356771 0.00963338216146 0.0303548177083 0.00905354817708 0.0794067382812 0.175048828125 0.0 0.0 0.153869628906 0.209747314453 0.0 0.00448608398438 0.00887044270833 0.0 0.000213623046875 0.0925598144531 0.0 0.0 
154 0.0531412760417 0.00173950195312 0.0 0.0 0.025400797526 0.0294189453125 0.0157165527344 0.166625976562 0.0 0.0 0.00179036458333 0.00128173828125 0.0 0.0 0.000325520833333 0.300659179688 0.130310058594 0.0290832519531 0.0 0.0 0.0 0.0298665364583 0.000518798828125 0.0 0.0 
179 0.0531412760417 0.0 0.0 0.0 0.000508626302083 0.0171101888021 0.0175577799479 0.0426635742188 0.00252278645833 0.0 0.0 0.0128479003906 0.00143432617188 0.0 0.0432332356771 0.128265380859 0.105804443359 0.0143330891927 0.0 0.0 0.0 0.0147094726562 0.00175984700521 9.1552734375e-05 0.0 
229 0.0531412760417 0.00332641601562 0.000396728515625 0.0 0.0115559895833 0.0223490397135 0.0860493977865 0.166280110677 0.000874837239583 0.0 0.00250244140625 0.00844319661458 0.0 0.0 0.0204162597656 0.394724527995 0.362233479818 0.0047607421875 0.0 0.0 0.0 0.00194295247396 0.00342814127604 0.00030517578125 0.0 
244 0.0531412760417 0.00905354817708 0.134755452474 0.0122782389323 0.0 0.027089436849 0.0997721354167 5.08626302083e-05 0.0 0.000111897786458 0.0 0.0279846191406 0.0519409179688 0.0 0.0 0.223693847656 0.460764567057 0.0 2.03450520833e-05 0.0 0.0 0.00806681315104 0.01220703125 0.0 0.0 
304 0.0531412760417 0.0 0.0 2.03450520833e-05 0.00526936848958 0.0625915527344 0.0226135253906 0.311269124349 0.00692749023438 0.0 0.0 0.0 0.0 0.0 0.00336710611979 0.217508951823 0.217366536458 0.0110677083333 0.0 0.0 0.0 0.0731201171875 0.0559895833333 0.0 0.0 
354 0.0531412760417 0.0 0.0 0.0 0.00910441080729 0.0311381022135 0.0340983072917 0.274444580078 0.0 0.0 0.0 0.0 9.1552734375e-05 0.0 0.0057373046875 0.138214111328 0.24550374349 0.026865641276 0.0 0.0 0.0 0.036875406901 0.0472513834635 0.00149536132812 0.0 
379 0.0531412760417 0.0 0.0 0.0 0.0297546386719 0.089589436849 0.043223063151 0.0558573404948 0.0 0.0 0.0 0.0 0.0 0.0 9.1552734375e-05 0.149281819661 0.115854899089 0.00222778320312 0.0 0.0 0.0 0.118347167969 0.0131225585938 0.00815836588542 0.0 
474 0.0531412760417 0.0313720703125 0.00377400716146 0.0 0.0 0.0589396158854 0.0 0.0356953938802 0.0 0.0 5.08626302083e-05 0.174580891927 0.0789693196615 0.0 0.0 0.0555928548177 0.187805175781 0.0 0.0 0.000600179036458 0.0 0.00194295247396 0.045155843099 0.0 0.0 
479 0.0531412760417 0.0 0.0 0.0 0.0427652994792 0.0343627929688 0.0515543619792 0.155893961589 0.0562540690104 0.0 0.00422159830729 0.0 0.0 0.0 0.0 0.133127848307 0.148610432943 0.0510559082031 0.0009765625 0.0 0.0 0.0484110514323 0.0479634602865 0.000111897786458 0.0 
529 0.0531412760417 0.0 0.0 0.0 0.00067138671875 0.110158284505 0.000478108723958 0.0503946940104 9.1552734375e-05 0.0 0.0 0.0 0.0 0.0 0.00681559244792 0.155192057292 0.244364420573 0.00899251302083 1.01725260417e-05 0.0 0.0 0.0667928059896 0.0380350748698 0.0 0.0 
554 0.0531412760417 0.000356038411458 0.0 0.0 0.00307210286458 0.0298563639323 0.00454711914062 0.0621948242188 5.08626302083e-05 0.0 0.0 0.0 0.0 0.0 0.0113423665365 0.204681396484 0.226206461589 0.00631713867188 0.0 0.0 0.0 0.037607828776 0.00156656901042 0.0192464192708 0.0 
604 0.0531412760417 0.0 0.000284830729167 0.0 0.0050048828125 0.109303792318 0.0382080078125 0.171081542969 0.00151570638021 0.0 0.0 0.0 0.0 0.0 0.0442911783854 0.182484944661 0.142771402995 0.178334554036 0.0 0.0 0.0 0.0135294596354 0.0125427246094 0.00485229492188 0.0 
639 0.0531412760417 0.110850016276 0.337280273438 0.023691813151 0.0251871744792 0.0262145996094 0.00429280598958 0.0 0.0 0.0 0.0 0.000284830729167 0.00754801432292 1.01725260417e-05 0.000233968098958 0.13471476237 0.467590332031 0.016123453776 0.0 0.00118001302083 0.0 0.0 0.0 0.0 0.0 
664 0.0531412760417 0.0745544433594 0.165211995443 0.0 0.0373738606771 0.0361328125 0.00773111979167 1.01725260417e-05 0.0 0.0 0.0 0.0 0.0111490885417 0.0 0.0 0.0965270996094 0.655283610026 0.000325520833333 0.0 4.06901041667e-05 0.0 0.0 0.0 4.06901041667e-05 0.0 
689 0.0531412760417 0.0930582682292 0.216939290365 0.0 0.177022298177 0.011973063151 0.0399373372396 0.0 0.0 0.0 0.0 0.0 0.0146484375 0.000111897786458 0.0 0.00230916341146 0.622873942057 0.0135498046875 0.0 1.01725260417e-05 0.0 0.0 0.0 0.0 0.0 
714 0.0531412760417 0.10551961263 0.124277750651 0.00459798177083 0.110168457031 0.0531209309896 0.0145772298177 0.0 0.0 0.0 0.0 0.000295003255208 0.0816243489583 0.0 0.000651041666667 0.0652567545573 0.819834391276 0.0291442871094 0.0 0.00018310546875 0.0 0.0 0.0 0.0 0.0 
739 0.0531412760417 0.0502522786458 0.123474121094 0.00216674804688 0.0611775716146 0.0692138671875 0.0079345703125 0.0 0.0 0.0 0.0 0.000213623046875 0.00712076822917 1.01725260417e-05 0.0 0.0254618326823 0.71576944987 0.0638224283854 0.0 0.0 0.0 0.0139465332031 0.0 0.0 0.0 
764 0.0531412760417 0.0616760253906 0.150858561198 0.00240071614583 0.00687662760417 0.00416056315104 0.00367228190104 0.0 0.0 0.0 0.0 0.00709025065104 0.0105489095052 0.00472005208333 0.0 0.0223795572917 0.657867431641 0.210571289062 0.0 0.0059814453125 0.0 0.00453694661458 0.0 0.0 0.0 
904 0.0531412760417 0.00173950195312 0.0 0.0 0.000142415364583 0.0146789550781 0.103668212891 0.111012776693 0.00030517578125 0.0 0.0706278483073 0.00962320963542 0.0 0.0 0.001220703125 0.270619710286 0.276641845703 0.0 0.00222778320312 0.0 0.0 0.0510457356771 0.048329671224 0.0 0.0 
929 0.0531412760417 0.0 0.0 0.0 0.00111897786458 0.224273681641 0.0167643229167 0.386199951172 9.1552734375e-05 0.0 0.0288798014323 0.0 0.0 0.0 0.0111490885417 0.408477783203 0.42051188151 0.0 7.12076822917e-05 0.0 0.0 0.0516662597656 0.0285237630208 0.0 0.0 
