Leaf
299 0.0531412760417 0.0636494954427 0.0 0.0 0.000295003255208 0.139831542969 0.0 0.00760904947917 0.00228881835938 0.00295003255208 0.0 0.474182128906 0.0451049804688 0.0 0.0 0.311859130859 0.0351867675781 0.0 0.00118001302083 0.231760660807 0.0 0.00238037109375 0.279144287109 0.0 0.0 
119 0.0531412760417 0.0 0.0420633951823 0.0450948079427 0.0 0.0740356445312 0.10551961263 0.0 0.0 0.0 0.00552368164062 0.135131835938 0.124277750651 0.000386555989583 0.0684407552083 0.234558105469 8.13802083333e-05 0.00344848632812 0.00459798177083 0.00386555989583 0.0 0.0182393391927 0.0290832519531 0.0 0.110168457031 
194 0.0531412760417 0.0160522460938 0.0918375651042 0.000467936197917 0.0 0.0561319986979 0.0299682617188 0.0 0.0 0.00343831380208 0.000498453776042 0.147288004557 0.274739583333 0.0 0.0226542154948 0.256663004557 0.0 0.0 0.0 0.0 0.0 0.00168863932292 0.0132039388021 0.0 0.274342854818 
219 0.0531412760417 0.00612386067708 0.133951822917 0.00272623697917 0.0 0.0570882161458 0.123596191406 0.0 0.0 0.0 0.000101725260417 0.160858154297 0.090565999349 0.0 0.000834147135417 0.168334960938 0.00102742513021 0.0 0.0 0.0 0.0 9.1552734375e-05 0.0111185709635 0.0 5.08626302083e-05 
274 0.0531412760417 0.0576477050781 0.0 0.0 0.0 0.115875244141 0.00485229492188 0.0293884277344 0.00613403320312 0.0133870442708 0.0 0.306182861328 0.000864664713542 0.0 0.0 0.27544148763 0.00555419921875 0.0 4.06901041667e-05 0.0 0.0 7.12076822917e-05 0.11469523112 0.0 0.0 
284 0.0531412760417 0.154083251953 0.038330078125 0.0 0.0 0.125264485677 0.0948689778646 0.00597127278646 0.0 0.0251871744792 0.0 0.126546223958 4.06901041667e-05 0.00282796223958 0.0 0.322326660156 0.000630696614583 0.15293375651 0.0 0.0 0.0 0.101328531901 0.0 0.000244140625 0.0 
314 0.0531412760417 0.0572102864583 0.111145019531 0.0172932942708 0.0 0.0322774251302 0.198649088542 0.0 0.000111897786458 0.0 0.000752766927083 0.207631429036 0.00559488932292 0.0 0.0 0.22422281901 0.0001220703125 0.0013427734375 0.0 0.00852457682292 0.0 0.0 0.0 0.0 0.0 
349 0.0531412760417 0.0347595214844 0.0 0.0001220703125 0.0 0.0314229329427 0.0160624186198 0.0103454589844 8.13802083333e-05 0.0146993001302 0.0 0.252105712891 0.00801595052083 0.0 0.0 0.112772623698 0.013682047526 0.0 1.01725260417e-05 0.00151570638021 0.0 0.0 0.22651163737 0.0 0.0 
360 0.0531412760417 0.153869628906 0.049082438151 0.0 0.0146179199219 0.181549072266 0.155873616536 0.0773111979167 0.0 1.01725260417e-05 0.0358072916667 0.571105957031 0.024403889974 0.0 0.0 0.232777913411 0.260131835938 0.0315348307292 0.0 0.0 0.0541483561198 0.161112467448 0.0455322265625 0.0 0.0 
374 0.0531412760417 0.0164286295573 0.0 0.0 0.000579833984375 0.0132446289062 0.0 0.0290832519531 1.01725260417e-05 0.000345865885417 0.0 0.089833577474 0.00347900390625 0.0 0.0 0.300821940104 0.023691813151 0.0 0.000295003255208 1.01725260417e-05 0.0 0.000295003255208 0.219024658203 0.0 0.0 
449 0.0531412760417 0.0464986165365 0.0 0.0 0.0 0.00579833984375 5.08626302083e-05 0.031504313151 0.0 0.00433349609375 0.000661214192708 0.160441080729 0.0130411783854 0.0 0.0 0.124847412109 0.0236612955729 0.0 0.0 0.0334167480469 0.0 0.0240071614583 0.221130371094 0.0 0.0 
469 0.0531412760417 0.00709025065104 0.126861572266 0.00633748372396 0.0 0.0141906738281 0.113413492839 0.0 0.0 0.0 0.0 0.100443522135 0.424641927083 0.0 0.000162760416667 0.235524495443 0.0 0.00309244791667 0.0 0.0 0.0 0.0128987630208 0.171091715495 0.0 0.0 
499 0.0531412760417 0.048573811849 0.0 0.0 0.0 0.0795694986979 0.0 0.00602213541667 3.0517578125e-05 0.00297037760417 0.0 0.296234130859 0.0186360677083 0.0 0.0 0.148284912109 0.0650939941406 0.0 0.0 0.00139363606771 0.0 0.0 0.0259602864583 0.0 0.0 
509 0.0531412760417 0.145253499349 0.0257873535156 0.0 0.0 0.0174662272135 0.316050211589 0.0270080566406 0.0 0.0737711588542 0.0 0.139923095703 0.0 0.0 0.0 0.348775227865 0.0342712402344 0.108530680339 0.0 0.0 0.0 0.0138651529948 0.0 0.0 1.01725260417e-05 
510 0.0531412760417 0.207234700521 0.0399068196615 0.0 0.0227864583333 0.0180257161458 0.261576334635 0.0531209309896 0.0 0.0 0.0889587402344 0.300821940104 0.0315348307292 0.0 0.0 0.135874430339 0.170583089193 0.0308532714844 0.0 0.00151570638021 0.0313415527344 0.0652567545573 0.00210571289062 0.0 0.0 
535 0.0531412760417 0.0917561848958 0.043935139974 0.0 0.00302124023438 0.0642700195312 0.274780273438 0.00472005208333 0.0 0.0 0.121124267578 0.338083902995 0.0135599772135 0.0 0.0 0.282023111979 0.117797851562 0.00906372070312 0.0 0.0 0.0203043619792 0.0362447102865 0.0102335611979 0.0 0.0 
560 0.0531412760417 0.199198404948 0.00722249348958 0.0 0.0 0.0503641764323 0.455546061198 0.016591389974 0.0 0.0 0.134073893229 0.375162760417 0.00801595052083 0.0 0.1240234375 0.206339518229 0.265014648438 0.0280151367188 0.0 0.0 0.0116170247396 0.0410664876302 0.209798177083 0.0 0.0 
574 0.0531412760417 0.0391743977865 9.1552734375e-05 0.0 0.00130208333333 0.00187174479167 0.000579833984375 0.0461832682292 0.0 0.0 0.0 0.401194254557 0.0155029296875 0.0 0.0 0.0992228190104 0.0489400227865 0.0 0.0 0.0 0.0 0.0 0.227742513021 0.0 0.0 
584 0.0531412760417 0.122680664062 0.01708984375 0.0 0.0 0.0419514973958 0.00102742513021 0.000223795572917 0.0 5.08626302083e-05 0.0 0.304748535156 0.0 0.0 0.0 0.175720214844 0.0 0.218322753906 0.0 0.0 0.0 0.0355224609375 0.0 0.0 0.000152587890625 
585 0.0531412760417 0.158355712891 0.026621500651 0.0 0.0 0.0483601888021 0.274271647135 0.00281778971354 0.0 0.0 0.40912882487 0.193298339844 0.0086669921875 0.0 0.10634358724 0.399943033854 0.10459391276 0.06005859375 0.0 0.0 0.0240681966146 0.0228983561198 0.101928710938 0.0 0.0 
610 0.0531412760417 0.137400309245 0.027089436849 0.0 0.0 0.0781453450521 0.223693847656 0.00759887695312 0.0 0.0 0.159088134766 0.0824483235677 0.0509643554688 0.0 0.0294392903646 0.375966389974 0.220692952474 0.00215657552083 0.0 0.0 0.0106099446615 0.0691426595052 0.12440999349 0.0 0.0 
635 0.0531412760417 0.18500773112 0.160949707031 0.0 0.000254313151042 0.019765218099 0.0735168457031 0.0137634277344 0.0 0.0 0.129964192708 0.34873453776 0.0146891276042 0.0 0.0267028808594 0.13926188151 0.00641886393229 0.000996907552083 0.0 0.0 0.0604960123698 0.0954081217448 0.32905069987 0.0 0.0 
649 0.0531412760417 0.051503499349 0.0 7.12076822917e-05 0.00426228841146 0.029042561849 0.0 0.0160013834635 0.0 0.0 0.0 0.459350585938 0.0472513834635 0.0 0.0 0.172475179036 0.00600179036458 0.0 0.00169881184896 0.0 0.0 0.0 0.170776367188 0.0 0.0 
674 0.0531412760417 0.0342203776042 0.0 0.000172932942708 0.0 0.0274454752604 0.00160725911458 0.0018310546875 0.0 1.01725260417e-05 0.0 0.247731526693 0.000864664713542 0.0 0.0 0.0791727701823 0.000701904296875 0.0 0.0 0.000284830729167 0.0 0.0 0.107798258464 0.0 0.0 
760 0.0531412760417 0.227884928385 0.0625915527344 0.0 0.0 0.00313313802083 0.217508951823 0.06689453125 0.0 0.0 0.288350423177 0.210245768229 0.0259806315104 0.0 0.0 0.0263163248698 0.0628967285156 0.106974283854 0.0 0.0 0.110209147135 0.0338338216146 0.0225423177083 0.0 0.0 
885 0.0531412760417 0.156382242839 0.0311381022135 0.0 0.0 0.0686848958333 0.138214111328 0.0626831054688 0.0 0.00396728515625 0.158538818359 0.172475179036 0.115580240885 0.0 0.0 0.0250752766927 0.0647989908854 0.00902303059896 0.0 0.183166503906 0.0759989420573 0.0380554199219 0.00498453776042 0.0 0.0 
934 0.0531412760417 0.264414469401 0.00286865234375 0.0 0.0 0.0006103515625 0.0162760416667 0.0408935546875 0.0 0.0268351236979 0.0 0.5859375 0.0 0.0 0.0 0.323465983073 3.0517578125e-05 0.187632242839 0.00469970703125 0.0 0.0 0.0037841796875 0.0 1.01725260417e-05 2.03450520833e-05 
959 0.0531412760417 0.174346923828 0.0293884277344 0.0 0.0 0.0244750976562 7.12076822917e-05 0.0675150553385 0.000325520833333 0.00686645507812 0.0 0.637563069661 0.0 0.0 0.0 0.0539347330729 0.00893147786458 0.267262776693 0.105885823568 0.0 0.0 0.0725911458333 0.0 0.0198567708333 0.00163777669271 
963 0.0531412760417 0.048817952474 0.0 0.262023925781 0.0 0.0 0.22519938151 0.0 0.00786336263021 0.000101725260417 0.0 0.272989908854 0.0 0.0 0.0141194661458 0.0907084147135 0.0 0.0 0.0503946940104 0.0 0.0133056640625 0.0 0.0 0.132527669271 0.0 
984 0.0531412760417 0.117584228516 0.00636800130208 0.0 0.0 0.0379638671875 0.0 0.0155029296875 0.0 0.0120035807292 0.00958251953125 0.682576497396 0.0 0.0 0.0 0.228332519531 0.000579833984375 0.400034586589 0.0 3.0517578125e-05 0.0 0.106160481771 0.0 0.00205485026042 0.00775146484375 
