Leaf
425 0.00897216796875 0.0 0.0 0.0320638020833 0.0 0.0 0.0079345703125 3.0517578125e-05 0.0 0.00582885742188 0.0458374023438 0.0 0.0 0.0 0.0349934895833 0.0 0.0 0.0 0.421803792318 0.0 0.00144449869792 0.0 0.0 0.0 0.441090901693 
405 0.0178731282552 0.0 0.0 0.0606079101562 0.0 0.0 0.000742594401042 1.01725260417e-05 0.0 0.00564575195312 0.0651041666667 0.0 0.0 0.00229899088542 0.0434977213542 0.0 0.0 0.0 0.243398030599 0.0 0.000834147135417 0.0 0.0 0.0 0.559987386068 
410 0.0561319986979 0.0 0.0 0.00898234049479 0.0 0.0 1.01725260417e-05 1.01725260417e-05 0.0 0.0840047200521 0.048828125 0.0 0.0 0.0048828125 0.0238037109375 0.00145467122396 0.00198364257812 0.0 0.178334554036 0.000223795572917 0.00541178385417 0.0 0.0 0.0 0.5859375 
414 0.0437418619792 0.0 0.0 0.0796101888021 0.0 0.0 0.00187174479167 0.0 0.0 0.00152587890625 0.0407002766927 0.0 0.0 0.000732421875 0.0274353027344 0.0 0.0 0.0 0.197845458984 0.0 0.00215657552083 0.0 0.0 0.0 0.604380289714 
415 0.0137939453125 0.0 0.0 0.0496520996094 0.0 0.0 0.0 0.000111897786458 0.0 0.00600179036458 0.0331624348958 0.0 0.0 0.0160115559896 0.0132446289062 0.0 0.0 0.000325520833333 0.243733723958 0.0 0.0130106608073 0.0 0.0 0.0 0.610951741536 
422 0.0193583170573 0.0 0.0 0.0958862304688 0.0 0.0 0.000467936197917 1.01725260417e-05 0.0 0.0575866699219 0.0652669270833 0.0 0.0 0.0384623209635 0.0209350585938 0.0 3.0517578125e-05 0.000162760416667 0.136810302734 0.0 0.0135091145833 0.0 0.0 0.0 0.551513671875 
423 0.00679524739583 0.0 0.0 0.0257771809896 0.0 0.0 0.0 0.0172322591146 0.0 1.01725260417e-05 0.00629679361979 4.06901041667e-05 0.0 0.00627644856771 0.0226745605469 0.0 0.0 0.00194295247396 0.272989908854 0.0 0.00121053059896 0.0 0.0 0.0 0.638753255208 
426 0.0274861653646 0.0 0.0 0.0323689778646 0.0 0.0 0.0 0.0 0.0 0.118794759115 0.0464070638021 0.0 0.0 0.0371602376302 0.0127156575521 0.0 0.00820922851562 0.0 0.171010335286 0.0 0.0225321451823 0.0 0.0 0.0 0.523315429688 
441 0.00904337565104 0.0 0.0 0.0601704915365 0.0 0.0 1.01725260417e-05 0.00682576497396 0.0 0.00258382161458 0.0315755208333 0.0 0.0 0.0238444010417 0.0302022298177 0.0 0.0 0.00407918294271 0.197845458984 0.0 0.0157979329427 0.0 0.0 0.0 0.618021647135 
445 0.0111490885417 0.0 0.0 0.0663146972656 0.0 0.0 0.0 0.0 0.0 0.0401611328125 0.0724080403646 0.0 0.0 0.0199788411458 0.0252583821615 0.0 1.01725260417e-05 0.0 0.20155843099 0.0 0.0109049479167 0.0 0.0 0.0 0.552256266276 
450 0.00844319661458 0.0 0.0 0.0108235677083 0.0 0.0 0.0 0.0 0.0 0.03857421875 0.00582885742188 0.0 0.0 0.0509236653646 0.0146789550781 0.0 1.01725260417e-05 0.00349934895833 0.226531982422 0.0 0.0133565266927 0.0 0.0 0.0 0.627329508464 
475 0.046885172526 0.0 0.0 0.0203755696615 0.0 0.0 0.0 0.0 0.0 0.104827880859 0.00611368815104 0.0 0.0 0.0375162760417 0.00628662109375 0.0 0.00136311848958 0.00163777669271 0.165120442708 2.03450520833e-05 0.0282592773438 0.0 0.0 0.0 0.58159383138 
486 0.0403442382812 0.0 0.0 0.0792439778646 0.0 0.0 0.000386555989583 0.0 0.0 0.0107218424479 0.0628967285156 0.0 0.0 0.00814819335938 0.0231424967448 0.0 0.0 0.0 0.260325113932 0.0 0.00310262044271 0.0 0.0 0.0 0.511688232422 
487 0.0203755696615 0.0 0.0 0.0586242675781 0.0 0.0 0.0 0.00274658203125 0.0 0.00517781575521 0.0609232584635 0.0 0.0 0.00156656901042 0.031005859375 0.0 0.0 0.0 0.250559488932 0.0 0.000895182291667 0.0 0.0 0.0 0.568125406901 
496 0.0117390950521 0.0 0.0 0.0332438151042 0.0 0.0 0.0 0.00260416666667 0.0 0.0114339192708 0.0261027018229 0.0 0.0 0.0182291666667 0.0146077473958 0.0 2.03450520833e-05 0.0 0.244689941406 0.0 0.0263468424479 0.0 0.0 0.0 0.610982259115 
599 0.0391031901042 0.0 0.0 0.0979817708333 0.0 0.0 0.000223795572917 0.000244140625 0.0 0.0167338053385 0.0931498209635 0.0 0.0 0.021250406901 0.162129720052 0.0 0.00244140625 0.0 0.0904134114583 0.0 0.0232340494792 0.0 0.0 0.0 0.453094482422 
995 0.0395304361979 0.0 0.0 0.072998046875 0.0 0.0 0.000264485677083 0.0144348144531 0.0 0.0547993977865 0.106190999349 0.0 0.0 0.00514729817708 0.140289306641 0.0 0.0149637858073 1.01725260417e-05 0.0520528157552 0.0 0.0523681640625 0.0 0.0 0.0 0.446950276693 
