Leaf
309 0.0531412760417 0.217112223307 0.0250447591146 0.0 0.0 0.108459472656 0.0 0.0965067545573 0.0 0.263834635417 0.000539143880208 0.00900268554688 0.0 0.00752766927083 0.0 0.418863932292 0.000101725260417 0.274637858073 0.0 0.0 0.0 0.185546875 0.0 0.000274658203125 0.00685628255208 
164 0.0531412760417 0.0247599283854 0.214345296224 6.103515625e-05 0.00592041015625 0.0355529785156 0.117584228516 9.1552734375e-05 0.0 0.0 0.0 0.0 0.00636800130208 0.013417561849 0.00130208333333 0.347279866536 0.0174255371094 0.0475056966146 0.0 0.0 0.0 0.000579833984375 0.0 0.0 0.0 
59 0.0531412760417 0.181355794271 0.0741373697917 0.0 0.0 0.0679931640625 0.0 0.059336344401 0.00138346354167 1.01725260417e-05 0.0 0.051503499349 0.0 0.0 0.0 0.156382242839 0.0378926595052 0.245127360026 0.0 0.0 0.0 0.123708089193 0.0 0.00347900390625 0.00910441080729 
34 0.0531412760417 0.191569010417 0.01904296875 0.0 0.0 0.0743916829427 0.0 0.0420633951823 0.0 0.000864664713542 0.000417073567708 0.0164286295573 0.0 0.0 0.0 0.207234700521 0.00466918945312 0.170379638672 0.0 0.0 0.0 0.10551961263 0.0 0.0450744628906 0.0324910481771 
134 0.0531412760417 0.227366129557 0.0873311360677 0.0 0.0 0.0863545735677 0.0 0.126861572266 0.0 0.000233968098958 0.0 0.00954182942708 0.0 0.0117899576823 0.0 0.079111735026 0.00774129231771 0.20166015625 0.0 0.0 0.0 0.113413492839 0.0 0.0 0.00148518880208 
184 0.0531412760417 0.166107177734 0.0451863606771 0.0 0.0 0.0503133138021 0.0 0.0475260416667 0.000498453776042 0.0 0.0 0.0302022298177 0.0 0.00228881835938 0.0 0.176300048828 0.0 0.197336832682 0.0 0.0 0.0 0.353688557943 2.03450520833e-05 9.1552734375e-05 0.000579833984375 
209 0.0531412760417 0.274658203125 0.002197265625 0.0 4.06901041667e-05 0.0887145996094 0.0 0.0842081705729 0.0 0.00260416666667 0.00377400716146 0.0475565592448 6.103515625e-05 0.000946044921875 0.0 0.408477783203 0.0 0.199330647786 0.0 0.0 0.0 0.154581705729 0.0 0.000630696614583 0.0 
234 0.0531412760417 0.106068929036 0.0186360677083 0.0 0.0 0.026621500651 0.00270589192708 0.0180867513021 0.000630696614583 0.000233968098958 0.0 0.0108439127604 0.00217692057292 0.0 0.0 0.274271647135 0.0 0.0300699869792 0.0 0.0 0.0 0.185312906901 0.0 0.00118001302083 9.1552734375e-05 
239 0.0531412760417 0.0688069661458 0.244384765625 3.0517578125e-05 0.00465901692708 0.155080159505 0.237314860026 0.0 0.00156656901042 0.0 0.00108846028646 0.0 0.033437093099 1.01725260417e-05 0.0 0.35888671875 0.000233968098958 0.0222473144531 0.0 0.00165812174479 0.0 0.0 0.0 0.0 0.0 
259 0.0531412760417 0.18696085612 0.0115356445312 0.0 0.0 0.0154825846354 0.0 0.124867757161 0.0 0.00107828776042 0.0 0.0112101236979 0.0 0.0 0.0 0.354420979818 0.0 0.152465820312 0.0 0.0 0.0 0.223459879557 0.0 3.0517578125e-05 0.0 
334 0.0531412760417 0.141713460286 0.0833638509115 0.0 0.0 0.119354248047 0.00258382161458 0.0166219075521 0.0 0.0233561197917 0.0 0.0025634765625 0.0 0.000193277994792 0.0 0.30527750651 0.0 0.0768432617188 0.0 0.0 0.0 0.156626383464 0.0 0.0226135253906 0.0167338053385 
359 0.0531412760417 0.0220540364583 0.0408020019531 0.0 0.0 0.0724283854167 0.0 0.0488688151042 0.0 0.0697835286458 0.0 0.00892130533854 0.0 0.0 0.0 0.240631103516 0.0 0.121337890625 0.0 0.0 0.0 0.193247477214 0.0 0.000111897786458 0.00953165690104 
364 0.0531412760417 0.377227783203 0.242848714193 3.0517578125e-05 0.000345865885417 0.207580566406 0.19145711263 0.0 0.0 0.0 0.0 0.0 0.00886027018229 0.00018310546875 0.0 0.186350504557 0.0167541503906 0.017323811849 0.0 4.06901041667e-05 0.0 0.0 0.0 0.000956217447917 0.0 
384 0.0531412760417 0.209747314453 0.00617472330729 0.0 0.0 0.0743204752604 3.0517578125e-05 0.0156453450521 0.0 0.00218709309896 0.0 0.00110880533854 0.0 0.0 0.0 0.260131835938 0.0 0.16796875 0.0 0.0 0.0 0.0393981933594 0.0 0.00835164388021 0.00691731770833 
409 0.0531412760417 0.421315511068 0.0355326334635 0.0 9.1552734375e-05 0.0479838053385 0.0 0.0154520670573 0.0 0.135752360026 0.0 0.00079345703125 0.0 0.0 0.0 0.00425211588542 0.0 0.141255696615 0.0 0.0 0.0 0.152089436849 0.0238952636719 0.000132242838542 0.00416056315104 
434 0.0531412760417 0.167012532552 0.179962158203 0.0 0.0 0.153767903646 0.147969563802 0.000396728515625 0.0 0.0176595052083 0.000742594401042 0.00660196940104 0.0 0.0 0.0 0.145874023438 0.0 0.265177408854 0.0 1.01725260417e-05 0.0 0.260823567708 0.0 0.0121358235677 1.01725260417e-05 
459 0.0531412760417 0.149241129557 0.0221048990885 0.0 0.0 0.0478820800781 0.0020751953125 0.00863647460938 0.0 0.221893310547 0.0 0.000376383463542 0.0 0.0 0.0 0.0968627929688 0.0 0.0912679036458 0.000478108723958 6.103515625e-05 0.0 0.210306803385 0.0 1.01725260417e-05 0.0 
484 0.0531412760417 0.136301676432 0.0135091145833 0.0 0.0 0.159047444661 0.0 0.000518798828125 0.0 0.0018310546875 0.0018310546875 0.0455017089844 0.0 0.0 0.0 0.0458780924479 0.0 0.219024658203 0.0 0.000233968098958 0.0 0.014170328776 0.0 0.0 0.00358072916667 
534 0.0531412760417 0.203969319661 0.0124206542969 0.0 0.000742594401042 0.308339436849 0.00522867838542 0.00121053059896 0.0 0.0182698567708 0.0 0.0 0.0 0.0 0.0 0.134338378906 0.000518798828125 0.153574625651 0.0 0.0 0.0 0.0384216308594 0.0 0.000834147135417 0.00904337565104 
609 0.0531412760417 0.109049479167 0.0158386230469 0.0 0.0 0.0183308919271 0.017344156901 0.0151977539062 3.0517578125e-05 0.000223795572917 0.0 0.0150960286458 0.0 0.0 0.0 0.374684651693 0.000111897786458 0.0796101888021 0.0 0.0 0.0 0.0209350585938 0.0 0.00156656901042 0.000966389973958 
634 0.0531412760417 0.220499674479 0.0169474283854 0.0 0.0 0.00984700520833 0.0 0.038075764974 0.0 0.0268147786458 0.000295003255208 0.0137736002604 0.0 0.00155639648438 0.0 0.340372721354 0.0 0.0334981282552 0.0 0.0 0.0 0.282674153646 0.0 0.0234578450521 0.00523885091146 
659 0.0531412760417 0.201507568359 0.13173421224 0.0 0.0 0.191477457682 0.0 0.0196634928385 0.0 1.01725260417e-05 0.0 0.00816853841146 0.0 2.03450520833e-05 0.0 0.177286783854 0.0 0.0494486490885 0.0 0.0 0.0 0.289805094401 0.0 4.06901041667e-05 0.0707499186198 
753 0.0531412760417 0.452626546224 0.000437418619792 0.00327555338542 0.0 0.000681559244792 0.00846354166667 0.0 0.0299479166667 0.0 0.0 0.0 0.0 0.168914794922 0.0029296875 0.152903238932 0.0 0.0 0.0 0.00574747721354 0.00703938802083 0.00930786132812 0.0167643229167 0.0 0.0 
778 0.0531412760417 0.308502197266 0.000101725260417 0.0247497558594 0.0 0.0 0.000356038411458 0.0 0.0387573242188 0.0 0.0 0.0 0.0 0.0150756835938 0.00563557942708 0.171844482422 0.0 0.0 0.0 0.00466918945312 0.0216979980469 0.180928548177 0.0380452473958 0.0 0.0 
789 0.0531412760417 0.161834716797 0.200286865234 0.00283813476562 0.0206909179688 0.003173828125 0.0343526204427 0.0 0.0 0.0 0.048583984375 0.0 0.107350667318 1.01725260417e-05 0.0 0.0619608561198 0.0102742513021 0.238525390625 0.0 0.00244140625 0.0 0.0093994140625 0.0 0.0 0.00818888346354 
839 0.0531412760417 0.195190429688 0.116058349609 0.0192464192708 0.073496500651 0.00746663411458 0.00548299153646 0.0 0.0 0.0 0.0255432128906 0.0125427246094 0.00616455078125 0.00140380859375 0.0 0.0438435872396 7.12076822917e-05 0.171854654948 0.0 0.0247294108073 0.0 0.0 0.0 0.0 0.0 
864 0.0531412760417 0.305928548177 0.0667419433594 0.000773111979167 0.00218709309896 0.024403889974 0.0493570963542 0.0 0.0 0.0 0.0 0.00679524739583 0.197845458984 0.00662231445312 0.0 0.254313151042 0.0167338053385 0.0674438476562 0.0 0.0 0.0 0.0 0.0 0.0 0.0 
909 0.0531412760417 0.353017171224 0.0128377278646 0.0 0.0 0.0233154296875 0.0 0.0201009114583 0.0 0.00465901692708 0.000162760416667 0.0496826171875 0.0 0.00113932291667 0.0 0.39316813151 0.0 0.102498372396 0.047353108724 0.0 0.0 0.00862630208333 0.0 0.0 0.000254313151042 
