Leaf
408 0.0313415527344 0.0 0.0 0.117940266927 0.0 0.0 9.1552734375e-05 0.00605265299479 0.0 0.0306803385417 0.0771280924479 0.0 0.0 0.0323893229167 0.0272115071615 0.0 0.0 0.0 0.0140889485677 0.0 0.195485432943 0.0 0.0 0.0 0.467590332031 
402 0.000935872395833 0.0 0.0 0.000132242838542 0.0 0.0 0.0 0.0 0.0 0.0484110514323 0.00691731770833 0.0 0.0 0.0608825683594 0.0182393391927 0.0 0.000356038411458 0.0015869140625 0.00616455078125 0.000813802083333 0.29502360026 0.0 0.0 0.000712076822917 0.559824625651 
411 0.0156860351562 0.0 0.0 0.0531921386719 0.0 0.0 0.0 0.0 0.0 0.0180969238281 0.0553588867188 0.0 0.0 0.00426228841146 0.0235392252604 0.0 0.0 0.0 0.0190633138021 0.0 0.274037679036 0.0 0.0 0.0 0.536763509115 
421 0.00832112630208 0.0 0.0 0.00192260742188 0.0 0.0 0.0 0.0 0.0 0.0336405436198 0.00284830729167 0.0 0.0 0.0479634602865 0.00403849283854 0.0 0.000457763671875 0.0029296875 0.11328125 0.0 0.147033691406 0.0 0.0 0.0 0.637563069661 
433 0.0164388020833 0.0 0.0 0.0252888997396 0.0 0.0 0.0 0.0 0.0 0.0311381022135 0.0124816894531 0.0 0.0 0.0298258463542 0.0213623046875 0.0 0.0 0.00119018554688 0.009033203125 0.0 0.191345214844 0.0 0.0 0.0 0.661895751953 
436 0.00987752278646 0.0 0.0 0.0886535644531 0.0 0.0 0.0 0.00140380859375 0.0 0.0163065592448 0.0213521321615 0.0 0.0 0.0284118652344 0.0230712890625 0.0 0.0 0.0 0.0341796875 0.0 0.14262898763 0.0 0.0 0.0 0.634114583333 
437 0.00477091471354 0.0 0.0 0.0347798665365 0.0 0.0 0.0 2.03450520833e-05 0.0 0.0255839029948 0.0279439290365 0.0 0.0 0.0243123372396 0.036122639974 0.0 0.0 1.01725260417e-05 0.0413920084635 0.0 0.201426188151 0.0 0.0 0.0 0.603637695312 
443 0.0207316080729 0.0 0.0 0.0260111490885 0.0 0.0 0.0 0.0 0.0 0.0725301106771 0.0254618326823 0.0 0.0 0.0240783691406 0.0109558105469 0.0 0.000274658203125 0.0 0.0706176757812 0.0 0.159006754557 0.0 0.0 0.0 0.59033203125 
449 0.0176798502604 0.0 0.0 0.112670898438 0.0 0.0 0.0 0.00662231445312 0.0 0.0281168619792 0.0362447102865 0.0 0.0 0.043467203776 0.0265502929688 0.0 0.0 0.0 0.0650329589844 0.0 0.0738118489583 0.0 0.0 0.0 0.589803059896 
451 0.02880859375 0.0 0.0 0.0394694010417 0.0 0.0 0.00125122070312 6.103515625e-05 0.0 0.00937906901042 0.0356750488281 0.0 0.0 0.000325520833333 0.026112874349 0.0 0.0 0.0 0.0762329101562 0.0 0.152903238932 0.0 0.0 0.0 0.62978108724 
452 0.0326639811198 0.0 0.0 0.05078125 0.0 0.0 0.0 0.000142415364583 0.0 0.0319620768229 0.0176696777344 0.0 0.0 0.0302530924479 0.0130513509115 0.0 0.0 0.0 0.0170389811198 0.0 0.203481038411 0.0 0.0 0.0 0.602956136068 
455 0.058095296224 0.0 0.0 0.0594380696615 0.0 0.0 0.0 0.0 0.0 0.0877075195312 0.0126546223958 0.0 0.0 0.0481974283854 0.0338134765625 0.0 6.103515625e-05 0.000132242838542 0.0232238769531 0.0 0.169209798177 0.0 0.0 0.0 0.507466634115 
458 0.0137125651042 0.0 0.0 0.0137736002604 0.0 0.0 0.0 0.0 0.0 0.0571594238281 0.0223795572917 0.0 0.0 0.0499165852865 0.0237731933594 0.0 0.000396728515625 0.00042724609375 0.011708577474 0.0 0.249359130859 0.0 0.0 0.0 0.557393391927 
459 0.0291849772135 0.0 0.0 0.0228474934896 0.0 0.0 0.0 1.01725260417e-05 0.0 0.0382893880208 0.0149230957031 0.0 0.0 0.0277811686198 0.0164896647135 0.0 0.000569661458333 0.000254313151042 0.00725301106771 0.0 0.279602050781 0.0 0.0 0.0 0.562795003255 
461 0.0404663085938 0.0 0.0 0.023447672526 0.0 0.0 0.0 0.0 0.0 0.0479227701823 0.0152791341146 0.0 0.0 0.0316569010417 0.0110778808594 0.0 4.06901041667e-05 0.000417073567708 0.0246988932292 0.0 0.222452799479 0.0 0.0 0.0 0.582539876302 
462 0.0360209147135 0.0 0.0 0.0230000813802 0.0 0.0 0.0 0.0 0.0 0.0313212076823 0.0118306477865 0.0 0.0 0.0230916341146 0.0137736002604 0.0 9.1552734375e-05 0.00018310546875 0.00438435872396 0.0 0.30913289388 0.0 0.0 0.0 0.547170003255 
463 0.0150248209635 0.0 0.0 0.019775390625 0.0 0.0 0.0 0.00172932942708 0.0 0.00759887695312 0.0103759765625 0.0 0.0 0.0191955566406 0.012440999349 0.0 0.0 0.00111897786458 0.0276997884115 0.0 0.197377522786 0.0 0.0 2.03450520833e-05 0.687642415365 
466 0.0147298177083 0.0 0.0 0.0418090820312 0.0 0.0 4.06901041667e-05 0.00381469726562 0.0 0.00255330403646 0.0254414876302 0.0 0.0 0.0187479654948 0.0304768880208 0.0 0.0 3.0517578125e-05 0.0521545410156 0.0 0.171844482422 0.0 0.0 0.0 0.638356526693 
468 0.0240681966146 0.0 0.0 0.0365397135417 0.0 0.0 0.0158081054688 0.0 0.0 0.0116577148438 0.055918375651 0.0 0.0 0.0135498046875 0.0123799641927 0.0 0.0 0.0 0.0185750325521 0.0 0.164967854818 0.0 0.0 0.0 0.64653523763 
471 0.0233154296875 0.0 0.0 0.0130208333333 0.0 0.0 0.0 0.0 0.0 0.079844156901 0.013682047526 0.0 0.0 0.0246378580729 0.0124206542969 0.0 0.00185139973958 0.0 0.115061442057 0.0 0.106669108073 0.0 0.0 0.0 0.609497070312 
479 0.00859578450521 0.0 0.0 0.00857543945312 0.0 0.0 0.0 0.0 0.0 0.0590209960938 0.0172322591146 0.0 0.0 0.0297241210938 0.0211181640625 0.0 0.000681559244792 0.0 0.0148315429688 0.0 0.181915283203 0.0 0.0 0.0 0.65830485026 
482 0.0134887695312 0.0 0.0 0.0359191894531 0.0 0.0 0.0 0.000539143880208 0.0 0.0502522786458 0.0203348795573 0.0 0.0 0.0367635091146 0.0223693847656 0.0 2.03450520833e-05 0.0 0.0145568847656 0.0 0.188313802083 0.0 0.0 0.0 0.617441813151 
485 0.0305684407552 0.0 0.0 0.0267130533854 0.0 0.0 0.0 0.0 0.0 0.0804951985677 0.0211995442708 0.0 0.0 0.0291442871094 0.0137227376302 0.0 0.00118001302083 0.0 0.0344034830729 0.0 0.226420084635 0.0 0.0 0.0 0.536153157552 
490 0.0135294596354 0.0 0.0 0.0404154459635 0.000172932942708 0.0 0.0 0.00144449869792 0.0 0.00686645507812 0.0575358072917 0.0 0.0 0.0130004882812 0.0355224609375 0.0 0.000315348307292 0.0 0.0199483235677 0.0 0.165985107422 0.0 0.0 0.0 0.645263671875 
492 0.0353088378906 0.0 0.0 0.0562744140625 0.0 0.0 0.0 0.0 0.0 0.0160217285156 0.0513509114583 0.0 0.0 0.00274658203125 0.0124715169271 0.0 0.00185139973958 0.0 0.0165506998698 4.06901041667e-05 0.209798177083 0.0 0.0 0.0 0.597585042318 
493 0.00754801432292 0.0 0.0 0.00536092122396 0.0 0.0 0.0 0.0 0.0 0.0245768229167 0.00369262695312 0.0 0.0 0.035166422526 0.00517781575521 0.0 0.000661214192708 0.00468953450521 0.0729166666667 7.12076822917e-05 0.261393229167 0.0 0.0 0.000295003255208 0.578450520833 
495 0.0150858561198 0.0 0.0 0.0381774902344 0.0 0.0 0.0 5.08626302083e-05 0.0 0.0134073893229 0.029551188151 0.0 0.0 0.0420735677083 0.0156046549479 0.0 0.0 0.00030517578125 0.108957926432 0.0 0.116200764974 0.0 0.0 0.0 0.620585123698 
497 0.00721232096354 0.0 0.0 0.00601196289062 0.0 0.0 0.0 0.0 0.0 0.0431518554688 0.0113728841146 0.0 0.0 0.0492451985677 0.0169372558594 0.0 0.000478108723958 0.000325520833333 0.0484415690104 0.0 0.203786214193 0.0 0.0 0.0 0.613037109375 
