Leaf
30 0.0531412760417 0.0 0.13286336263 0.0 0.00339762369792 0.219268798828 0.0 0.137939453125 0.00905354817708 0.141794840495 0.194030761719 0.0 0.153869628906 0.001220703125 0.0654296875 0.376810709635 0.0 0.207234700521 0.00594075520833 0.0858256022135 0.351013183594 0.0 0.083750406901 0.0 0.049082438151 
5 0.0531412760417 0.0 0.192413330078 0.021982828776 0.105743408203 0.142730712891 0.0 0.16347249349 0.000356038411458 0.101501464844 0.174550374349 0.0 0.13286336263 0.000457763671875 0.117268880208 0.0903116861979 0.0 0.254119873047 0.0 0.0945332845052 0.177205403646 0.0 0.089589436849 0.0 0.00339762369792 
10 0.0531412760417 0.192413330078 0.105743408203 0.0 0.000356038411458 0.174550374349 0.13286336263 0.117268880208 0.0 0.0 0.177205403646 0.089589436849 0.00339762369792 0.0 0.000712076822917 0.219268798828 0.118804931641 0.0743916829427 0.0 0.00901285807292 0.107615152995 0.137939453125 0.0394287109375 0.0 0.00905354817708 
15 0.0531412760417 0.021982828776 0.0 0.101501464844 0.13286336263 0.0903116861979 0.0 0.0 0.00339762369792 0.111633300781 0.219268798828 8.13802083333e-05 0.0 0.04736328125 0.137939453125 0.160186767578 0.00905354817708 0.0 0.141794840495 0.0785115559896 0.194030761719 0.010996500651 0.0 0.051259358724 0.153869628906 
40 0.0531412760417 0.000356038411458 0.0 0.00339762369792 0.118804931641 0.107615152995 0.00905354817708 0.0 0.0416463216146 0.153869628906 0.218882242839 0.00636800130208 0.0 0.101003011068 0.199198404948 0.351013183594 9.1552734375e-05 0.0 0.049082438151 0.227884928385 0.267262776693 0.0 0.0 0.0503133138021 0.117319742839 
55 0.0531412760417 0.0 0.089589436849 8.13802083333e-05 0.0394287109375 0.0585428873698 0.0 0.0732828776042 0.00636800130208 0.146799723307 0.115214029948 0.0 0.083750406901 0.0 0.0294189453125 0.0546875 0.0 0.0579732259115 0.00602213541667 0.0887145996094 0.352762858073 0.0 0.0971984863281 0.0732218424479 0.10097249349 
60 0.0531412760417 0.13286336263 0.00339762369792 0.0 0.00905354817708 0.194030761719 0.153869628906 0.0654296875 0.0 0.00594075520833 0.351013183594 0.083750406901 0.049082438151 0.0 0.0 0.179128011068 0.117319742839 0.0399068196615 0.0 0.00177001953125 0.20849609375 0.0472920735677 0.10097249349 0.0 0.0146179199219 
65 0.0531412760417 0.000457763671875 0.0 0.04736328125 0.112436930339 0.207682291667 0.001220703125 0.0 0.101003011068 0.158355712891 0.158752441406 0.0 0.0 0.0704447428385 0.0413920084635 0.181894938151 0.00116984049479 0.0 0.026621500651 0.162516276042 0.0658264160156 0.0128072102865 0.0 0.139831542969 0.10004679362 
80 0.0531412760417 0.0 0.118804931641 0.00905354817708 0.0416463216146 0.218882242839 0.0 0.199198404948 9.1552734375e-05 0.049082438151 0.267262776693 0.0 0.117319742839 0.00116984049479 0.00722249348958 0.20849609375 0.0 0.0448811848958 0.0146179199219 0.0625915527344 0.183135986328 0.0 0.339497884115 0.0 0.0743204752604 
85 0.0531412760417 0.254119873047 0.0743916829427 0.0 0.000417073567708 0.25205485026 0.207234700521 0.0740356445312 0.0 0.0 0.041758219401 0.0579732259115 0.0399068196615 0.0 0.00552368164062 0.190724690755 0.0448811848958 0.039540608724 0.0 0.0 0.203277587891 0.234558105469 0.0132446289062 0.0 0.0227864583333 
90 0.0531412760417 0.0 0.0 0.141794840495 0.153869628906 0.376810709635 0.00594075520833 0.0 0.049082438151 0.0989786783854 0.179128011068 0.00602213541667 0.0 0.026621500651 0.0472920735677 0.133107503255 0.0146179199219 0.0 0.169067382812 0.173502604167 0.181549072266 0.000162760416667 0.0 0.0858866373698 0.155873616536 
105 0.0531412760417 0.0 0.137939453125 0.010996500651 0.0654296875 0.138173421224 0.0 0.184438069661 0.0 0.0723978678385 0.290384928385 0.0 0.0472920735677 0.0128072102865 0.043446858724 0.179880777995 0.0 0.234558105469 0.000162760416667 0.010487874349 0.270680745443 0.0 0.300659179688 0.0 0.0773111979167 
110 0.0531412760417 0.089589436849 0.0394287109375 0.0 0.00636800130208 0.115214029948 0.083750406901 0.0294189453125 0.0 0.00602213541667 0.352762858073 0.0971984863281 0.10097249349 0.0 0.00179036458333 0.289866129557 0.339497884115 0.0132446289062 0.0 0.00377400716146 0.0780334472656 0.300659179688 0.159047444661 0.0 0.0282491048177 
115 0.0531412760417 0.0 0.0 0.051259358724 0.0791422526042 0.139770507812 0.0 0.0 0.0503133138021 0.0836893717448 0.420145670573 0.0732218424479 0.0 0.139831542969 0.139373779297 0.299357096354 0.0 0.0 0.0858866373698 0.0817260742188 0.0699768066406 0.0 0.0 0.110158284505 0.176300048828 
120 0.0531412760417 0.00339762369792 0.00905354817708 0.153869628906 0.0 0.351013183594 0.049082438151 0.0 0.117319742839 0.0 0.20849609375 0.10097249349 0.0146179199219 0.10004679362 0.0 0.181549072266 0.0743204752604 0.0227864583333 0.155873616536 0.0 0.0460815429688 0.0773111979167 0.0282491048177 0.176300048828 0.0 
135 0.0531412760417 0.111633300781 0.141794840495 0.0 0.00594075520833 0.158325195312 0.0989786783854 0.0723978678385 0.0 0.00798543294271 0.133107503255 0.0954386393229 0.169067382812 0.0 0.000162760416667 0.263478597005 0.155873616536 0.0478820800781 0.0 0.0 0.0334676106771 0.515828450521 0.0395914713542 0.0 1.01725260417e-05 
155 0.0531412760417 0.0 0.078623453776 0.0582784016927 0.141286214193 0.11610921224 0.0 0.093007405599 0.0 0.0307210286458 0.192413330078 0.0 0.22797648112 0.012451171875 0.153767903646 0.173970540365 0.0 0.0155843098958 0.0 0.0110982259115 0.0692240397135 0.0 0.189168294271 0.0126444498698 0.00612386067708 
160 0.0531412760417 0.118804931641 0.0416463216146 0.0 9.1552734375e-05 0.267262776693 0.117319742839 0.00722249348958 0.0 0.0146179199219 0.183135986328 0.339497884115 0.0743204752604 0.0 0.0 0.0460815429688 0.261901855469 0.0291646321615 0.0 0.0 0.118642171224 0.455546061198 0.0196940104167 0.0 0.0 
185 0.0531412760417 0.0914204915365 0.000295003255208 0.0 0.00360107421875 0.168304443359 0.0133056640625 0.0154825846354 0.0 0.000630696614583 0.214660644531 0.0889994303385 0.0195719401042 0.0 0.0 0.0954081217448 0.298207600911 0.00214640299479 0.0 0.0062255859375 0.033203125 0.354420979818 0.0146484375 0.0 0.0 
210 0.0531412760417 0.137939453125 0.0654296875 0.0 0.0 0.290384928385 0.0472920735677 0.043446858724 0.0 0.000162760416667 0.270680745443 0.300659179688 0.0773111979167 0.0 0.0 0.0 0.455546061198 0.0531209309896 0.0 0.0 0.131418863932 0.551584879557 0.0186971028646 0.0 0.0 
235 0.0531412760417 0.24745686849 0.063730875651 0.0 0.0159200032552 0.0785217285156 0.0873514811198 0.044677734375 0.0 0.0 0.0642395019531 0.0926411946615 0.0206502278646 0.0 0.0 0.186238606771 0.463419596354 0.101684570312 0.0 0.0 0.132731119792 0.513326009115 0.0470275878906 0.0 0.0 
260 0.0531412760417 0.112436930339 0.101003011068 0.0 0.00116984049479 0.0658264160156 0.10004679362 0.207580566406 0.0 0.0 0.0265808105469 0.120544433594 0.000406901041667 0.0 0.0 0.0262552897135 0.434509277344 0.083017985026 0.0 6.103515625e-05 0.298736572266 0.186350504557 0.0862731933594 0.0 0.0 
279 0.0531412760417 0.00660196940104 0.0 0.0 0.000233968098958 0.0307210286458 0.0128987630208 0.180531819661 0.0387674967448 0.0 0.0 0.000712076822917 0.0 0.0 0.0176595052083 0.159088134766 0.142761230469 0.000223795572917 0.0 0.0 0.0 0.542521158854 0.0186665852865 0.0 0.0 
285 0.0531412760417 0.0785115559896 0.0858256022135 0.0 0.00177001953125 0.29872639974 0.173502604167 0.010487874349 0.0 0.0 0.209482828776 0.408477783203 0.00411987304688 0.0 0.0 0.11631266276 0.217508951823 0.0652364095052 0.0 0.0 0.353708902995 0.463999430339 0.00731404622396 0.0 0.0 
310 0.0531412760417 0.078623453776 0.141286214193 0.0 0.0 0.192413330078 0.22797648112 0.153767903646 0.0 0.0 0.0692240397135 0.189168294271 0.00612386067708 0.0 0.000742594401042 0.0256652832031 0.379821777344 0.0542907714844 0.0 0.0 0.0932922363281 0.145874023438 0.0673522949219 0.0 0.0 
335 0.0531412760417 0.113566080729 0.0863545735677 0.0 0.0 0.178049723307 0.079111735026 0.0141906738281 0.0 0.0 0.0571085611979 0.18315633138 0.0695495605469 0.0 0.0 0.335489908854 0.293233235677 0.0646565755208 0.0 0.0 0.246378580729 0.235524495443 0.014882405599 0.0 0.0 
385 0.0531412760417 0.0732828776042 0.0294189453125 0.0 0.00179036458333 0.0868937174479 0.300659179688 0.0312805175781 0.0 0.0 0.0367736816406 0.285024007161 0.0186971028646 0.0 0.0 0.13520304362 0.375162760417 0.0696004231771 0.0 0.0 0.257781982422 0.115020751953 0.0174051920573 0.0 0.0253092447917 
410 0.0531412760417 0.126759847005 0.0355529785156 0.0 0.0 0.25722249349 0.347279866536 0.00187174479167 0.0 0.000600179036458 0.0837707519531 0.359720865885 0.0379638671875 0.0 0.0 0.0674845377604 0.106872558594 0.0178731282552 0.0 0.0107930501302 0.22422281901 0.0992228190104 0.0330912272135 0.0 0.00958251953125 
435 0.0531412760417 0.0302429199219 0.0154012044271 0.0 0.0636393229167 0.196980794271 0.261973063151 0.0183308919271 0.0 1.01725260417e-05 0.0526835123698 0.557759602865 0.0835978190104 0.0 0.0 0.257700602214 0.458852132161 0.000681559244792 0.0 0.150197347005 0.265268961589 0.374684651693 0.0826009114583 0.0 0.0 
494 0.0531412760417 0.00146484375 0.0243631998698 0.000244140625 0.0 0.0655924479167 0.325663248698 2.03450520833e-05 0.0 0.0 6.103515625e-05 0.0592651367188 0.217681884766 0.0 4.06901041667e-05 0.307118733724 0.00132242838542 0.0 0.0138142903646 0.0 0.0 0.604380289714 0.208384195964 0.0 0.0 
519 0.0531412760417 0.0 0.0295206705729 0.00173950195312 0.0 0.0748596191406 0.111968994141 0.0 0.0 0.0 0.0 0.0491231282552 0.0587158203125 0.0 0.000233968098958 0.131825764974 0.000335693359375 0.00054931640625 0.0 0.0 0.0 0.734639485677 0.049082438151 0.0 0.00654093424479 
544 0.0531412760417 0.00466918945312 0.0240783691406 0.00263468424479 0.0 0.0291646321615 0.471537272135 0.0 0.0 0.0 0.0 0.023691813151 0.16796875 0.0 0.00174967447917 0.170583089193 1.01725260417e-05 0.000233968098958 0.00212605794271 0.0 0.0 0.819834391276 0.0177307128906 0.0 7.12076822917e-05 
569 0.0531412760417 0.00241088867188 0.0579325358073 0.00966389973958 0.0 0.00234985351562 0.236480712891 0.0 0.0 0.0 0.0 0.00876871744792 0.228098551432 0.0 0.00873819986979 0.209218343099 0.004150390625 0.00560506184896 0.0 0.0 0.0 0.836069742839 0.0624491373698 0.0 0.000620524088542 
594 0.0531412760417 0.0 0.0902608235677 0.0148315429688 0.0 0.0395914713542 0.0447285970052 0.0 0.0 0.0 0.0 0.0655212402344 0.12299601237 0.000132242838542 0.0125528971354 0.16059366862 0.00679524739583 0.0 0.00250244140625 0.0 0.0 0.68739827474 0.00678507486979 0.0 0.000834147135417 
835 0.0531412760417 0.352060953776 0.119354248047 0.0 0.0 0.197072347005 0.30527750651 0.017079671224 0.0 0.00489298502604 0.119771321615 0.12446085612 0.00605265299479 0.0 0.0 0.0780232747396 0.312520345052 0.134847005208 0.0 0.370239257812 0.115152994792 0.0748494466146 0.0445353190104 0.0 0.0 
842 0.0531412760417 9.1552734375e-05 0.257069905599 0.0 0.00682576497396 0.265329996745 0.0 0.0 0.0 0.181294759115 0.0752563476562 0.0 0.0 0.0 0.0246378580729 0.0 0.0 0.0401713053385 0.0 0.00813802083333 0.197377522786 0.432769775391 0.0149536132812 0.00348917643229 0.000162760416667 
868 0.0531412760417 0.179962158203 0.0 0.147969563802 0.0 0.000742594401042 0.0 0.0 0.0 0.0 0.0 0.0 1.01725260417e-05 0.00937906901042 0.0 0.251281738281 0.197224934896 0.00030517578125 0.0 0.0 0.144571940104 0.35508219401 0.0 0.0113016764323 0.0 
943 0.0531412760417 0.0261840820312 0.0 0.0164184570312 0.0 0.0 0.0 0.0 0.0006103515625 0.0 0.0 0.0 0.0 0.00686645507812 0.0 0.148773193359 0.000773111979167 8.13802083333e-05 0.000244140625 0.115610758464 0.0901285807292 0.422271728516 0.0 0.167612711589 0.00205485026042 
