Leaf
464 0.0295918782552 0.0 0.0 0.00393676757812 0.0 0.0 0.0 0.0 0.0 0.0586140950521 0.00553385416667 0.0 0.0 0.0166422526042 0.00407918294271 0.0 0.00358072916667 0.0001220703125 0.00237019856771 3.0517578125e-05 0.0467325846354 0.0 0.0 0.0 0.828765869141 
427 0.00908406575521 0.0 0.0 0.012217203776 0.0 0.0 0.0 0.0 0.0 0.0416870117188 0.005859375 0.0 0.0 0.0287272135417 0.0138651529948 0.0 8.13802083333e-05 0.00250244140625 0.013427734375 0.0 0.0325520833333 0.0 0.0 0.0 0.839996337891 
403 0.014658610026 0.0 0.0 0.0195007324219 0.00150553385417 0.0 0.0183715820312 0.0 0.0 0.00694783528646 0.039560953776 0.0 0.0 0.0023193359375 0.0258076985677 0.0 0.00067138671875 0.0 0.0724792480469 0.0 0.00281778971354 0.0 0.0 0.0 0.79535929362 
401 0.0183410644531 0.0 0.0 0.0126444498698 0.0 0.0 1.01725260417e-05 0.0 0.0 0.0511474609375 0.0127766927083 0.0 0.0 0.0331726074219 0.0148722330729 0.0 0.000223795572917 0.00181070963542 0.0201212565104 0.0 0.146830240885 0.0 0.0 0.0 0.688049316406 
407 0.00419108072917 0.0 0.0 0.00384521484375 0.0 0.0 0.0 0.0 0.0 0.0277811686198 0.00692749023438 0.0 0.0 0.0268859863281 0.0116373697917 0.0 0.00214640299479 1.01725260417e-05 0.0292765299479 0.00175984700521 0.142506917318 0.0 0.0 0.000101725260417 0.742930094401 
409 0.0293986002604 0.0 0.0 0.0800170898438 0.0 0.0 0.0 0.00714111328125 0.0 0.000254313151042 0.0340270996094 0.0 0.0 0.00228881835938 0.0208435058594 0.0 0.0 0.0 0.0124816894531 0.0 0.0776977539062 0.0 0.0 0.0 0.735850016276 
417 0.0117797851562 0.0 0.0 0.045155843099 0.000498453776042 0.0 0.0 0.00712076822917 0.0 0.0141092936198 0.0235799153646 0.0 0.0 0.0239766438802 0.0230814615885 0.0 0.000101725260417 0.0 0.053232828776 0.0 0.0780639648438 0.0 0.0 0.0 0.719299316406 
420 0.00142415364583 0.0 0.0 0.0359395345052 0.0 0.0 0.0 0.0166931152344 0.0 0.00603230794271 0.00514729817708 6.103515625e-05 0.0 0.0229899088542 0.0161336263021 0.0 2.03450520833e-05 0.0059814453125 0.059326171875 0.0 0.0122273763021 0.0 0.0 0.0 0.818023681641 
424 0.0172424316406 0.0 0.0 0.0281372070312 0.0 0.0 0.0 1.01725260417e-05 0.0 0.0514933268229 0.0303955078125 0.0 0.0 0.0532735188802 0.0245666503906 0.0 9.1552734375e-05 0.0 0.02392578125 0.0 0.115580240885 0.0 0.0 0.0 0.655283610026 
428 0.0203043619792 0.0 0.0 0.054931640625 0.0 0.0 1.01725260417e-05 0.0 0.0 0.0504659016927 0.0652567545573 0.0 0.0 0.00509643554688 0.0214131673177 0.0 4.06901041667e-05 0.0 0.00831095377604 0.0 0.10942586263 0.0 0.0 0.0 0.664744059245 
429 0.00262451171875 0.0 0.0 0.051747639974 0.0 0.0 0.0 0.0247802734375 0.0 0.0081787109375 0.0148315429688 0.0 0.0 0.0313110351562 0.0244547526042 0.0 2.03450520833e-05 6.103515625e-05 0.0553283691406 0.0 0.00936889648438 0.0 0.0 0.0 0.77729288737 
430 0.00338745117188 0.0 0.0 0.00710042317708 0.0 0.0 0.0 0.0 0.0 0.046152750651 0.00539143880208 0.0 0.0 0.0485432942708 0.011464436849 0.000203450520833 0.000996907552083 0.000885009765625 0.0109049479167 0.000356038411458 0.124776204427 0.0 0.0 0.0 0.739837646484 
432 0.00632731119792 0.0 0.0 0.0141296386719 0.0 0.0 0.0 1.01725260417e-05 0.0 0.066396077474 0.0104675292969 0.0 0.0 0.0352783203125 0.0172017415365 0.0 0.000396728515625 1.01725260417e-05 0.0219523111979 1.01725260417e-05 0.145243326823 0.0 0.0 0.0 0.682576497396 
435 0.00214640299479 0.0 0.0 0.0174051920573 0.0 0.0 0.0 0.000233968098958 0.0 0.0220438639323 0.00575764973958 0.0 0.0 0.0488688151042 0.0242411295573 0.0 2.03450520833e-05 0.00563557942708 0.0643615722656 0.0 0.0746459960938 0.0 0.0 0.0 0.734639485677 
442 0.010264078776 0.0 0.0 0.0243835449219 0.0 0.0 0.0 0.0 0.0 0.0512491861979 0.0125935872396 0.0 0.0 0.0441487630208 0.0194396972656 0.0 0.000244140625 0.0 0.0784912109375 0.0 0.0429890950521 0.0 0.0 0.0 0.716196695964 
446 0.00604248046875 0.0 0.0 0.00869750976562 0.0 0.0 0.0 0.0 0.0 0.0554402669271 0.00502522786458 0.0 0.0 0.0457458496094 0.0104675292969 0.0 0.000620524088542 0.00177001953125 0.04345703125 0.0 0.137837727865 0.0 0.0 0.0 0.684895833333 
454 0.0355224609375 0.0 0.0 0.0542297363281 0.0 0.0 0.0 0.000356038411458 0.0 0.000559488932292 0.021728515625 0.0 0.0 0.000457763671875 0.0266418457031 0.0 0.0 0.0 0.026112874349 0.0 0.113972981771 0.0 0.0 0.0 0.720418294271 
456 0.0263163248698 0.0 0.0 0.0211181640625 0.0 0.0 0.0 0.0 0.0 0.0307312011719 0.00972493489583 0.0 0.0 0.0223490397135 0.00898234049479 0.0 2.03450520833e-05 0.000376383463542 0.049082438151 0.0 0.011464436849 0.0 0.0 0.0 0.819834391276 
460 0.00881958007812 0.0 0.0 0.00663248697917 0.0 0.0 0.0 0.0 0.0 0.0448201497396 0.00606282552083 0.0 0.0 0.0397033691406 0.00990804036458 0.0 0.000356038411458 0.00141398111979 0.0951843261719 3.0517578125e-05 0.0221150716146 0.0 0.0 0.0 0.764953613281 
465 0.0339152018229 0.0 0.0 0.0159301757812 0.0 0.0 0.0 0.0 0.0 0.037607828776 0.00485229492188 0.0 0.0 0.0380350748698 0.00545247395833 0.0 0.000447591145833 0.00239054361979 0.0195109049479 0.0 0.0887451171875 0.0 0.0 0.0 0.753112792969 
469 0.0100809733073 0.0 0.0 0.0205790201823 0.0 0.0 0.0 0.00269571940104 0.0 0.0109252929688 0.00790405273438 0.0 0.0 0.0136006673177 0.010498046875 0.0 0.000457763671875 6.103515625e-05 0.0697428385417 0.0 0.0120340983073 0.0 0.0 0.0 0.841420491536 
472 0.0225423177083 0.0 0.0 0.027089436849 0.0 0.0 0.0102335611979 0.0 0.0 0.0166524251302 0.0201822916667 0.0 0.0 0.0202229817708 0.00600179036458 0.0 4.06901041667e-05 0.00113932291667 0.0576883951823 0.0 0.10243733724 0.0 0.0 0.0 0.71576944987 
473 0.0233866373698 0.0 0.0 0.055653889974 0.0 0.0 0.00042724609375 0.0 0.0 0.00234985351562 0.0619608561198 0.0 0.0 0.000742594401042 0.0293375651042 0.0 0.0 1.01725260417e-05 0.0114034016927 0.0 0.0784912109375 0.0 0.0 0.0 0.736236572266 
474 0.00163777669271 0.0 0.0 0.000569661458333 0.0 0.0 0.0 0.0 0.0 0.0455423990885 0.00340779622396 0.0 0.0 0.0253295898438 0.00879923502604 0.0 0.00302124023438 0.0 0.0923868815104 0.000244140625 0.0971171061198 0.0 0.0 0.0 0.721944173177 
477 0.000447591145833 0.0 0.0 0.00453694661458 0.0 0.0 0.0 0.0 0.0 0.0381571451823 0.0426432291667 0.0 0.0 0.0228983561198 0.0302734375 0.0 0.000172932942708 0.0 0.00466918945312 0.0 0.0201314290365 0.0 0.0 0.0 0.836069742839 
478 0.0119120279948 0.0 0.0 0.0133666992188 0.0 0.0 0.0 0.0 0.0 0.0359700520833 0.0237935384115 0.0 0.0 0.0320332845052 0.0198771158854 0.0 1.01725260417e-05 0.0 0.0177307128906 0.0 0.0996704101562 0.0 0.0 0.0 0.745635986328 
483 0.0138549804688 0.0 0.0 0.0231323242188 0.0 0.0 0.00997924804688 5.08626302083e-05 0.0 0.010009765625 0.0618184407552 0.0 0.0 0.0160725911458 0.0337626139323 0.0 0.0 3.0517578125e-05 0.0302124023438 0.0 0.00454711914062 0.0 0.0 0.0 0.796529134115 
