Leaf
8 0.107615152995 0.0 0.0 0.236206054688 0.0 0.0 5.08626302083e-05 0.00477091471354 0.0 0.274658203125 0.137939453125 0.0 0.0 0.0738118489583 0.0276184082031 0.00265502929688 0.0303548177083 0.00205485026042 0.0101216634115 0.00612386067708 0.0394287109375 0.00138346354167 0.0 3.0517578125e-05 0.045176188151 
174 0.0526835123698 0.0 0.0 0.130106608073 0.000315348307292 0.0 0.0018310546875 0.00206502278646 0.0 0.176452636719 0.328308105469 0.0 0.0 0.190216064453 0.0424397786458 5.08626302083e-05 0.0112101236979 0.0 0.00886027018229 9.1552734375e-05 0.0352579752604 0.0 0.0 0.0 0.0201110839844 
5 0.0876871744792 0.0 0.0 0.087880452474 0.0 0.0 0.000213623046875 0.000996907552083 0.0 0.227366129557 0.111633300781 0.0 0.0 0.155690511068 0.0320841471354 0.000712076822917 0.0618387858073 0.0 0.0143432617188 0.00447591145833 0.155782063802 0.0 0.0 0.000467936197917 0.058827718099 
10 0.0522155761719 0.0 0.0 0.08056640625 0.0 0.0 0.00103759765625 0.000956217447917 0.0 0.18696085612 0.112436930339 0.0 0.0 0.142567952474 0.0794067382812 0.00333658854167 0.0239969889323 0.00895182291667 0.0873311360677 0.0146789550781 0.141794840495 0.00327555338542 0.0 0.00283813476562 0.0576477050781 
13 0.207682291667 0.0 0.0 0.214345296224 0.000325520833333 0.0 0.00810750325521 0.032948811849 0.0 0.141713460286 0.113566080729 0.0 0.0 0.0877787272135 0.0692443847656 0.000417073567708 0.008544921875 0.00734456380208 0.0184936523438 0.00164794921875 0.051259358724 0.00154622395833 0.0 0.000274658203125 0.0347595214844 
60 0.137664794922 0.0 0.0 0.217569986979 4.06901041667e-05 0.0 0.000437418619792 0.0150248209635 0.0 0.190989176432 0.106414794922 0.0 0.0 0.0906677246094 0.0591227213542 0.0018310546875 0.0297546386719 0.00606282552083 0.0422058105469 0.0150858561198 0.0625915527344 0.0030517578125 0.000101725260417 0.000467936197917 0.0209147135417 
80 0.11030069987 0.0 0.0 0.184458414714 0.00258382161458 0.0 0.00228881835938 0.027598063151 0.000142415364583 0.178090413411 0.079111735026 0.0001220703125 0.0 0.102244059245 0.0727030436198 0.012451171875 0.0147399902344 0.0129597981771 0.0674845377604 0.0280049641927 0.070078531901 0.000813802083333 0.000172932942708 0.00344848632812 0.0302022298177 
94 0.0642395019531 0.0 0.0 0.156656901042 0.0 0.0 0.00539143880208 0.00718180338542 0.0 0.172912597656 0.170908610026 0.0 0.0 0.149047851562 0.0969746907552 0.0001220703125 0.00483194986979 0.00283813476562 0.0269165039062 6.103515625e-05 0.0589396158854 0.0 0.0 0.0 0.0829772949219 
190 0.0746053059896 0.0 0.0 0.107238769531 0.00191243489583 0.0 0.002197265625 5.08626302083e-05 0.0 0.252675374349 0.0801391601562 0.0 0.0 0.123504638672 0.227691650391 0.0 0.0087890625 0.000162760416667 0.0078125 0.0 0.106618245443 0.0 0.0 0.0 0.00660196940104 
236 0.131927490234 0.0 0.0 0.249155680339 0.0 0.0 0.0 0.00274658203125 0.0 0.158081054688 0.0928853352865 0.0 0.0 0.247924804688 0.081288655599 0.0 0.0 0.000742594401042 0.00692749023438 0.0 0.0110778808594 0.0 0.0 0.0 0.0172424316406 
238 0.143127441406 0.0 0.0 0.119720458984 0.000284830729167 0.0 0.00258382161458 3.0517578125e-05 0.0 0.111338297526 0.193684895833 0.0 0.0 0.193674723307 0.101328531901 0.0 0.00852457682292 0.0 0.0136006673177 0.0 0.0904541015625 0.0 0.0 0.0 0.0216471354167 
394 0.203165690104 0.0 0.0 0.114603678385 3.0517578125e-05 0.0 0.000569661458333 0.0 0.0 0.141276041667 0.16562906901 0.0 0.0 0.11225382487 0.0309143066406 0.000732421875 0.00153605143229 0.0755004882812 0.0625610351562 4.06901041667e-05 0.0818786621094 0.0 0.0 0.000345865885417 0.00896199544271 
519 0.0885416666667 0.0 0.0 0.169118245443 0.0 0.0 0.000152587890625 0.0 0.0 0.0876261393229 0.161071777344 0.0 0.0 0.210571289062 0.111145019531 0.0 0.000803629557292 0.000203450520833 0.0253499348958 0.0 0.142018636068 0.0 0.0 0.0 0.00339762369792 
550 0.0610860188802 0.0 0.0 0.205810546875 0.0 0.0 0.0 0.0900268554688 0.0 0.0241088867188 0.0518493652344 0.0 0.0 0.270660400391 0.0320943196615 0.0 0.00401814778646 0.00030517578125 0.00253295898438 0.0 0.0470886230469 0.0 0.0 0.0 0.210418701172 
554 0.045155843099 0.0 0.0 0.180572509766 0.0 0.0 0.000935872395833 0.0843302408854 0.0 0.0774739583333 0.0782063802083 0.0 0.0 0.289194742839 0.0662638346354 0.0 0.00124104817708 0.00458780924479 0.00257364908854 0.0 0.0518697102865 0.0 0.0 0.0 0.117594401042 
563 0.0590006510417 0.0 0.0 0.102162679036 0.0 0.0 0.00660196940104 0.000244140625 0.0 0.163930257161 0.224232991536 0.0 0.0 0.19101969401 0.147572835286 0.0 0.00396728515625 0.00114949544271 0.00874837239583 0.0 0.087158203125 0.0 0.0 0.0 0.00421142578125 
580 0.10801188151 0.0 0.0 0.0879821777344 0.0 0.0 0.0 0.000172932942708 0.0 0.0632832845052 0.185729980469 0.0 0.0 0.172037760417 0.111724853516 0.0 0.0059814453125 3.0517578125e-05 0.0192159016927 0.0 0.184590657552 0.0 0.0 0.0 0.0612386067708 
888 0.0194193522135 0.0 0.0 0.109212239583 0.0 0.0 1.01725260417e-05 0.0 0.0 0.27284749349 0.151428222656 0.0 0.0 0.402547200521 0.0385437011719 0.0 0.00422159830729 0.0 0.0 0.00147501627604 0.000295003255208 0.0 0.0 0.0 0.0 
900 0.0838724772135 0.0 0.0 0.194936116536 0.0 0.0 0.0 0.0242716471354 0.0 0.137410481771 0.0346883138021 1.01725260417e-05 0.0 0.139312744141 0.0646362304688 0.000712076822917 0.0249328613281 0.00172932942708 0.0436706542969 0.0211588541667 0.206380208333 0.0 0.0 0.00221761067708 0.0200602213542 
912 0.073252360026 0.0 0.0 0.0541483561198 0.0 0.0 0.0128072102865 0.00327555338542 0.0 0.132019042969 0.0264485677083 0.0 0.000111897786458 0.15907796224 0.0140686035156 0.00141398111979 0.143778483073 0.0135803222656 0.00385538736979 0.0381368001302 0.249837239583 0.0 0.0 0.0140380859375 0.0601501464844 
914 0.0642903645833 0.0 0.0 0.026621500651 0.0 0.0 0.0 0.0 0.0 0.284271240234 0.0395100911458 0.0 0.0 0.259165445964 0.00844319661458 0.000518798828125 0.00693766276042 0.0316874186198 0.0118103027344 0.0113321940104 0.237976074219 0.000783284505208 0.0 0.00479125976562 0.0118611653646 
920 0.0563456217448 0.0 0.0 0.132110595703 0.00789388020833 0.0 0.00694783528646 0.0256652832031 4.06901041667e-05 0.124155680339 0.0144856770833 2.03450520833e-05 5.08626302083e-05 0.202260335286 0.0710652669271 0.0195922851562 0.00163777669271 0.0436808268229 0.063954671224 0.0261535644531 0.167765299479 0.0 0.0 0.000773111979167 0.035400390625 
922 0.151143391927 0.0 0.0 0.12641398112 0.0 0.0 0.0 0.0140075683594 0.0 0.196055094401 0.0223795572917 1.01725260417e-05 0.0 0.167449951172 0.0623881022135 0.00449625651042 0.00489298502604 0.0177510579427 0.0281168619792 0.00899251302083 0.179575602214 0.000244140625 0.0 0.000498453776042 0.0155843098958 
932 0.0364583333333 0.0 0.0 0.0237731933594 0.0 0.0 0.0 1.01725260417e-05 0.0 0.20649210612 0.015146891276 0.0 0.0 0.288462320964 0.0167948404948 0.000844319661458 0.0223897298177 0.0132649739583 0.00175984700521 0.0148315429688 0.356618245443 0.0 0.0 0.00283813476562 0.000315348307292 
933 0.0552775065104 0.0 0.0 0.119486490885 0.0 0.0 0.0 0.00616455078125 0.0 0.184244791667 0.0314636230469 0.0 0.0 0.183420817057 0.141977945964 0.0161844889323 0.00287882486979 0.0183308919271 0.0347493489583 0.0122273763021 0.159698486328 0.000315348307292 0.0 0.00960286458333 0.0239766438802 
936 0.0922546386719 0.0 0.0 0.137349446615 0.0 0.0 0.0 0.018809000651 0.0 0.144989013672 0.0203145345052 0.0 0.0 0.229970296224 0.0528869628906 0.0226135253906 0.0180969238281 0.0401916503906 0.0563659667969 0.00590006510417 0.144358317057 0.0 4.06901041667e-05 0.0 0.015858968099 
938 0.0362650553385 0.0 0.0 0.0269368489583 0.0 0.0 0.0 0.00266520182292 0.0 0.171498616536 0.0161539713542 0.0 0.0 0.255137125651 0.00727335611979 0.0104471842448 0.0174560546875 0.012949625651 0.050791422526 0.0101318359375 0.353485107422 0.0 0.0 0.00110880533854 0.0276997884115 
939 0.15483601888 0.0 0.0 0.0656026204427 0.0 0.0 0.0 0.00247192382812 0.0 0.220367431641 0.0078125 0.0 0.0 0.274271647135 0.0205281575521 0.00136311848958 0.00474039713542 0.0365498860677 0.0151672363281 0.00346883138021 0.17914835612 8.13802083333e-05 0.0 0.00204467773438 0.0115458170573 
941 0.0497029622396 0.0 0.0 0.00916544596354 0.0 0.0 0.0 4.06901041667e-05 0.0 0.283294677734 0.00491333007812 0.0 0.0 0.228424072266 0.00569661458333 0.0199076334635 0.0119832356771 0.0361938476562 0.00586954752604 0.0531209309896 0.285319010417 0.0 1.01725260417e-05 0.00634765625 1.01725260417e-05 
942 0.0845336914062 0.0 0.0 0.0162150065104 0.0 0.0 0.0 0.0001220703125 0.0 0.322092692057 0.0050048828125 0.0 0.0 0.246124267578 0.010986328125 0.00527954101562 0.0312296549479 0.0273844401042 0.00673421223958 0.015858968099 0.228037516276 0.0 0.0 0.000132242838542 0.000264485677083 
957 0.0372416178385 0.0 0.0 0.0288899739583 0.0 0.0 0.0 0.0 0.0 0.179860432943 0.0577087402344 0.0 0.0 0.204925537109 0.0477396647135 0.008056640625 0.0260009765625 0.0568237304688 0.0228881835938 0.0116678873698 0.274068196615 0.0 0.0 0.00775146484375 0.036376953125 
962 0.127288818359 0.0 0.0 0.0555623372396 0.0 0.0 0.0 0.00243123372396 0.0 0.176523844401 0.0332539876302 0.0 0.0 0.234975179036 0.0465087890625 0.00706990559896 0.00759887695312 0.0350138346354 0.0561930338542 0.00209554036458 0.194478352865 0.0 1.01725260417e-05 0.000905354817708 0.0200907389323 
967 0.117095947266 0.0 0.0 0.047861735026 0.0 0.0 0.000925699869792 0.000783284505208 0.0 0.162821451823 0.013671875 0.0 0.0 0.263326009115 0.0130310058594 0.00432332356771 0.00495402018229 0.0713806152344 0.018320719401 0.0214335123698 0.213846842448 0.000284830729167 0.0 0.0231526692708 0.0227864583333 
974 0.0756327311198 0.0 0.0 0.119517008464 0.0204671223958 0.0 0.00574747721354 0.00583902994792 0.0 0.150614420573 0.0548400878906 0.0 0.0 0.21435546875 0.0899658203125 0.000874837239583 0.00164794921875 0.0176086425781 0.0335896809896 0.0105489095052 0.169291178385 4.06901041667e-05 0.0 0.0128377278646 0.0165812174479 
980 0.0868021647135 0.0 0.0 0.127919514974 0.0 0.0 8.13802083333e-05 0.0164693196615 0.0 0.152577718099 0.0181986490885 0.0 0.0 0.223795572917 0.0470275878906 0.00440470377604 0.135314941406 0.110727945964 0.0244547526042 0.00400797526042 0.041259765625 0.00042724609375 0.0 0.00091552734375 0.005615234375 
984 0.0799560546875 0.0 0.0 0.0344950358073 0.0 0.0 0.0 0.0 0.0 0.170593261719 0.0331420898438 0.0 0.0 0.278340657552 0.00509643554688 0.00368245442708 0.0350952148438 0.0582784016927 0.000528971354167 0.0209248860677 0.256917317708 0.0 1.01725260417e-05 0.0220947265625 0.000844319661458 
985 0.0841267903646 0.0 0.0 0.0746459960938 0.0 0.0 0.000111897786458 0.0166015625 0.0 0.131052652995 0.0735371907552 4.06901041667e-05 7.12076822917e-05 0.179056803385 0.0686543782552 0.00902303059896 0.00965372721354 0.106384277344 0.0237630208333 0.00797526041667 0.199005126953 0.000620524088542 0.000152587890625 0.0137430826823 0.00178019205729 
989 0.0824076334635 0.0 0.0 0.107452392578 0.0 0.0 0.00596110026042 0.00924682617188 0.0 0.140889485677 0.0313618977865 0.0 0.0 0.198557535807 0.0541687011719 0.0196126302083 0.028574625651 0.0331217447917 0.0315144856771 0.0461018880208 0.196177164714 0.0013427734375 0.0 0.00363159179688 0.00987752278646 
992 0.0696818033854 0.0 0.0 0.109375 0.0 0.0 9.1552734375e-05 0.0338948567708 0.0 0.0782063802083 0.0492146809896 4.06901041667e-05 0.0 0.151824951172 0.115844726562 0.0154520670573 0.00139363606771 0.039540608724 0.0740763346354 0.0167236328125 0.159993489583 0.00120035807292 9.1552734375e-05 0.0116068522135 0.0717468261719 
