Leaf
161 0.00617472330729 0.0 0.0 0.00893147786458 0.0934651692708 0.0 0.0264892578125 0.000467936197917 0.0 0.0137125651042 0.78803507487 0.0 5.08626302083e-05 0.00907389322917 0.0305887858073 0.00410970052083 0.00433349609375 0.000101725260417 0.00229899088542 0.00160725911458 0.00722249348958 5.08626302083e-05 0.00173950195312 2.03450520833e-05 0.00152587890625 
127 0.019765218099 0.0 0.0 0.0366821289062 0.000295003255208 0.0 0.00472005208333 6.103515625e-05 0.0 0.0137329101562 0.625010172526 0.0 0.0 0.00493367513021 0.256072998047 0.0 0.000356038411458 0.0 0.00969441731771 0.0 0.0262145996094 0.0 0.0 0.0 0.00246175130208 
113 0.077626546224 0.0 0.0 0.0936787923177 0.0164184570312 0.0 0.104827880859 0.0 0.0 0.00485229492188 0.515828450521 0.0 0.0 9.1552734375e-05 0.167256673177 0.0 0.0 0.0 0.005859375 0.0 0.00234985351562 0.0 0.0 0.0 0.0112101236979 
149 0.0214131673177 0.0 0.0 0.0604960123698 0.0394490559896 0.0 0.0662943522135 0.00222778320312 0.0 0.00342814127604 0.67978922526 0.0 0.0 0.00121053059896 0.113494873047 0.0 0.0 0.0 0.00270589192708 0.0 0.00472005208333 0.0 0.0 0.0 0.00477091471354 
158 0.0955708821615 0.0 0.0 0.155873616536 0.0 0.0 0.02001953125 0.000111897786458 0.0 0.0142618815104 0.571105957031 0.0 0.0 0.0226236979167 0.111053466797 3.0517578125e-05 0.000732421875 0.0 0.00296020507812 4.06901041667e-05 0.00541178385417 0.0 0.0 0.0 0.000203450520833 
176 0.0341186523438 0.0 0.0 0.152465820312 0.0 0.0 0.00685628255208 5.08626302083e-05 0.0 0.0255737304688 0.551584879557 0.0 0.0 0.0292256673177 0.114440917969 8.13802083333e-05 0.000579833984375 1.01725260417e-05 0.000681559244792 4.06901041667e-05 0.083017985026 0.0 0.0 0.0 0.00127156575521 
184 0.0289713541667 0.0 0.0 0.0561828613281 0.00715128580729 0.0 0.0906778971354 0.000193277994792 0.0 0.028554280599 0.562622070312 0.0 0.0 0.0196634928385 0.169209798177 0.000193277994792 0.00168863932292 0.000162760416667 0.00639851888021 0.00167846679688 0.0186971028646 0.0 1.01725260417e-05 0.0 0.00794474283854 
191 0.0265096028646 0.0 0.0 0.0444641113281 0.0 0.0 0.0187784830729 4.06901041667e-05 0.0 0.0351867675781 0.557759602865 0.0 0.0 0.0237731933594 0.242696126302 0.00422159830729 0.00266520182292 0.00477091471354 0.00357055664062 0.00515747070312 0.0244750976562 0.000264485677083 0.0 0.00146484375 0.00420125325521 
192 0.0362447102865 0.0 0.0 0.0540974934896 0.0184427897135 0.0 0.0182698567708 0.000630696614583 0.0 0.00194295247396 0.637908935547 0.0 0.0 0.00146484375 0.198069254557 0.0 0.0 0.0 0.0111185709635 0.0 0.0118509928385 0.0 0.0 0.0 0.00995890299479 
195 0.0489095052083 0.0 0.0 0.0237019856771 0.0 0.0 0.00710042317708 0.0 0.0 0.0603535970052 0.675801595052 0.0 0.0 0.00628662109375 0.136311848958 0.0 0.000651041666667 0.0 0.00375366210938 0.0 0.0359903971354 0.0 0.0 0.0 0.00113932291667 
197 0.112904866536 0.0 0.0 0.0950520833333 0.000162760416667 0.0 0.095703125 4.06901041667e-05 0.0 0.00844319661458 0.513326009115 0.0 0.0 0.00837198893229 0.160441080729 6.103515625e-05 0.000284830729167 0.0 0.000742594401042 0.000101725260417 0.0042724609375 0.0 0.0 0.0 9.1552734375e-05 
248 0.0932922363281 0.0 0.0 0.113566080729 0.000162760416667 0.0 0.043935139974 0.0 0.0 0.0170491536458 0.518483479818 0.0 0.0 0.00218709309896 0.0813598632812 0.0 0.0 0.0 0.0229695638021 0.0 0.0682373046875 0.0 0.0 0.0 0.0387573242188 
293 0.0474548339844 0.0 0.0 0.135701497396 0.0 0.0 0.00249226888021 6.103515625e-05 0.0 0.0186971028646 0.589487711589 0.0 0.0 0.0388793945312 0.124745686849 0.0 0.0 0.0 0.00489298502604 0.0 0.0217895507812 0.0 0.0 0.0 0.0157979329427 
811 0.141632080078 0.0 0.0 0.0581868489583 0.000803629557292 0.0 0.00461832682292 0.00107828776042 0.0 0.000356038411458 0.524668375651 0.0 0.0 0.00266520182292 0.168762207031 0.0 0.0 0.0 0.0413411458333 0.0 0.0185546875 0.0 0.0 0.0 0.0373331705729 
833 0.173695882161 0.0 0.0 0.0615946451823 0.0615946451823 0.0 0.00804646809896 0.0 0.0 2.03450520833e-05 0.542653401693 0.0 0.0 0.0 0.106455485026 0.0 0.0 0.0 0.0143636067708 0.0 0.000213623046875 0.0 0.0 0.0 0.0313618977865 
846 0.0805358886719 0.0 0.0 0.0558776855469 0.0973917643229 0.0 0.0251871744792 7.12076822917e-05 0.0 4.06901041667e-05 0.678894042969 0.0 0.0 0.000396728515625 0.0490214029948 0.0 0.0 0.0 0.00674438476562 0.0 0.00113932291667 0.0 0.0 0.0 0.00469970703125 
875 0.0350240071615 0.0 0.0 0.142669677734 0.0433451334635 0.0 0.132904052734 1.01725260417e-05 0.0 0.0101013183594 0.528127034505 0.0 1.01725260417e-05 0.00161743164062 0.0768636067708 0.000142415364583 0.000376383463542 1.01725260417e-05 0.00601196289062 0.0 0.00426228841146 0.0 0.0 0.0 0.0185241699219 
876 0.131022135417 0.0 0.0 0.107279459635 0.0 0.0 0.0550333658854 0.0 0.0 0.00525919596354 0.592203776042 0.0 0.0 0.00192260742188 0.0645345052083 0.0 0.00042724609375 0.0 0.0098876953125 0.0 0.00637817382812 0.0 0.0 0.0 0.0260518391927 
897 0.0174153645833 0.0 0.0 0.0411783854167 0.0 0.0 0.0117696126302 0.0 0.0 0.017822265625 0.572682698568 0.0 0.0 0.00438435872396 0.243367513021 0.0 0.001953125 0.0 0.00229899088542 3.0517578125e-05 0.0869140625 0.0 0.0 0.0 0.00018310546875 
