Leaf
262 0.232716878255 0.0 0.0 0.306945800781 0.005615234375 0.0 0.00204467773438 0.000528971354167 0.0 0.0282796223958 0.106872558594 0.0 0.0 0.0115763346354 0.108215332031 0.0 0.000162760416667 0.0 0.0574951171875 0.0 0.078114827474 0.0 0.0 0.0 0.0614318847656 
654 0.0941874186198 0.0 0.0 0.266001383464 0.0 0.0 0.0179138183594 0.138397216797 0.0 0.155344645182 0.0235799153646 0.0 0.047353108724 0.0246887207031 0.001953125 0.00310262044271 0.183746337891 0.0 0.0 0.0 0.043223063151 0.0 0.0 0.0 0.000508626302083 
48 0.20849609375 0.0 0.0 0.328186035156 0.000172932942708 0.0 0.000233968098958 0.0565694173177 0.000284830729167 0.10600789388 0.0971984863281 0.00917561848958 0.0 0.0577494303385 0.0539855957031 0.00798543294271 0.00526936848958 0.00540161132812 0.0158386230469 0.00784301757812 0.027089436849 0.000864664713542 6.103515625e-05 0.000162760416667 0.0114237467448 
11 0.0585428873698 0.0 0.0 0.14306640625 0.00660196940104 0.0 0.00262451171875 0.0554402669271 0.000152587890625 0.154083251953 0.0785115559896 0.0 0.0 0.175048828125 0.122619628906 0.00067138671875 0.0168151855469 0.00613403320312 0.0418192545573 0.00612386067708 0.0679931640625 0.0 1.01725260417e-05 9.1552734375e-05 0.0636494954427 
9 0.160186767578 0.0 0.0 0.240193684896 0.00332641601562 0.0 0.000274658203125 0.0108642578125 0.0 0.106068929036 0.24745686849 0.0 0.0 0.0420633951823 0.0688069661458 0.00905354817708 0.00785319010417 0.0 0.0387573242188 0.00905354817708 0.0265808105469 0.0 2.03450520833e-05 0.0 0.0294392903646 
31 0.11610921224 0.0 0.0 0.308502197266 0.0 0.0 0.0 0.0450744628906 0.0 0.0376281738281 0.125905354818 0.000162760416667 0.0 0.0668334960938 0.161834716797 0.0 1.01725260417e-05 0.010019938151 0.0868021647135 0.0 0.017567952474 0.00091552734375 0.0 0.0 0.0226338704427 
68 0.203277587891 0.0 0.0 0.175455729167 0.0948689778646 0.0 0.00800577799479 0.00966389973958 5.08626302083e-05 0.074208577474 0.173502604167 0.0 0.0 0.0424296061198 0.110493977865 2.03450520833e-05 0.013437906901 0.000101725260417 0.0149536132812 0.000813802083333 0.066640218099 0.0 0.0 0.0 0.0120747884115 
74 0.214660644531 0.0 0.0 0.253835042318 0.0 0.0 0.00018310546875 0.0625508626302 0.0 0.0657653808594 0.22797648112 0.0 0.0 0.018320719401 0.111470540365 0.000986735026042 0.0123494466146 0.0 0.00286865234375 0.00330607096354 0.0132446289062 0.0 0.000630696614583 0.0 0.0118509928385 
90 0.192932128906 0.0 0.0 0.310862223307 0.0 0.0 0.0 0.149668375651 0.0 0.00327555338542 0.0698038736979 0.00386555989583 0.0 0.0322875976562 0.119364420573 0.0 0.0 0.00358072916667 0.0663452148438 0.0 0.00479125976562 0.0 0.0 0.0 0.043223063151 
196 0.141794840495 0.0 0.0 0.269002278646 0.00119018554688 0.0 0.0707194010417 4.06901041667e-05 0.0 0.0655212402344 0.151560465495 0.0 0.0 0.0233662923177 0.185312906901 0.0 0.0029296875 7.12076822917e-05 0.041249593099 5.08626302083e-05 0.0379638671875 0.0 0.0 0.0 0.00922648111979 
307 0.227813720703 0.0 0.0 0.22651163737 1.01725260417e-05 0.0 0.0124003092448 0.0226135253906 0.0 0.0443318684896 0.204549153646 0.0 0.0 0.00244140625 0.133117675781 0.0279541015625 0.00672403971354 0.0 0.0132141113281 0.00518798828125 0.0212605794271 0.0 0.000193277994792 6.103515625e-05 0.0516153971354 
503 0.0590311686198 0.0 0.0 0.290618896484 0.0 0.0 7.12076822917e-05 0.0582682291667 0.0 0.0235188802083 0.0438435872396 0.0 0.0 0.169026692708 0.054433186849 0.0 0.0 0.131459554036 0.00972493489583 0.0 0.159200032552 0.000396728515625 0.0 0.000274658203125 0.000132242838542 
509 0.114013671875 0.0 0.0 0.0969746907552 0.0 0.0 0.0 0.217803955078 0.0 0.0201619466146 0.0356648763021 0.00239054361979 0.0 0.306111653646 0.152709960938 0.0 7.12076822917e-05 0.0192464192708 0.0166727701823 0.0 0.01025390625 0.0 0.0 0.0 0.00792439778646 
512 0.0563557942708 0.0 0.0 0.257090250651 0.0 0.0 0.000284830729167 0.186787923177 0.0 0.0371805826823 0.0691426595052 0.00375366210938 0.0 0.0980631510417 0.166259765625 0.0 0.00904337565104 0.0127563476562 0.0500793457031 0.0 0.0358479817708 1.01725260417e-05 0.0 0.0 0.017344156901 
535 0.0501200358073 0.0 0.0 0.215972900391 0.0 0.0 0.0 0.181833902995 0.0 0.0164794921875 0.12803141276 0.0 0.0 0.136973063151 0.128122965495 0.0 0.000437418619792 0.00101725260417 0.011464436849 0.0 0.0770365397135 0.0 0.0 0.0 0.0525105794271 
551 0.112040201823 0.0 0.0 0.318054199219 0.0 0.0 0.000132242838542 0.0559387207031 0.0 0.04296875 0.0761108398438 0.000590006510417 0.0 0.113830566406 0.117024739583 0.0 0.000264485677083 0.0682373046875 0.0232137044271 0.0 0.0419514973958 0.000244140625 0.0 0.0 0.0293986002604 
566 0.0708211263021 0.0 0.0 0.241831461589 0.0 0.0 1.01725260417e-05 0.107065836589 0.0 0.0208841959635 0.0647989908854 0.00225830078125 0.0 0.112548828125 0.0738321940104 0.0 0.0 0.0839538574219 0.0563049316406 0.0 0.128356933594 0.0162048339844 0.0 0.00381469726562 0.0173136393229 
567 0.0622863769531 0.0 0.0 0.285481770833 0.0 0.0 0.0 0.0784505208333 0.0 0.0119934082031 0.0400695800781 4.06901041667e-05 0.0 0.159891764323 0.0565490722656 0.0 0.0 0.144653320312 0.0243021647135 0.0 0.134847005208 0.00119018554688 0.0 4.06901041667e-05 0.000203450520833 
601 0.0472412109375 0.0 0.0 0.279561360677 0.0 0.0 0.0 0.128407796224 0.0 0.153391520182 0.0633646647135 0.0 0.00200398763021 0.0945129394531 0.0232238769531 0.185831705729 0.00925699869792 0.000233968098958 9.1552734375e-05 0.00206502278646 0.00902303059896 0.0 0.00165812174479 0.0 0.000132242838542 
680 0.0401814778646 0.0 0.0 0.284149169922 0.0 0.0 0.0 0.110148111979 0.0 0.164713541667 0.0629374186198 0.0 1.01725260417e-05 0.131825764974 0.0452372233073 0.145680745443 0.000518798828125 0.00128173828125 0.001220703125 0.0009765625 0.00283813476562 0.0 0.00816853841146 0.0 0.000111897786458 
700 0.0429992675781 0.0 0.0 0.272603352865 0.0 0.0 0.0 0.291687011719 0.0 0.075673421224 0.0164286295573 0.0 0.0 0.131754557292 0.0218607584635 0.0 0.00826009114583 0.0 0.0218200683594 0.0 0.0431722005208 0.0 0.0 0.0 0.073740641276 
702 0.0550028483073 0.0 0.0 0.268188476562 0.00146484375 0.0 0.000579833984375 0.287658691406 0.00048828125 0.0390421549479 0.11176554362 0.000152587890625 0.0 0.0297444661458 0.175740559896 0.0 0.00735473632812 0.0 0.00179036458333 0.0 0.0138244628906 0.0 0.0 0.0 0.0072021484375 
705 0.0963033040365 0.0 0.0 0.282012939453 0.0 0.0 1.01725260417e-05 0.280568440755 0.0 0.0152893066406 0.0434366861979 6.103515625e-05 0.0 0.0786844889323 0.0562540690104 0.0 0.000152587890625 0.0571797688802 0.0215861002604 0.0 0.0333251953125 0.00154622395833 0.0 0.0 0.0335896809896 
708 0.0759989420573 0.0 0.0 0.260579427083 0.0109151204427 0.0 0.000203450520833 0.191141764323 3.0517578125e-05 0.0384419759115 0.125111897786 0.000274658203125 0.0 0.0826517740885 0.163106282552 0.0 0.00228881835938 0.000152587890625 0.00777180989583 0.000132242838542 0.0341491699219 0.0 0.0 0.0 0.00704956054688 
710 0.0380045572917 0.0 0.0 0.244476318359 0.0 0.0 4.06901041667e-05 0.296213785807 0.0 0.138966878255 0.0316467285156 0.0 0.0 0.10194905599 0.0178629557292 0.0 0.000396728515625 3.0517578125e-05 0.0459493001302 0.000559488932292 0.0159708658854 0.0 0.0 8.13802083333e-05 0.0678507486979 
712 0.0848693847656 0.0 0.0 0.376556396484 0.0107421875 0.0 0.000925699869792 0.1767578125 0.0 0.0421956380208 0.120778401693 0.0 0.0 0.0536702473958 0.0531311035156 0.0 0.00215657552083 0.0 0.010732014974 0.0 0.0390930175781 0.0 0.0 0.0 0.0283915201823 
714 0.255503336589 0.0 0.0 0.281290690104 0.0 0.0 0.00474039713542 0.236175537109 0.0 0.037607828776 0.067372639974 0.0 0.0 0.0531921386719 0.0354207356771 0.0 0.00101725260417 0.0 0.00384521484375 0.000701904296875 0.013682047526 0.0 0.0 0.0 0.00945027669271 
717 0.0680135091146 0.0 0.0 0.358418782552 0.0 0.0 0.00127156575521 0.151947021484 0.0 0.0742899576823 0.0358479817708 0.0 0.0 0.0671895345052 0.0239562988281 0.0 0.000203450520833 0.0 0.0343526204427 0.0 0.0215352376302 0.0 0.0 0.0 0.162974039714 
721 0.169881184896 0.0 0.0 0.345204671224 0.0 0.0 0.00030517578125 0.253234863281 0.0 0.0527038574219 0.0272013346354 0.0 0.0 0.0687052408854 0.0308939615885 0.0 0.000142415364583 0.0 0.00753784179688 0.0008544921875 0.0120747884115 0.0 0.0 0.0 0.031260172526 
725 0.13661702474 0.0 0.0 0.39360555013 0.0 0.0 1.01725260417e-05 0.172444661458 0.0 0.00985717773438 0.043955485026 0.0 0.0 0.0948181152344 0.034189860026 0.0 0.000640869140625 0.0333760579427 0.00927734375 0.0 0.0508321126302 0.0001220703125 0.0 0.0 0.020253499349 
729 0.111623128255 0.0 0.0 0.35508219401 0.0 0.0 0.000172932942708 0.207692464193 0.0 0.0602416992188 0.0266723632812 0.0 0.0 0.104756673177 0.030039469401 0.0 0.00115966796875 0.0446370442708 0.0119323730469 0.0 0.0318501790365 0.00157674153646 0.0 0.0 0.0125630696615 
731 4.06901041667e-05 0.0 0.0 0.29594930013 0.0 0.0 0.0 0.177703857422 0.0 0.014638264974 0.0208231608073 0.00163777669271 0.0 0.100362141927 0.206634521484 0.0 0.00498453776042 0.113169352214 0.0256144205729 0.00393676757812 0.0337524414062 0.000742594401042 0.0 0.0 1.01725260417e-05 
734 0.0792643229167 0.0 0.0 0.380218505859 0.0 0.0 4.06901041667e-05 0.250956217448 0.0 0.069580078125 0.0215454101562 0.0 0.0 0.0645243326823 0.0265096028646 0.0 0.000783284505208 0.0170389811198 0.00922648111979 0.0 0.0445353190104 2.03450520833e-05 0.0 0.0 0.0357564290365 
739 0.0587056477865 0.0 0.0 0.369435628255 0.0 0.0 0.000386555989583 0.314239501953 0.0 0.058583577474 0.024159749349 1.01725260417e-05 0.0 0.0472717285156 0.028798421224 0.0 0.000691731770833 0.015391031901 0.00871785481771 0.0 0.0378214518229 4.06901041667e-05 0.0 0.0 0.0357462565104 
754 0.0645751953125 0.0 0.0 0.237559000651 0.00129191080729 0.0 0.000203450520833 0.134002685547 8.13802083333e-05 0.113169352214 0.0901285807292 0.00247192382812 0.0 0.0709228515625 0.13969930013 0.0 0.0541381835938 0.0262451171875 0.0403747558594 0.00298055013021 0.0142517089844 0.0035400390625 0.0 0.0 0.00436401367188 
782 0.0911966959635 0.0 0.0 0.20659383138 0.000417073567708 0.0 1.01725260417e-05 0.235911051432 0.0 0.0779520670573 0.126190185547 0.00684611002604 0.0 0.0536905924479 0.0682779947917 0.0 0.0093994140625 0.0723876953125 0.0252278645833 0.00030517578125 0.00955200195312 0.0126037597656 0.0 0.0 0.00343831380208 
910 0.0626729329427 0.0 0.0 0.23920694987 0.0 0.0 0.0162556966146 0.0751444498698 0.0 0.106953938802 0.0820821126302 3.0517578125e-05 0.000233968098958 0.0617065429688 0.131368001302 0.0 0.000518798828125 0.0133260091146 0.0450236002604 0.0 0.0960693359375 0.000111897786458 0.0 0.0 0.0692952473958 
930 0.120849609375 0.0 0.0 0.225016276042 0.0 0.0 0.000132242838542 0.0675557454427 0.0 0.148142496745 0.0135599772135 2.03450520833e-05 0.0 0.120758056641 0.0325622558594 0.0141194661458 0.00971476236979 0.031016031901 0.0292256673177 0.0309855143229 0.13720703125 0.000478108723958 0.000111897786458 0.00809733072917 0.0104471842448 
966 0.159505208333 0.0 0.0 0.330454508464 0.0 0.0 0.000498453776042 0.0205993652344 0.0 0.0594889322917 0.0469360351562 0.0 1.01725260417e-05 0.138346354167 0.0300496419271 0.00439453125 0.00910441080729 0.0757141113281 0.0161437988281 0.00717163085938 0.0890808105469 0.00475056966146 3.0517578125e-05 0.00435384114583 0.00336710611979 
