Leaf
757 0.000396728515625 0.0 0.0 0.099365234375 0.0 0.0 0.0 0.654174804688 0.0 0.0136413574219 0.00265502929688 0.00818888346354 0.0 0.0846557617188 0.0466105143229 0.0 0.00126139322917 0.0839640299479 0.00147501627604 0.0 0.00361124674479 0.0 0.0 0.0 0.0 
704 0.0522155761719 0.0 0.0 0.19199625651 0.0 0.0 0.0 0.301208496094 0.0 0.0176086425781 0.162404378255 0.0 0.0 0.1845703125 0.0150756835938 0.0 0.000935872395833 0.0350646972656 0.00211588541667 0.0 0.0170389811198 1.01725260417e-05 0.0 0.0 0.0197550455729 
707 0.0447998046875 0.0 0.0 0.217244466146 0.0 0.0 0.0008544921875 0.432769775391 0.0 0.013671875 0.0868835449219 0.0 0.0 0.0893249511719 0.0486755371094 0.0 0.00172932942708 0.0289713541667 0.00384521484375 0.0 0.0224202473958 0.0 0.0 0.0 0.00880940755208 
711 0.0242411295573 0.0 0.0 0.0555826822917 0.0 0.0 0.000640869140625 0.381072998047 0.0 0.0110473632812 0.0267537434896 0.00341796875 0.0 0.105804443359 0.11040242513 0.0 0.00592041015625 0.208862304688 0.0213216145833 0.00258382161458 0.00856526692708 0.015858968099 0.0 0.0 0.0179239908854 
726 0.0196024576823 0.0 0.0 0.113810221354 0.0 0.0 0.0 0.335520426432 0.0 0.0358072916667 0.0125223795573 0.00692749023438 0.0 0.0725708007812 0.143005371094 0.0 0.00473022460938 0.190175374349 0.0279642740885 0.000528971354167 0.0128072102865 0.0224405924479 0.0 0.0 0.0015869140625 
727 0.0003662109375 0.0 0.0 0.22080485026 0.0 0.0 0.0 0.389709472656 0.0 0.0225728352865 0.0267028808594 0.000956217447917 0.0 0.071787516276 0.224731445312 0.0 0.00670369466146 0.0020751953125 0.00150553385417 0.0115254720052 0.0191955566406 0.0 0.0 0.0 0.00136311848958 
743 0.0382792154948 0.0 0.0 0.130289713542 0.0 0.0 0.0 0.578135172526 0.0 0.0193379720052 0.0380554199219 0.00361124674479 0.0 0.0383504231771 0.0623677571615 0.0 0.000447591145833 0.042734781901 0.00832112630208 0.0 0.0225626627604 0.000315348307292 0.0 0.0 0.0171915690104 
745 0.0639038085938 0.0 0.0 0.241017659505 0.0 0.0 0.000233968098958 0.470743815104 0.0 0.0297037760417 0.0268859863281 0.000376383463542 0.0 0.0569661458333 0.0304972330729 0.0 0.000620524088542 0.0286458333333 0.0091552734375 0.0 0.0199381510417 0.000132242838542 0.0 0.0 0.0211791992188 
747 0.0437927246094 0.0 0.0 0.28119913737 0.0 0.0 0.000508626302083 0.350250244141 0.0 0.0221455891927 0.0549621582031 4.06901041667e-05 0.0 0.0578918457031 0.0296325683594 0.0 0.0120137532552 0.0184733072917 0.00839233398438 0.0 0.0925801595052 3.0517578125e-05 0.0 0.0 0.028086344401 
748 0.00103759765625 0.0 0.0 0.241058349609 0.0 0.0 0.0 0.378967285156 0.0 0.0217488606771 0.0618387858073 3.0517578125e-05 0.0 0.108367919922 0.169962565104 0.0 0.0068359375 0.0 0.000356038411458 1.01725260417e-05 0.00886027018229 0.0 0.0 0.0 0.000925699869792 
750 0.0437825520833 0.0 0.0 0.197733561198 0.0 0.0 0.00116984049479 0.567637125651 0.0 0.00544230143229 0.0208028157552 0.000101725260417 0.0 0.0590209960938 0.0281473795573 0.0 3.0517578125e-05 0.0492757161458 0.00644938151042 0.0 0.0115865071615 0.000630696614583 0.0 0.0 0.00818888346354 
758 0.0808308919271 0.0 0.0 0.202758789062 0.0 0.0 0.000417073567708 0.474141438802 0.0 0.0184427897135 0.0415954589844 0.000467936197917 0.0 0.0352274576823 0.0440877278646 0.0 9.1552734375e-05 0.0333964029948 0.00709025065104 0.0 0.0431416829427 0.000101725260417 0.0 0.0 0.0182088216146 
760 0.0329182942708 0.0 0.0 0.163024902344 0.0 0.0 0.0 0.582946777344 0.0 0.030263264974 0.0281778971354 0.000152587890625 0.0 0.0579630533854 0.0303548177083 0.0 0.00126139322917 0.0267639160156 0.00947062174479 0.0 0.0360412597656 0.0 0.0 0.0 0.000661214192708 
761 0.0338134765625 0.0 0.0 0.0640970865885 1.01725260417e-05 0.0 0.0 0.431813557943 0.00030517578125 0.101888020833 0.0101826985677 0.059814453125 0.0 0.0552978515625 0.13144938151 0.0 0.0103963216146 0.0469665527344 0.0318603515625 0.00410970052083 0.00901285807292 0.00700887044271 0.0 0.0 0.00197347005208 
762 0.0649617513021 0.0 0.0 0.248443603516 0.0 0.0 0.0 0.472819010417 0.0 0.0623982747396 0.0106608072917 7.12076822917e-05 0.0 0.0891520182292 0.0212097167969 0.0 0.00318400065104 0.000101725260417 8.13802083333e-05 0.00827026367188 0.0184020996094 0.0 0.0 0.0 0.000244140625 
765 0.121805826823 0.0 0.0 0.177235921224 0.0 0.0 0.0 0.417226155599 0.0 0.0818583170573 0.0139668782552 0.000406901041667 0.0 0.0775960286458 0.024424235026 0.0 0.00439453125 0.0640665690104 0.00652058919271 0.0 0.00332641601562 0.00306193033854 0.0 0.0 0.00410970052083 
768 0.0398661295573 0.0 0.0 0.132253011068 0.0 0.0 2.03450520833e-05 0.609853108724 0.0 0.0298868815104 0.0232747395833 0.00364176432292 0.0 0.0319315592448 0.0472412109375 0.0 0.000478108723958 0.0355428059896 0.00808715820312 0.0 0.0236612955729 0.000172932942708 0.0 0.0 0.0140889485677 
774 0.0377705891927 0.0 0.0 0.103535970052 0.0 0.0 0.0 0.525431315104 0.0 0.0563761393229 0.0163065592448 0.000732421875 0.0 0.104756673177 0.127044677734 1.01725260417e-05 0.00348917643229 0.00115966796875 0.000406901041667 0.0192667643229 0.00350952148438 0.0 0.0 0.0 0.000203450520833 
776 0.0353291829427 0.0 0.0 0.0558878580729 0.000284830729167 0.0 3.0517578125e-05 0.374643961589 0.00146484375 0.0919596354167 0.0160420735677 0.0487467447917 0.0 0.0541381835938 0.190755208333 0.0 0.0174662272135 0.0633443196615 0.0291748046875 0.00348917643229 0.00989786783854 0.00542195638021 0.0 0.0 0.00192260742188 
777 0.0695393880208 0.0 0.0 0.163818359375 0.0 0.0 0.0 0.409393310547 0.0 0.0865783691406 0.00979614257812 0.000732421875 0.0 0.109252929688 0.0310363769531 0.0 0.00828043619792 0.0845540364583 0.016845703125 1.01725260417e-05 0.00619506835938 0.00325520833333 0.0 0.0 0.000712076822917 
778 0.069814046224 0.0 0.0 0.129750569661 0.0 0.0 0.00137329101562 0.50385538737 0.0 0.0292053222656 0.048828125 0.00107828776042 0.0 0.0743815104167 0.042734781901 0.0 0.00202433268229 0.0613403320312 0.0149943033854 0.0 0.00498453776042 0.00508626302083 0.0 0.0 0.0105489095052 
780 0.0200602213542 0.0 0.0 0.1396484375 0.000376383463542 0.0 0.0 0.606821695964 0.0 0.0516662597656 0.0465189615885 0.00935872395833 0.0 0.0189717610677 0.0655924479167 0.0 0.00330607096354 0.0245971679688 0.0101521809896 0.0 0.00181070963542 0.000203450520833 0.0 0.0 0.00091552734375 
783 0.0797526041667 0.0 0.0 0.237864176432 0.0 0.0 0.000600179036458 0.35048421224 0.0 0.049814860026 0.0267639160156 0.00184122721354 0.0 0.0640970865885 0.0360717773438 0.0 0.0025634765625 0.0523783365885 0.0187683105469 0.0 0.0283508300781 0.00563557942708 0.0 0.0 0.0450134277344 
788 0.0510559082031 0.0 0.0 0.140635172526 0.0 0.0 0.000681559244792 0.379659016927 0.0 0.0241495768229 0.0573120117188 0.00199381510417 0.0 0.0893351236979 0.0737711588542 0.0 0.00576782226562 0.083251953125 0.0209757486979 0.000803629557292 0.0240478515625 0.00895182291667 0.0 0.0 0.037607828776 
789 0.0466003417969 0.0 0.0 0.170471191406 0.0 0.0 8.13802083333e-05 0.576873779297 0.0 0.0321146647135 0.0222371419271 0.000813802083333 0.0 0.0434875488281 0.0335184733073 0.0 0.00125122070312 0.0326334635417 0.00446573893229 0.0 0.0247599283854 1.01725260417e-05 0.0 0.0 0.0106811523438 
790 0.0742390950521 0.0 0.0 0.125813802083 0.0 0.0 0.0 0.405782063802 0.0 0.114624023438 0.0270284016927 0.00602213541667 0.0 0.0784200032552 0.0428975423177 0.0 0.0287780761719 0.066172281901 0.0214233398438 0.0 0.00336710611979 0.00344848632812 0.0 0.0 0.00198364257812 
793 0.043701171875 0.0 0.0 0.0931294759115 0.0 0.0 0.00611368815104 0.336079915365 0.0 0.00832112630208 0.0511067708333 0.00403849283854 0.0 0.0860087076823 0.121358235677 0.0 0.00101725260417 0.159545898438 0.0213012695312 0.0 0.0221761067708 0.0245056152344 0.0 0.0 0.0215962727865 
794 0.0856221516927 0.0 0.0 0.254282633464 0.0 0.0 9.1552734375e-05 0.333516438802 0.0 0.0656127929688 0.0263264973958 0.000874837239583 0.0 0.0564473470052 0.0278523763021 0.0 0.00233968098958 0.0556437174479 0.00912475585938 2.03450520833e-05 0.0456746419271 0.00101725260417 0.0 0.0 0.0355529785156 
796 0.0435180664062 0.0 0.0 0.100158691406 0.0 0.0 1.01725260417e-05 0.486450195312 8.13802083333e-05 0.094228108724 0.106516520182 0.000142415364583 0.0 0.0476989746094 0.112487792969 0.0 0.00566609700521 0.0 0.000193277994792 0.000223795572917 0.0023193359375 0.0 0.0 0.0 0.00030517578125 
797 0.0269165039062 0.0 0.0 0.250508626302 0.0 0.0 0.0 0.367370605469 0.0 0.0487365722656 0.0305887858073 1.01725260417e-05 0.0 0.117024739583 0.14350382487 0.0 0.00344848632812 0.000528971354167 0.000620524088542 0.00255330403646 0.00642903645833 0.0 0.0 0.0 0.00175984700521 
