Leaf
766 0.0571594238281 0.0 0.0 0.561991373698 0.0 0.0 0.0 0.249877929688 0.0 0.0248514811198 0.00745646158854 7.12076822917e-05 0.0 0.0457967122396 0.0101826985677 0.0 0.00018310546875 0.0126953125 0.00277709960938 0.0 0.0185750325521 4.06901041667e-05 0.0 0.0 0.00834147135417 
511 0.0617370605469 0.0 0.0 0.490152994792 0.0 0.0 1.01725260417e-05 0.2744140625 0.0 0.000142415364583 0.0337626139323 0.0040283203125 0.0 0.00243123372396 0.0209350585938 0.0 0.0 0.0 0.0157368977865 0.0 2.03450520833e-05 0.0 0.0 0.0 0.0966288248698 
640 0.0329284667969 0.0 0.0 0.548675537109 0.0 0.0 0.00287882486979 0.0 0.0 0.156606038411 0.00515747070312 0.0 0.06591796875 3.0517578125e-05 0.000152587890625 0.000935872395833 0.150024414062 0.0 0.0 0.0 0.0365804036458 0.0 0.0 0.0 0.000111897786458 
646 0.126637776693 0.0 0.0 0.572387695312 0.0 0.0 0.000325520833333 0.0491434733073 0.0 0.0425008138021 0.00521850585938 0.0 0.0 0.00363159179688 1.01725260417e-05 0.0499979654948 0.0608215332031 0.0 0.0 0.0377705891927 0.0343526204427 0.0 0.0172017415365 0.0 0.0 
676 0.0453898111979 0.0 0.0 0.426249186198 0.0 0.0 0.0 0.109405517578 0.0 0.0849609375 0.105560302734 0.0 0.0 0.0469258626302 0.093739827474 0.066650390625 0.000620524088542 0.000345865885417 0.00407918294271 0.010487874349 0.00307210286458 0.0 0.0 0.000874837239583 0.00163777669271 
677 0.123514811198 0.0 0.0 0.487630208333 0.0 0.0 0.0398152669271 0.00680541992188 0.0 0.0578918457031 0.0144755045573 0.0 0.0282796223958 0.00639851888021 0.017344156901 0.212687174479 0.00229899088542 0.0 0.00147501627604 0.0 0.000284830729167 0.0 0.000986735026042 0.0 0.000111897786458 
679 0.193674723307 0.0 0.0 0.524332682292 0.0 0.0 0.0 0.0116373697917 0.0 0.0100606282552 0.00162760416667 0.0 0.0 0.0506998697917 0.00474039713542 0.0 0.0 0.115020751953 0.000559488932292 0.000213623046875 0.00863647460938 0.0258483886719 0.0 0.0529479980469 0.0 
691 0.0276387532552 0.0 0.0 0.45985921224 0.0310567220052 0.0 0.0 0.20405069987 0.0 0.0667622884115 0.0337320963542 0.0 0.00217692057292 0.0141398111979 0.00108846028646 0.10264078776 0.0160013834635 0.000437418619792 2.03450520833e-05 0.0091552734375 0.0188293457031 0.0 0.00841267903646 0.00398763020833 1.01725260417e-05 
693 0.053700764974 0.0 0.0 0.461466471354 0.0375366210938 0.0 0.000417073567708 0.0179239908854 9.1552734375e-05 0.0503946940104 0.0452779134115 0.0 0.0096435546875 0.00303141276042 0.0336201985677 0.113362630208 0.050547281901 0.0 0.0057373046875 0.00630696614583 0.00922648111979 0.0 0.100433349609 0.0 0.00128173828125 
697 0.0199788411458 0.0119425455729 0.0 0.570098876953 0.104400634766 0.0 3.0517578125e-05 0.000467936197917 0.00342814127604 0.0654602050781 0.0084228515625 0.0 1.01725260417e-05 0.00180053710938 0.00213623046875 0.0544637044271 0.0669148763021 0.0 3.0517578125e-05 0.0268147786458 0.0465189615885 0.0 0.0170389811198 0.0 4.06901041667e-05 
701 0.123718261719 0.0 0.0 0.402638753255 0.0 0.0 0.000274658203125 0.21142578125 0.0 0.0426940917969 0.0748494466146 0.0 0.0 0.0577494303385 0.0408426920573 0.0 0.00160725911458 0.00485229492188 0.00102742513021 0.0 0.0282796223958 0.0 0.0 0.0 0.0100402832031 
706 0.105397542318 0.0 0.0 0.451680501302 0.0 0.0 4.06901041667e-05 0.132171630859 0.0 0.0301208496094 0.111480712891 0.0 0.0 0.123524983724 0.0162862141927 0.0 0.00234985351562 0.0111389160156 0.000467936197917 0.000813802083333 0.00642903645833 0.0 0.0 0.0 0.00809733072917 
709 0.170928955078 0.0 0.0 0.550659179688 0.0 0.0 0.0040283203125 0.00309244791667 0.0 0.114837646484 0.0338643391927 0.0 0.0 0.00831095377604 0.0160725911458 0.0 0.000467936197917 0.0 0.00493367513021 0.0 0.0603230794271 0.0 0.0 0.0 0.032480875651 
713 0.246287027995 0.0 0.0 0.544891357422 0.0 0.0 4.06901041667e-05 0.0556945800781 0.0 0.0361836751302 0.0346374511719 0.0 0.0 0.00730387369792 0.0139872233073 0.0 0.000274658203125 0.0 0.00115966796875 0.0 0.045166015625 0.0 0.0 0.0 0.0143737792969 
718 0.172281901042 0.0 0.0 0.498809814453 0.0 0.0 0.0 0.213928222656 0.0 0.0281982421875 0.019287109375 0.0 0.0 0.02978515625 0.0100402832031 0.0 0.00018310546875 0.00240071614583 0.00079345703125 0.0 0.0128377278646 0.0 0.0 0.0 0.0114542643229 
722 0.0893249511719 0.0 0.0 0.685852050781 0.0 0.0 6.103515625e-05 0.0219930013021 0.0 0.0789286295573 0.0290120442708 0.0 0.0 0.0274861653646 0.0122375488281 0.0 0.0001220703125 0.0 0.00338745117188 0.0 0.030995686849 0.0 0.0 0.0 0.0205993652344 
723 0.159698486328 0.0 0.0 0.533162434896 0.0 0.0 0.0001220703125 0.0274454752604 0.0 0.0885213216146 0.0507609049479 0.0 0.0 0.0352274576823 0.0238952636719 0.0 0.000813802083333 0.0 0.00468953450521 0.0 0.0596516927083 0.0 0.0 0.0 0.0160115559896 
724 0.106689453125 0.0 0.0 0.450856526693 0.0 0.0 2.03450520833e-05 0.120452880859 0.0 0.124043782552 0.0428568522135 0.0 0.0 0.0399068196615 0.0242309570312 0.0 0.00167846679688 1.01725260417e-05 0.00662231445312 0.00247192382812 0.0530598958333 0.0 0.0 0.0 0.027099609375 
732 0.0625305175781 0.0 0.0 0.501831054688 0.0 0.0 1.01725260417e-05 0.293589274089 0.0 0.00289916992188 0.0532836914062 0.000213623046875 0.0 0.00929768880208 0.0327351888021 0.0 0.0 0.000457763671875 0.00344848632812 0.0 0.0264790852865 0.0 0.0 0.0 0.0132242838542 
733 0.205942789714 0.0 0.0 0.604309082031 0.0 0.0 7.12076822917e-05 0.0893147786458 0.0 0.011973063151 0.0193074544271 0.0 0.0 0.0122985839844 0.0196634928385 0.0 7.12076822917e-05 7.12076822917e-05 0.00742594401042 0.0 0.0166727701823 0.0 0.0 0.0 0.0128784179688 
735 0.207295735677 0.0 0.0 0.47060139974 0.0 0.0 0.0 0.205281575521 0.0 0.0189310709635 0.0148417154948 0.000579833984375 0.0 0.00466918945312 0.0321146647135 0.0 0.0 0.00291951497396 0.00381469726562 0.0 0.0244445800781 0.0 0.0 0.0 0.0145060221354 
736 0.246327718099 0.0 0.0 0.378122965495 0.0 0.0 0.0 0.18418375651 0.0 0.0384724934896 0.0231323242188 0.0 0.0 0.0420430501302 0.0114237467448 0.0 0.00810750325521 0.00198364257812 0.00291951497396 4.06901041667e-05 0.0340576171875 0.0 0.0 0.0 0.0291849772135 
737 0.206868489583 0.0 0.0 0.418477376302 0.0 0.0 0.000396728515625 0.209737141927 0.0 0.0153299967448 0.0632731119792 0.0 0.0 0.0321044921875 0.024668375651 0.0 5.08626302083e-05 0.00590006510417 0.00124104817708 0.0 0.0134785970052 0.0 0.0 0.0 0.00847371419271 
742 0.137532552083 0.0 0.0 0.618794759115 0.0 0.0 0.0 0.102254231771 0.0 0.0442199707031 0.0239766438802 0.0 0.0 0.0284932454427 0.00795491536458 0.0 0.00054931640625 0.000254313151042 0.00067138671875 0.0 0.0227254231771 0.0 0.0 0.0 0.0125732421875 
749 0.0550638834635 0.0 0.0 0.525919596354 0.0 0.0 5.08626302083e-05 0.245402018229 0.0 0.0239766438802 0.0126241048177 0.0 0.0 0.0762329101562 0.0132446289062 0.0 0.000498453776042 0.0140991210938 0.00249226888021 0.0 0.0137329101562 1.01725260417e-05 0.0 0.0 0.0166524251302 
751 0.0517069498698 0.0 0.0 0.481913248698 0.0 0.0 7.12076822917e-05 0.289072672526 0.0 0.00776163736979 0.0599670410156 9.1552734375e-05 0.0 0.0306803385417 0.0237630208333 0.0 0.000315348307292 0.00260416666667 0.00132242838542 0.0 0.0380859375 0.0 0.0 0.0 0.0126444498698 
752 0.0638122558594 0.0 0.0 0.640452067057 0.0 0.0 2.03450520833e-05 0.136210123698 0.0 0.0287780761719 0.0250345865885 1.01725260417e-05 0.0 0.0187072753906 0.0231424967448 0.0 0.000132242838542 0.00820922851562 0.002197265625 0.0 0.0402628580729 1.01725260417e-05 0.0 0.0 0.0130208333333 
763 0.157470703125 0.0 0.0 0.527486165365 0.0 0.0 0.0 0.239766438802 0.0 0.0179036458333 0.0108540852865 0.000437418619792 0.0 0.0130106608073 0.00862630208333 0.0 0.00128173828125 0.00232950846354 0.00205485026042 0.0 0.00696818033854 0.0 0.0 0.0 0.0118103027344 
767 0.0736185709635 0.0 0.0 0.483337402344 0.0 0.0 0.0 0.21772257487 0.0 0.0295918782552 0.0504048665365 0.0 0.0 0.0651550292969 0.0171915690104 0.0 0.00180053710938 0.0 0.00569661458333 2.03450520833e-05 0.0381266276042 0.0 0.0 0.0 0.017333984375 
769 0.186838785807 0.0 0.0 0.561848958333 0.0001220703125 0.0 0.0 0.146779378255 0.0 0.018809000651 0.0351765950521 0.0 0.0 0.0128682454427 0.00770060221354 0.0 0.000996907552083 0.0008544921875 0.000691731770833 0.0 0.018076578776 0.0 0.0 0.0 0.00923665364583 
770 0.113321940104 0.0 0.0 0.567270914714 0.0 0.0 0.0 0.201721191406 0.0 0.0289510091146 0.0133056640625 0.0 0.0 0.048838297526 0.00478108723958 0.0 0.00135294596354 0.000386555989583 0.000722249348958 0.0 0.0106201171875 0.0 0.0 0.0 0.00872802734375 
772 0.0763041178385 0.0 0.0 0.537740071615 0.0 0.0 0.0 0.237050374349 0.0 0.0165506998698 0.0514526367188 0.0 0.0 0.011728922526 0.00995890299479 0.0 0.0008544921875 0.0 0.00356038411458 0.0 0.0407409667969 0.0 0.0 0.0 0.0140584309896 
773 0.0672709147135 0.0 0.0 0.432149251302 0.0 0.0 3.0517578125e-05 0.305145263672 0.0 0.050526936849 0.0422159830729 0.0 0.0 0.0519104003906 0.00591023763021 0.0 0.0132446289062 0.0 0.000254313151042 2.03450520833e-05 0.027587890625 0.0 0.0 0.0 0.00373331705729 
779 0.228424072266 0.0 0.0 0.540568033854 0.0 0.0 0.0 0.131011962891 0.0 0.0125732421875 0.0110778808594 0.0001220703125 0.0 0.00774129231771 0.0166727701823 0.0 3.0517578125e-05 0.00223795572917 0.00164794921875 0.0 0.0396931966146 0.0 0.0 0.0 0.00819905598958 
781 0.282735188802 0.0 0.0 0.509948730469 0.0 0.0 0.0 0.108683268229 0.0 0.0239562988281 0.0162150065104 0.0 0.0 0.0211283365885 0.00519816080729 0.0 0.00111897786458 0.0 0.000406901041667 0.0 0.0165608723958 0.0 0.0 0.0 0.0140482584635 
785 0.0815836588542 0.0 0.0 0.433512369792 0.162241617839 0.0 0.0160013834635 0.111694335938 0.0 0.0396423339844 0.118448893229 0.000172932942708 0.0 0.00667317708333 0.0196838378906 0.0 0.00875854492188 0.000925699869792 0.00030517578125 0.0 0.000152587890625 0.0 0.0 0.0 0.000203450520833 
786 0.213063557943 0.0 0.0 0.557149251302 7.12076822917e-05 0.0 0.0 0.112915039062 0.0 0.0286153157552 0.0295715332031 0.0 0.0 0.015858968099 0.00497436523438 0.0 0.00276692708333 0.00178019205729 0.00054931640625 0.0 0.0184427897135 0.0 0.0 0.0 0.0142415364583 
791 0.0980428059896 0.0 0.0 0.453165690104 0.0 0.0 0.000233968098958 0.342926025391 0.0 0.0197448730469 0.0134480794271 2.03450520833e-05 0.0 0.0374654134115 0.0103759765625 0.0 0.00101725260417 0.00315348307292 0.00161743164062 0.0 0.00868733723958 0.0 0.0 0.0 0.0101013183594 
795 0.101216634115 0.0 0.0 0.521931966146 0.0 0.0 0.0 0.250559488932 0.0 0.0222473144531 0.0157979329427 0.0 0.0 0.048329671224 0.00962320963542 0.0 0.000590006510417 0.00372314453125 0.00141398111979 0.0 0.0142923990885 0.0 0.0 0.0 0.0102742513021 
799 0.0884195963542 0.0 0.0 0.568176269531 0.0 0.0 0.0 0.204457600911 0.0 0.0222880045573 0.010264078776 1.01725260417e-05 0.0 0.0302530924479 0.0135396321615 0.0 0.000518798828125 0.00533040364583 0.00120035807292 0.0 0.0452677408854 0.0 0.0 0.0 0.0102742513021 
865 0.00124104817708 0.0 0.0 0.617248535156 0.0 0.0 0.0 0.00399780273438 0.0 0.00246175130208 0.106994628906 0.0 0.0 0.00336710611979 0.117075602214 0.0 0.000467936197917 0.0 0.147104899089 0.0 3.0517578125e-05 0.0 0.0 0.0 1.01725260417e-05 
