Leaf
242 0.0495910644531 0.0 0.0 0.0667317708333 0.00324503580729 0.0 0.210611979167 0.0 0.0 0.0195821126302 0.471903483073 0.0 0.0 0.015858968099 0.115854899089 0.0 1.01725260417e-05 0.0 0.0110270182292 0.0 0.0258483886719 0.0 0.0 0.0 0.00973510742188 
232 0.146962483724 0.0 0.0 0.223276774089 0.0 0.0 0.00272623697917 0.0 0.0 0.00309244791667 0.486389160156 0.0 0.0 0.000874837239583 0.0930684407552 0.0 0.0 0.0 0.016347249349 0.0 0.010508219401 0.0 0.0 0.0 0.0167541503906 
120 0.0544026692708 0.0 0.0 0.0647786458333 0.0 0.0 0.0233561197917 0.000295003255208 0.0 0.00513712565104 0.413889567057 0.0 0.0 0.00654093424479 0.306182861328 0.0 2.03450520833e-05 0.0 0.00364176432292 0.0 0.109303792318 0.0 0.0 0.0 0.012451171875 
125 0.00959269205729 0.0 0.0 0.197336832682 0.0208536783854 0.0 0.0382080078125 0.000162760416667 2.03450520833e-05 0.0191752115885 0.408477783203 0.0 7.12076822917e-05 0.0140177408854 0.227244059245 0.000752766927083 0.0146993001302 0.00827026367188 0.031504313151 0.000213623046875 0.00214640299479 0.00136311848958 0.000956217447917 2.03450520833e-05 0.00491333007812 
134 0.0571085611979 0.0 0.0 0.155893961589 0.000396728515625 0.0 0.073496500651 0.00367228190104 0.0 0.0108744303385 0.455546061198 0.0 0.0 0.0102030436198 0.194346110026 2.03450520833e-05 0.000345865885417 0.0 0.00682576497396 4.06901041667e-05 0.0274454752604 0.0 0.0 0.0 0.0037841796875 
145 0.079091389974 0.0 0.0 0.144134521484 0.0 0.0 0.00299072265625 4.06901041667e-05 0.0 0.0119934082031 0.380116780599 0.0 0.0 0.0157572428385 0.34043375651 0.0 4.06901041667e-05 0.0 0.00619506835938 0.0 0.0191141764323 0.0 0.0 0.0 9.1552734375e-05 
150 0.0671183268229 0.0 0.0 0.0648193359375 0.000111897786458 0.0 0.0794982910156 0.0 0.0 0.0147094726562 0.463419596354 0.0 0.0 0.00601196289062 0.277811686198 0.000681559244792 0.000244140625 0.0 0.00559488932292 0.0 0.0117696126302 0.0 0.0 0.0 0.00820922851562 
166 0.0792744954427 0.0 0.0 0.135528564453 0.0 0.0 0.0753072102865 0.00257364908854 0.0 0.0138244628906 0.434509277344 0.0 0.0 0.00425211588542 0.182790120443 0.0 0.000742594401042 0.000213623046875 0.00826009114583 0.0 0.0560607910156 0.0 0.0 0.0 0.00666300455729 
177 0.0686848958333 0.0 0.0 0.0984700520833 0.00120035807292 0.0 0.0653889973958 5.08626302083e-05 0.0 0.0079345703125 0.452545166016 0.0 0.0 0.038075764974 0.244557698568 0.0 0.0 0.0 0.00567626953125 0.0 0.0137634277344 0.0 0.0 0.0 0.00365193684896 
185 0.0326334635417 0.0 0.0 0.0356953938802 0.000325520833333 0.0 0.0521036783854 0.00181070963542 0.0 0.00767008463542 0.418863932292 0.0 0.0 0.0682983398438 0.094960530599 0.0 8.13802083333e-05 0.00731404622396 0.0439453125 0.0001220703125 0.224273681641 0.0 0.0 1.01725260417e-05 0.0118916829427 
194 0.00965372721354 0.0 0.0 0.0320332845052 0.00167846679688 0.0 0.156595865885 0.00262451171875 6.103515625e-05 0.0204569498698 0.487396240234 0.0 0.0 0.00441487630208 0.217366536458 0.000101725260417 0.00265502929688 0.0 0.0292154947917 0.00120035807292 0.0209045410156 0.0 3.0517578125e-05 0.0 0.0136108398438 
204 0.0889587402344 0.0 0.0 0.118581136068 0.0998229980469 0.0 0.00173950195312 0.00142415364583 0.0 0.0469360351562 0.345825195312 0.0 0.0 0.0387064615885 0.145284016927 0.0 0.000295003255208 0.0 0.00633748372396 0.0 0.0980224609375 0.0 0.0 0.0 0.00806681315104 
222 0.0962626139323 0.0 0.0 0.173604329427 1.01725260417e-05 0.0 0.000752766927083 0.00129191080729 0.0 0.0987141927083 0.36289469401 0.0 0.0 0.0426635742188 0.122263590495 0.0 0.00160725911458 0.0 0.0102844238281 0.0 0.0728861490885 0.0 0.0 0.0 0.0167643229167 
239 0.082041422526 0.0 0.0 0.0987650553385 0.0272928873698 0.0 0.0838012695312 3.0517578125e-05 0.0 0.023691813151 0.463999430339 0.0 0.0 0.0186360677083 0.123911539714 0.0 7.12076822917e-05 0.0 0.0142415364583 0.0 0.048817952474 0.0 0.0 0.0 0.0146993001302 
241 0.110961914062 0.0 0.0 0.11469523112 0.0348002115885 0.0 0.0378214518229 0.000111897786458 0.0 0.0323893229167 0.380869547526 0.0 0.0 0.0594787597656 0.188995361328 0.0 0.000712076822917 0.0 0.00802612304688 0.0 0.0235290527344 0.0 0.0 0.0 0.00760904947917 
246 0.0674845377604 0.0 0.0 0.151407877604 0.0 0.0 0.0249226888021 0.0 0.0 0.0341389973958 0.375162760417 0.0 0.0 0.00959269205729 0.172108968099 0.0 0.00328572591146 0.0 0.0535074869792 0.0 0.0514424641927 0.0 0.0 0.0 0.0569458007812 
272 0.145477294922 0.0 0.0 0.125081380208 0.0 0.0 0.00160725911458 2.03450520833e-05 0.0 0.0154215494792 0.457936604818 0.0 0.0 0.0048828125 0.130747477214 0.0 0.0 0.0 0.0358581542969 0.0 0.0673522949219 0.0 0.0 0.0 0.015614827474 
277 0.108378092448 0.0 0.0 0.189900716146 0.0 0.0 0.00226847330729 0.0 0.0 0.0704956054688 0.393290201823 0.0 0.0 0.0283406575521 0.144419352214 0.0 0.00030517578125 0.0 0.00431315104167 0.0 0.0443522135417 0.0 0.0 0.0 0.0139363606771 
278 0.158345540365 0.0 0.0 0.141255696615 0.0 0.0 0.00163777669271 3.0517578125e-05 0.0 0.0289408365885 0.458852132161 0.0 0.0 0.0227661132812 0.150634765625 0.0 0.0 0.0 0.00588989257812 0.0 0.0178731282552 0.0 0.0 0.0 0.0137736002604 
280 0.123718261719 0.0 0.0 0.158091227214 0.02294921875 0.0 0.011474609375 0.000315348307292 0.0 0.00456746419271 0.494486490885 0.0 0.0 0.00498453776042 0.156626383464 0.0 0.0 0.0 0.0110473632812 0.0 0.0086669921875 0.0 0.0 0.0 0.00307210286458 
289 0.0965779622396 0.0 0.0 0.0938720703125 0.0250651041667 0.0 0.0115051269531 0.00030517578125 0.0 0.016357421875 0.431243896484 0.0 0.0 0.0721740722656 0.193339029948 0.0 0.0 4.06901041667e-05 0.0130208333333 0.0 0.038330078125 0.0 0.0 0.0 0.00816853841146 
298 0.0677693684896 0.0 0.0 0.130706787109 0.0 0.0 0.00148518880208 0.00161743164062 0.0 0.0115661621094 0.463663736979 0.0 0.0 0.0321655273438 0.217071533203 0.0 0.0 0.0 0.0198364257812 0.0 0.0455729166667 0.0 0.0 0.0 0.008544921875 
349 0.188120524089 0.0 0.0 0.140635172526 0.00692749023438 0.0 0.00822957356771 0.000386555989583 0.0 0.0352783203125 0.398173014323 0.0 0.0 0.0444539388021 0.079335530599 0.0 0.000172932942708 0.0203145345052 0.0184224446615 0.0 0.0438639322917 0.00157674153646 0.0 0.00190226236979 0.01220703125 
365 0.0836079915365 0.0 0.0 0.130167643229 0.000162760416667 0.0 0.00456746419271 0.00723266601562 0.0 0.0535074869792 0.374684651693 0.0 0.0 0.0478108723958 0.140655517578 0.0210774739583 0.00883992513021 7.12076822917e-05 0.0173746744792 0.00432332356771 0.0588175455729 0.0 9.1552734375e-05 0.000579833984375 0.0464274088542 
557 0.0808919270833 0.0 0.0 0.147745768229 0.0 0.0 0.0137532552083 0.0 0.0 0.00822957356771 0.408477783203 0.0 0.0 0.00274658203125 0.138631184896 0.0 0.0 0.0 0.0229085286458 0.0 0.161041259766 0.0 0.0 0.0 0.0155741373698 
579 0.0938110351562 0.0 0.0 0.0542195638021 0.0 0.0 0.0 0.0123392740885 0.0 0.0334981282552 0.392791748047 0.0 0.0 0.083251953125 0.256764729818 0.0 5.08626302083e-05 0.0 0.032948811849 0.0 0.0311787923177 0.0 0.0 0.0 0.00914510091146 
597 0.0401509602865 0.0 0.0 0.147349039714 0.0 0.0 0.000213623046875 0.00654093424479 0.0 0.0433858235677 0.32378133138 0.0 0.0 0.0420532226562 0.169626871745 0.0 0.00215657552083 0.0 0.019521077474 3.0517578125e-05 0.083974202474 0.0 0.0 0.0 0.121215820312 
720 0.0316162109375 0.0 0.0 0.103332519531 0.0143636067708 0.0 0.00123087565104 0.0802815755208 0.0 0.0172220865885 0.387654622396 0.0 0.0 0.00772094726562 0.309071858724 0.0 0.0156962076823 0.0 0.0112508138021 0.000620524088542 0.0193481445312 0.0 0.0 0.0 0.000590006510417 
753 0.0536804199219 0.0 0.0 0.050059000651 0.00091552734375 0.0 0.000254313151042 0.108693440755 0.0 0.0781453450521 0.407541910807 0.000498453776042 0.0 0.0484924316406 0.112030029297 0.0 0.0350646972656 0.0599772135417 0.0184122721354 3.0517578125e-05 0.0172424316406 0.00437418619792 0.0 0.0 0.00458780924479 
756 0.0446472167969 0.0 0.0 0.0741475423177 0.00177001953125 0.0 0.00263468424479 0.11675008138 0.0 0.0632120768229 0.425476074219 4.06901041667e-05 0.0 0.052235921224 0.127990722656 0.0 0.0196838378906 0.0355733235677 0.0169677734375 0.0 0.0155436197917 0.000559488932292 0.0 0.0 0.00276692708333 
814 0.0869954427083 0.0 0.0 0.143351236979 0.0 0.0 0.107940673828 0.0 0.0 2.03450520833e-05 0.315684000651 0.0 0.0 0.0 0.171112060547 0.0 0.0 0.0 0.076649983724 0.0 0.00281778971354 0.0 0.0 0.0 0.0954284667969 
820 0.170084635417 0.0 0.0 0.163014729818 0.0 0.0 0.00651041666667 0.0211385091146 0.0 0.000986735026042 0.484720865885 0.0 0.0 0.0105387369792 0.121917724609 0.0 0.0 0.0 0.00399780273438 0.0 0.00574747721354 0.0 0.0 0.0 0.0113423665365 
828 0.0684611002604 0.0 0.0 0.076405843099 0.0 0.0 0.179453531901 0.0 0.0 0.000752766927083 0.424652099609 0.0 0.0 0.000193277994792 0.176127115885 0.0 0.0 0.0 0.0331522623698 0.0 0.00282796223958 0.0 0.0 0.0 0.0379740397135 
829 0.208292643229 0.0 0.0 0.179321289062 0.0 0.0 0.01513671875 0.0491536458333 0.0 0.000600179036458 0.328297932943 0.0 0.0 0.00291951497396 0.181671142578 0.0 0.0 0.0 0.0249532063802 0.0 0.000406901041667 0.0 0.0 0.0 0.00924682617188 
830 0.0855407714844 0.0 0.0 0.223673502604 0.0 0.0 0.085947672526 0.060292561849 0.0 0.0144653320312 0.374969482422 0.0 0.0 0.0115865071615 0.130920410156 0.0 0.0 0.0 0.000722249348958 0.0 0.00391642252604 0.0 0.0 0.0 0.00796508789062 
855 0.144205729167 0.0 0.0 0.130930582682 0.0 0.0 0.0123596191406 1.01725260417e-05 0.0 0.0154215494792 0.36382039388 0.0 0.0 0.00161743164062 0.1455078125 0.0 0.00286865234375 0.0 0.0502726236979 0.0 0.0238952636719 0.0 0.0 0.0 0.109090169271 
861 0.16938273112 0.0 0.0 0.142293294271 0.0561828613281 0.0 0.0328063964844 0.0 0.0 0.0225728352865 0.350931803385 0.0 0.0 0.0465189615885 0.0613199869792 0.0 0.0 0.00180053710938 0.024180094401 0.0 0.0741577148438 0.0 0.0 0.0 0.0178527832031 
880 0.133605957031 0.0 0.0 0.174062093099 0.00188191731771 0.0 0.0970052083333 7.12076822917e-05 0.0 0.00726318359375 0.385579427083 0.0 0.0 0.000295003255208 0.146525065104 0.0 8.13802083333e-05 0.0 0.0105489095052 0.0 0.000386555989583 0.0 0.0 0.0 0.0426940917969 
882 0.0222473144531 0.0 0.0 0.1865234375 0.0 0.0 0.0396219889323 0.0198567708333 0.0 0.0102945963542 0.480489095052 0.0 0.0 0.106180826823 0.0697021484375 0.0 0.0 0.0202433268229 0.0110473632812 0.0 0.0166015625 8.13802083333e-05 0.0 0.00127156575521 0.0158386230469 
889 0.0739237467448 0.0 0.0 0.184254964193 0.00655110677083 0.0 0.0751037597656 0.00313313802083 0.0 0.0116170247396 0.38232421875 0.0 0.0 0.030039469401 0.183624267578 0.0 0.0 0.0 0.021718343099 0.0 0.00163777669271 0.0 0.0 0.0 0.0260721842448 
895 0.115295410156 0.0 0.0 0.12803141276 0.0584106445312 0.0 0.0307210286458 0.00798543294271 0.0 0.00435384114583 0.370788574219 0.0 0.0 0.0348002115885 0.217661539714 0.0 0.0 0.00018310546875 0.0209554036458 0.0 0.00770060221354 0.0 0.0 0.0 0.00311279296875 
