Leaf
672 0.0531412760417 0.00126139322917 0.0 0.0147399902344 0.0156453450521 0.455546061198 0.000467936197917 0.0 0.0 0.0 0.00801595052083 0.0 0.0393981933594 0.0 0.0 0.0 0.0 0.819834391276 0.0 0.00157674153646 0.0 0.0 0.000640869140625 0.0 0.23057047526 
117 0.0531412760417 0.0 0.106068929036 0.0 0.0186360677083 0.158355712891 0.0 0.000274658203125 0.0 0.194366455078 0.026621500651 0.0 0.00270589192708 0.0030517578125 0.0180867513021 0.0 0.000630696614583 0.342163085938 0.000233968098958 0.0 0.0 0.0170084635417 0.0108439127604 0.00295003255208 0.00217692057292 
2 0.0531412760417 0.0 0.00873819986979 0.00560506184896 0.0 0.192413330078 0.0 0.0577494303385 0.00800577799479 0.0167541503906 0.105743408203 0.00337727864583 0.00691731770833 0.0 0.123626708984 0.0 0.00425211588542 0.191569010417 0.0 0.117960611979 0.000356038411458 0.00156656901042 0.0142415364583 0.00157674153646 0.00030517578125 
17 0.0531412760417 0.00808715820312 0.191569010417 0.0 0.01904296875 0.254119873047 0.0 0.0 0.0 0.16401163737 0.0743916829427 0.0 0.0 0.00138346354167 0.0420633951823 0.0 0.0 0.122619628906 0.000864664713542 0.000864664713542 0.000417073567708 0.0450948079427 0.0164286295573 0.00542195638021 0.0 
102 0.0531412760417 0.0 0.0 0.000864664713542 0.0 0.207234700521 0.0 0.10551961263 0.0324910481771 0.0221048990885 0.0399068196615 0.0 0.0114237467448 0.0 0.124277750651 0.0 0.00263468424479 0.359456380208 0.0 0.0634155273438 0.0227864583333 0.00459798177083 0.0 0.0 0.0 
109 0.0531412760417 0.00642903645833 0.0101216634115 0.0 0.0 0.222035725911 0.0 0.0271809895833 0.0 0.000722249348958 0.0 0.0456237792969 0.0 0.00172932942708 0.0 0.0418192545573 0.0256856282552 0.253835042318 0.0 0.0 0.0 0.0846761067708 0.0 0.000213623046875 0.000284830729167 
139 0.0531412760417 0.0320841471354 0.14306640625 0.0 0.00581868489583 0.0710042317708 0.0399068196615 0.0 0.0 0.0 0.0210774739583 0.000223795572917 0.00717163085938 0.0 0.0 0.126698811849 0.00835164388021 0.149047851562 0.0 0.0626525878906 0.0 0.00103759765625 0.0 0.0 0.0 
167 0.0531412760417 0.00048828125 0.141713460286 0.0 0.0833638509115 0.352060953776 0.0 0.00185139973958 0.0 0.217569986979 0.119354248047 0.0 0.00258382161458 0.0 0.0166219075521 0.0 0.0 0.167256673177 0.0233561197917 0.000193277994792 0.0 0.0001220703125 0.0025634765625 0.0 0.0 
192 0.0531412760417 0.00963338216146 0.209747314453 0.0 0.00617472330729 0.117319742839 0.0 0.0 0.0 0.0667419433594 0.0743204752604 0.0 3.0517578125e-05 0.0 0.0156453450521 0.0 0.0 0.471537272135 0.00218709309896 0.0 0.0 0.000467936197917 0.00110880533854 0.000579833984375 0.0 
392 0.0531412760417 0.0208740234375 0.0376281738281 0.0 0.00955200195312 0.117523193359 0.0 0.0 0.0 0.161214192708 0.016591389974 0.0 0.0 0.0 0.0491841634115 0.0 0.0 0.304423014323 0.0 0.0 0.1240234375 0.000203450520833 0.00241088867188 0.00584920247396 0.0 
417 0.0531412760417 0.0 0.0399068196615 0.0 0.00717163085938 0.126698811849 0.0 0.00103759765625 0.0 0.0648193359375 0.0560607910156 0.0 0.0 0.0 0.00314331054688 0.0 0.0 0.140635172526 0.0406494140625 0.0 0.000661214192708 0.000172932942708 0.0194091796875 0.001708984375 0.0 
597 0.0531412760417 0.0 0.00460815429688 0.00282796223958 0.0280049641927 0.234293619792 0.0142618815104 0.14316813151 0.0 0.0 0.0904541015625 0.0 0.382527669271 0.0 1.01725260417e-05 0.0 0.0 0.559987386068 0.0 0.117268880208 0.0 0.0 0.0980326334635 0.00135294596354 0.0787150065104 
622 0.0531412760417 0.0 0.0 0.0123494466146 0.0472310384115 0.296468098958 0.00222778320312 0.000315348307292 0.0 0.0 0.0682373046875 0.000203450520833 0.217071533203 0.0 0.0 0.0 0.0 0.551513671875 0.0 0.0576883951823 0.0 0.0 0.0857950846354 0.00886027018229 0.147349039714 
647 0.0531412760417 0.0 0.0 0.0214335123698 0.0245869954427 0.391540527344 0.0 4.06901041667e-05 0.0 0.0 0.0333862304688 0.0 0.132049560547 0.0 0.0 0.0 0.0 0.728383382161 0.0 0.110748291016 0.0 0.0 0.0887451171875 0.00328572591146 0.126739501953 
697 0.0531412760417 0.0 0.00649007161458 0.01171875 0.0475056966146 0.20644124349 0.00250244140625 0.0 0.0 0.0 0.0178731282552 0.0 0.0826721191406 1.01725260417e-05 0.0 0.0 0.0 0.736236572266 1.01725260417e-05 0.00874837239583 0.0 0.0 0.08642578125 8.13802083333e-05 0.400034586589 
722 0.0531412760417 0.0 0.012705485026 0.018056233724 0.00581868489583 0.164154052734 1.01725260417e-05 0.0 0.0 0.0 0.0215352376302 0.0 0.0610961914062 0.0 0.0 0.0 0.0 0.645263671875 0.0 0.0542805989583 0.0 0.0 0.0235595703125 0.00201416015625 0.461466471354 
867 0.0531412760417 0.0189921061198 0.359456380208 0.0 0.00779215494792 0.206258138021 0.0 0.0 0.0 0.0912679036458 0.0308532714844 0.0 0.0 0.0 0.0291442871094 0.0 0.0 0.269877115885 1.01725260417e-05 0.0047607421875 0.113362630208 0.167307535807 0.000244140625 0.00344848632812 0.0 
872 0.0531412760417 0.0 0.0256856282552 0.000284830729167 0.0115966796875 0.328308105469 0.0030517578125 0.000518798828125 0.0 0.0 0.0309448242188 0.0001220703125 0.00637817382812 0.0 0.0 0.0 0.0 0.257181803385 0.0 0.0 0.0544637044271 0.0 0.0295918782552 0.00225830078125 0.0329182942708 
884 0.0531412760417 0.0757141113281 0.0186462402344 0.0 0.0 0.083017985026 0.0 0.017323811849 0.0 0.0529174804688 0.0 0.0435791015625 0.0 0.000254313151042 0.0 0.052490234375 0.0 0.279561360677 0.0 0.0 0.0 0.00795491536458 0.0 5.08626302083e-05 0.0 
895 0.0531412760417 0.0171101888021 0.0 0.128265380859 0.0 0.104634602865 0.0228169759115 0.0 0.18857828776 0.0 0.399444580078 0.0700480143229 0.0 0.00485229492188 0.0 0.108388264974 0.338643391927 0.497619628906 0.000508626302083 0.0 0.103068033854 0.0380859375 0.0 0.289133707682 0.0 
