Leaf
867 0.0 0.0 0.0 0.16460164388 0.0 0.0 0.0 0.0211181640625 0.0 0.00594075520833 0.351735432943 0.0 0.0 0.00949096679688 0.167612711589 0.0 0.0 0.0 0.278483072917 0.0 0.000203450520833 0.0 0.0 0.0 0.000813802083333 
33 0.0546875 0.0 0.0 0.167521158854 0.000203450520833 0.0 9.1552734375e-05 0.0317586263021 0.0 0.0399068196615 0.352060953776 4.06901041667e-05 0.0 0.0364278157552 0.195190429688 0.0 0.000386555989583 9.1552734375e-05 0.0292460123698 0.0 0.0704447428385 0.0 0.0 0.0 0.0219421386719 
98 0.0362040201823 0.0 0.0 0.223266601562 0.0 0.0 0.00189208984375 0.0170084635417 0.0 0.073008219401 0.347279866536 0.0 0.0 0.0662536621094 0.130310058594 0.0 0.0133870442708 0.0 0.00879923502604 5.08626302083e-05 0.0655924479167 0.0 0.0 0.0 0.0169474283854 
118 0.0237426757812 0.0 0.0 0.170837402344 0.0 0.0 0.0611775716146 0.0 0.0 0.0389302571615 0.298207600911 0.0 0.0 0.00823974609375 0.325663248698 0.0 7.12076822917e-05 0.0 0.0113932291667 0.0 0.0395914713542 0.0 0.0 0.0 0.0221455891927 
361 0.0881652832031 0.0 0.0 0.075429280599 0.000274658203125 0.0 0.00566609700521 0.00247192382812 0.0 0.0365091959635 0.302805582682 0.0 0.0 0.00468953450521 0.14170328776 0.0706278483073 0.0111796061198 0.0 0.0529378255208 0.00518798828125 0.0275573730469 0.0 0.000722249348958 0.0 0.174072265625 
380 0.146667480469 0.0 0.0 0.0974934895833 0.00679524739583 0.0 0.00516764322917 8.13802083333e-05 0.0 0.0578104654948 0.340372721354 0.0 0.0 0.0126037597656 0.0872497558594 0.0561319986979 0.00833129882812 0.0 0.140431722005 0.000213623046875 0.0280151367188 0.0 1.01725260417e-05 0.0 0.0126241048177 
560 0.0901896158854 0.0 0.0 0.0902201334635 0.0 0.0 0.00133260091146 0.00156656901042 0.0 0.0475362141927 0.323465983073 0.0 0.0 0.0885314941406 0.174519856771 0.0 0.000152587890625 0.000478108723958 0.0783284505208 0.0 0.0901997884115 0.0 0.0 0.0 0.0134785970052 
587 0.035878499349 0.0 0.0 0.211334228516 4.06901041667e-05 0.0 0.00167846679688 0.0124816894531 0.0 0.0269877115885 0.337921142578 0.0 0.0 0.0674438476562 0.199350992839 0.0 0.00131225585938 1.01725260417e-05 0.0216267903646 0.0 0.0656941731771 0.0 0.0 0.0 0.0182393391927 
588 0.0169576009115 0.0 0.0 0.0960591634115 1.01725260417e-05 0.0 0.000579833984375 0.0193481445312 0.0 0.0210571289062 0.378702799479 0.0 0.0 0.0586140950521 0.259358723958 0.0 0.00103759765625 3.0517578125e-05 0.050059000651 0.0 0.0329996744792 0.0 0.0 0.0 0.065185546875 
802 0.142862955729 0.0 0.0 0.20849609375 0.0 0.0 0.00225830078125 0.00266520182292 0.0 5.08626302083e-05 0.369791666667 0.0 0.0 0.00103759765625 0.183176676432 0.0 0.0 0.0 0.0359293619792 0.0 0.00042724609375 0.0 0.0 0.0 0.0533040364583 
884 0.151967366536 0.0 0.0 0.184377034505 0.0 0.0 0.081532796224 0.0 0.0 7.12076822917e-05 0.286549886068 0.0 0.0 0.000417073567708 0.147694905599 0.0 0.0 0.0 0.0738932291667 0.0 0.00182088216146 0.0 0.0 0.0 0.0716756184896 
891 0.137145996094 0.0 0.0 0.216298421224 0.0 0.0 0.021494547526 0.000233968098958 0.0 0.046630859375 0.351857503255 0.0 0.0 0.0414123535156 0.160339355469 0.0 0.0 0.0001220703125 0.00714111328125 0.0 0.00180053710938 0.0 0.0 0.0 0.0155232747396 
