Leaf
857 0.341857910156 0.0 0.0 0.0764668782552 0.0 0.0 0.019775390625 0.0 0.0 0.000233968098958 0.204335530599 0.0 0.0 0.0 0.261922200521 0.0 0.0 0.0 0.0417073567708 0.0 0.0325520833333 0.0 0.0 0.0 0.0211486816406 
201 0.335489908854 0.0 0.0 0.22026570638 0.0 0.0 0.0 4.06901041667e-05 0.0 0.00548299153646 0.11610921224 0.0 0.0 0.00342814127604 0.30815633138 0.0 0.0 0.0 0.00547281901042 0.0 0.00517781575521 0.0 0.0 0.0 0.000376383463542 
218 0.193908691406 0.0 0.0 0.108215332031 0.0 0.0 0.00341796875 8.13802083333e-05 0.0 0.0399983723958 0.186350504557 0.0 0.0 0.0570780436198 0.186899820964 0.0 0.000528971354167 0.156514485677 0.0129597981771 0.0 0.0277608235677 0.0234985351562 0.0 6.103515625e-05 0.00272623697917 
109 0.322814941406 0.0 0.0 0.158518473307 0.00324503580729 0.0 0.000559488932292 2.03450520833e-05 0.0 0.0247090657552 0.193603515625 0.0 0.0 0.0201924641927 0.211486816406 0.0 0.00054931640625 0.0 0.00963338216146 0.0 0.048105875651 0.0 0.0 0.0 0.00656127929688 
182 0.361470540365 0.0 0.0 0.263346354167 0.0244852701823 0.0 0.00218709309896 0.00153605143229 0.0 0.0227254231771 0.217508951823 0.0 0.0 0.0111185709635 0.0880839029948 0.000986735026042 0.000264485677083 1.01725260417e-05 0.00301106770833 0.000386555989583 0.00270589192708 0.0 0.0 0.0 0.000172932942708 
206 0.239237467448 0.0 0.0 0.13417561849 0.00204467773438 0.0 0.0498860677083 0.000142415364583 0.0 0.100443522135 0.173411051432 0.0 0.0 0.0478922526042 0.19389851888 0.0 0.0 0.0 0.0110677083333 0.0 0.0470275878906 0.0 0.0 0.0 0.000773111979167 
208 0.298736572266 0.0 0.0 0.226247151693 0.0 0.0 0.0 5.08626302083e-05 0.0 0.0318908691406 0.126708984375 0.0 0.0 0.0243835449219 0.174580891927 0.0 0.0 0.0 0.00222778320312 0.0 0.0835978190104 0.0 0.0 0.0 0.0315755208333 
217 0.248067220052 0.0 0.0 0.10898844401 0.0 0.0 5.08626302083e-05 0.00177001953125 0.0 0.0592651367188 0.109181722005 0.0 0.0 0.0806274414062 0.223459879557 0.0 0.000111897786458 0.0 0.0503946940104 0.0 0.0990804036458 0.0 0.0 0.0 0.0190022786458 
228 0.353708902995 0.0 0.0 0.0954996744792 0.0188293457031 0.0 0.0268147786458 0.000356038411458 0.0 0.0491231282552 0.23969523112 0.0 0.0 0.0362141927083 0.065185546875 0.0 0.0008544921875 0.000111897786458 0.00855509440104 0.0 0.0862731933594 0.0 0.0 0.0 0.0187784830729 
261 0.257700602214 0.0 0.0 0.16796875 0.000244140625 0.0 0.00230916341146 0.000244140625 0.0 0.0655212402344 0.178995768229 0.0 0.0 0.0408935546875 0.187876383464 1.01725260417e-05 0.000813802083333 0.000417073567708 0.0120340983073 0.0 0.0696004231771 0.0 0.0 0.0 0.015370686849 
297 0.370025634766 0.0 0.0 0.0682983398438 0.0 0.0 0.0 9.1552734375e-05 0.0 0.036875406901 0.0947774251302 0.0 0.0 0.105234781901 0.198008219401 0.0 0.0 0.0 0.0445861816406 0.0 0.0655008951823 0.0 0.0 0.0 0.0166015625 
301 0.337982177734 0.0 0.0 0.0831502278646 0.129211425781 0.0 0.0147094726562 0.0 0.0140482584635 0.0263163248698 0.119974772135 0.0 0.0 0.000956217447917 0.193247477214 0.0453389485677 0.0111897786458 0.0 0.000620524088542 0.0006103515625 0.0157674153646 0.0 1.01725260417e-05 5.08626302083e-05 0.00681559244792 
323 0.245452880859 0.0 0.0 0.20908610026 0.0274454752604 0.0 0.0914815266927 0.0 0.0 0.00163777669271 0.115020751953 0.0 0.0 0.000864664713542 0.120564778646 0.0 0.0 0.0 0.123687744141 0.000152587890625 0.00843302408854 0.0 0.0 1.01725260417e-05 0.056162516276 
345 0.334554036458 0.0 0.0 0.0972188313802 0.00198364257812 0.0 0.00686645507812 0.0 0.0 0.0418395996094 0.233164469401 0.0 0.0 0.010264078776 0.128631591797 0.0 0.000213623046875 0.00157674153646 0.0217895507812 0.0 0.107462565104 0.0 0.0 0.0 0.0144348144531 
355 0.212422688802 0.0 0.0 0.178395589193 0.0 0.0 0.00746663411458 0.000946044921875 0.0 0.0747782389323 0.260894775391 0.0 0.0 0.0355631510417 0.147318522135 0.0267028808594 0.00534057617188 0.0138142903646 0.00593058268229 0.00258382161458 0.0115966796875 0.0122477213542 0.00018310546875 0.00180053710938 0.00201416015625 
356 0.368957519531 0.0 0.0 0.142608642578 0.0 0.0 0.000986735026042 0.0010986328125 0.0 0.0721028645833 0.16059366862 0.0 0.0 0.0207316080729 0.141072591146 0.000193277994792 0.00135294596354 0.00079345703125 0.0258585611979 1.01725260417e-05 0.0572408040365 0.0 0.0 0.0 0.00639851888021 
362 0.328308105469 0.0 0.0 0.119201660156 0.0 0.0 0.00410970052083 0.000895182291667 0.0 0.0435791015625 0.182484944661 1.01725260417e-05 0.0 0.0265604654948 0.110290527344 8.13802083333e-05 0.00227864583333 0.0255940755208 0.0397135416667 0.00397745768229 0.0220336914062 0.00865681966146 0.0 0.000142415364583 0.0820821126302 
386 0.241465250651 0.0 0.0 0.110239664714 0.000590006510417 0.0 0.00872802734375 0.000406901041667 0.0 0.0201110839844 0.207946777344 0.0 0.0 0.0336201985677 0.142771402995 0.0176188151042 0.00200398763021 0.00558471679688 0.0493367513021 0.00324503580729 0.0741678873698 0.0 0.000132242838542 0.00560506184896 0.076426188151 
390 0.340474446615 0.0 0.0 0.162434895833 0.0114542643229 0.0 0.00985717773438 0.000864664713542 0.0 0.03271484375 0.220692952474 0.0 0.0 0.00343831380208 0.063710530599 0.00234985351562 0.00167846679688 0.0 0.0662434895833 0.00393676757812 0.0241394042969 0.0 0.0 0.0 0.0560099283854 
396 0.265991210938 0.0 0.0 0.187591552734 0.000162760416667 0.0 0.00229899088542 0.00121053059896 0.0 0.0469462076823 0.156982421875 0.0 0.0 0.00370279947917 0.136260986328 0.0948282877604 0.0145365397135 0.0 0.007080078125 0.0104268391927 0.0342610677083 0.0 0.000457763671875 0.0 0.0372619628906 
398 0.314300537109 0.0 0.0 0.166920979818 0.00194295247396 0.0 0.0211486816406 0.000193277994792 0.0 0.044687906901 0.0965270996094 0.0 0.0 0.012685139974 0.191670735677 0.011728922526 0.000946044921875 0.0042724609375 0.00919596354167 0.00480143229167 0.0288391113281 0.00557454427083 0.0 0.0737508138021 0.0108133951823 
689 0.28407796224 0.0 0.0 0.0521138509115 0.0 0.0 0.00628662109375 0.0 0.0 0.0603230794271 0.251057942708 0.0 0.000111897786458 0.0237121582031 0.216328938802 0.0 0.0222473144531 0.000803629557292 9.1552734375e-05 0.0 0.0827433268229 0.0 0.0 0.0 0.000101725260417 
692 0.411193847656 0.0 0.0 0.231577555339 0.0 0.0 0.000946044921875 0.00885009765625 0.0 0.00911458333333 0.10850016276 0.0 0.0 0.0460408528646 0.172648111979 0.0 0.0 0.0111185709635 0.0 0.0 1.01725260417e-05 0.0 0.0 0.0 0.0 
801 0.266326904297 0.0 0.0 0.114410400391 0.00189208984375 0.0 0.0814310709635 0.0 0.0 0.0103658040365 0.257649739583 0.0 0.0 0.00230916341146 0.145477294922 0.0 0.0 0.0 0.0222473144531 0.0 0.0042724609375 0.0 0.0 0.0 0.0936177571615 
808 0.386840820312 0.0 0.0 0.175811767578 0.113891601562 0.0 0.0387776692708 0.0 0.000162760416667 1.01725260417e-05 0.116363525391 0.0 0.0 0.0 0.107462565104 0.0 0.0 0.0 0.00741577148438 0.0 1.01725260417e-05 0.0 0.0 0.0 0.0532531738281 
831 0.257659912109 0.0 0.0 0.105407714844 0.0 0.0 0.0104675292969 0.0 0.0 0.00355021158854 0.156016031901 0.0 0.0 0.0 0.298858642578 0.0 0.0 0.0 0.0467020670573 0.0 0.0816955566406 0.0 0.0 0.0 0.0396423339844 
832 0.338144938151 0.0 0.0 0.15815226237 0.0 0.0 0.0148722330729 0.0 0.0 0.0195515950521 0.268310546875 0.0 0.0 0.0 0.140258789062 0.0 0.0 0.0 0.0259602864583 0.0 0.00360107421875 0.0 0.0 0.0 0.0311482747396 
842 0.33144124349 0.0 0.0 0.256001790365 0.0 0.0 0.00435384114583 0.00236002604167 0.0 0.00223795572917 0.323232014974 0.0 0.0 0.00435384114583 0.0576680501302 0.0 0.0 0.000223795572917 0.00227864583333 0.0 0.000233968098958 0.0 0.0 0.0 0.015614827474 
853 0.364227294922 0.0 0.0 0.24809773763 0.000752766927083 0.0 0.00120035807292 0.00752766927083 0.0 0.000600179036458 0.308909098307 0.0 0.0 0.00258382161458 0.0354410807292 0.0 0.0 0.0 0.00656127929688 0.0 0.022939046224 0.0 0.0 0.0 0.00115966796875 
856 0.323964436849 0.0 0.0 0.124806722005 0.00954182942708 0.0 0.109731038411 2.03450520833e-05 0.0 0.0729166666667 0.261352539062 0.0 0.0 0.0330301920573 0.0360514322917 0.0 3.0517578125e-05 0.00432332356771 0.00829060872396 2.03450520833e-05 0.0108947753906 3.0517578125e-05 0.0 0.00110880533854 0.00388590494792 
868 0.284993489583 0.0 0.0 0.106821695964 0.0 0.0 0.0001220703125 0.0 0.0 0.0147501627604 0.329518636068 0.0 0.0 0.000467936197917 0.116149902344 0.0 0.0 0.0 0.0641682942708 0.0 0.0457763671875 0.0 0.0 0.0 0.0372314453125 
890 0.233520507812 0.0 0.0 0.232218424479 0.0 0.0 0.0470479329427 0.0 0.0 0.00966389973958 0.183553059896 0.0 0.0 0.000640869140625 0.143961588542 0.0 0.000213623046875 0.0 0.0561218261719 0.0 0.00312296549479 0.0 0.0 0.0 0.0899353027344 
893 0.33534749349 0.0 0.0 0.167551676432 0.0104471842448 0.0 0.0382690429688 0.0008544921875 0.0 0.00686645507812 0.275767008464 0.0 0.0 0.00643920898438 0.102396647135 0.0 7.12076822917e-05 0.0 0.00923665364583 0.0 0.00251261393229 0.0 0.0 0.0 0.0442403157552 
896 0.220642089844 0.0 0.0 0.141235351562 0.0 0.0 0.0318908691406 0.0 0.0 0.0655314127604 0.203002929688 0.0 0.0 0.0816548665365 0.160278320312 0.0 2.03450520833e-05 0.00159708658854 0.0112101236979 0.0 0.055908203125 0.0 0.0 0.0 0.0270284016927 
903 0.284932454427 0.0 0.0 0.0861511230469 0.0 0.0 0.00147501627604 0.00375366210938 0.0 0.0319112141927 0.142100016276 0.0 0.0 0.033701578776 0.15776570638 0.00845336914062 0.00374348958333 0.0208129882812 0.0425720214844 0.00700887044271 0.048838297526 0.000406901041667 1.01725260417e-05 0.00555419921875 0.120808919271 
