Leaf
694 0.0589396158854 0.0 0.0 0.0263468424479 0.00159708658854 0.0 0.0168863932292 8.13802083333e-05 0.0 0.177490234375 0.144571940104 0.0 0.104044596354 0.00547281901042 0.0730794270833 0.043446858724 0.261423746745 0.0 0.00150553385417 0.0 0.0661010742188 0.0 0.0186157226562 0.0 0.000396728515625 
50 0.0803426106771 0.0 0.0 0.0426635742188 0.0 0.0 0.0 2.03450520833e-05 0.0 0.283040364583 0.0472920735677 0.0 0.0 0.130574544271 0.0106913248698 0.0732218424479 0.0245157877604 0.00481160481771 0.0169474283854 0.0796610514323 0.160949707031 0.000864664713542 0.000162760416667 0.00965372721354 0.0345865885417 
6 0.219268798828 0.0 0.0 0.16401163737 0.00173950195312 0.0 0.0134887695312 0.00311279296875 0.0 0.27739461263 0.118804931641 0.0 0.0 0.067148844401 0.0247599283854 8.13802083333e-05 0.013916015625 0.00048828125 0.00432332356771 0.000834147135417 0.0743916829427 0.0 0.0 0.000356038411458 0.015879313151 
7 0.175282796224 0.0 0.0 0.2333984375 0.0 0.0 0.00128173828125 0.00125122070312 0.0 0.166107177734 0.0914204915365 0.0 0.0 0.0579223632812 0.0399678548177 0.00901285807292 0.0318298339844 0.00963338216146 0.0191040039062 0.0160522460938 0.04736328125 0.000579833984375 0.00185139973958 0.00248209635417 0.095458984375 
12 0.194030761719 0.0 0.0 0.156778971354 0.0 0.0 0.000864664713542 0.0117899576823 0.0 0.217112223307 0.078623453776 5.08626302083e-05 0.0 0.0883280436198 0.0572102864583 0.010996500651 0.0171915690104 0.010986328125 0.0533142089844 0.0235188802083 0.0416463216146 0.00425211588542 0.000172932942708 0.000864664713542 0.0322672526042 
15 0.168314615885 0.0 0.0 0.100504557292 0.0 0.0 0.000946044921875 0.00228881835938 0.0 0.209747314453 0.0732828776042 0.0 6.103515625e-05 0.0918375651042 0.107615152995 0.001220703125 0.00542195638021 0.0208740234375 0.0643920898438 0.00914510091146 0.0781758626302 0.00934855143229 0.0 0.00719197591146 0.0496317545573 
21 0.138173421224 0.0 0.0 0.0925598144531 0.0 0.0 1.01725260417e-05 0.0 0.0 0.203969319661 0.0917561848958 0.0 0.0 0.0801086425781 0.00442504882812 0.00594075520833 0.103942871094 0.0 0.012461344401 0.00466918945312 0.222035725911 0.0 1.01725260417e-05 0.0 0.0399373372396 
26 0.158752441406 0.0 0.0 0.110168457031 0.0 0.0 0.00592041015625 0.00272623697917 0.0 0.201507568359 0.083750406901 0.000315348307292 0.0 0.0688680013021 0.0745544433594 0.0126241048177 0.0646769205729 0.000193277994792 0.0833638509115 0.0107421875 0.0863545735677 0.0 0.00126139322917 0.0 0.0342203776042 
37 0.168304443359 0.0 0.0 0.0980936686198 0.0 0.0 0.00128173828125 9.1552734375e-05 0.0 0.264414469401 0.0579732259115 0.0 0.0 0.126861572266 0.0306193033854 0.0159200032552 0.0494893391927 0.0172932942708 0.0261840820312 0.0378926595052 0.0723978678385 0.0140482584635 0.000874837239583 0.00377400716146 0.0144856770833 
39 0.181894938151 0.0 0.0 0.136352539062 0.0 0.0 0.000722249348958 0.0 0.0 0.117584228516 0.0741271972656 0.0 0.0 0.0243631998698 0.0830586751302 0.00602213541667 0.0364583333333 0.000162760416667 0.156870524089 0.013427734375 0.0620320638021 0.0 0.00388590494792 0.0 0.103037516276 
54 0.133107503255 0.0 0.0 0.0829366048177 1.01725260417e-05 0.0 0.0 0.00347900390625 0.0 0.271291097005 0.0448811848958 0.0 0.0 0.101715087891 0.0419209798177 0.0128072102865 0.0208333333333 0.00615437825521 0.0338338216146 0.0431925455729 0.115875244141 0.00116984049479 6.103515625e-05 0.000681559244792 0.0860493977865 
56 0.153940836589 0.0 0.0 0.139414469401 0.00270589192708 0.0 0.0171813964844 0.00633748372396 0.0 0.259206136068 0.0873514811198 0.0 0.0 0.114054361979 0.0334065755208 0.000874837239583 0.00910441080729 0.00172932942708 0.00904337565104 0.00588989257812 0.125264485677 6.103515625e-05 0.0 0.00213623046875 0.0322977701823 
58 0.1318359375 0.0 0.0 0.165863037109 3.0517578125e-05 0.0 0.000345865885417 0.0173034667969 0.0 0.256469726562 0.0884501139323 0.00520833333333 0.0 0.0842081705729 0.0997721354167 0.0268961588542 0.0109456380208 0.0111389160156 0.0213419596354 0.025156656901 0.043446858724 0.000315348307292 0.000498453776042 0.00123087565104 0.00954182942708 
59 0.192677815755 0.0 0.0 0.123474121094 0.0 0.0 0.000874837239583 0.000244140625 0.0 0.259633382161 0.0954386393229 0.0 0.0 0.0716247558594 0.0258178710938 0.000498453776042 0.038584391276 0.00418090820312 0.013671875 0.0032958984375 0.139831542969 0.000579833984375 0.0 0.000172932942708 0.0293986002604 
62 0.192413330078 0.0 0.0 0.288940429688 0.0 0.0 0.000101725260417 0.00173950195312 0.0 0.167317708333 0.10004679362 0.0 0.0 0.0602518717448 0.0254821777344 0.00331624348958 0.0307210286458 0.00330607096354 0.00955200195312 0.00761922200521 0.0322774251302 0.000885009765625 0.000467936197917 0.00118001302083 0.0743815104167 
66 0.289866129557 0.0 0.0 0.0813496907552 0.0 0.0 0.0 0.00232950846354 0.0 0.176239013672 0.0683288574219 0.0 0.0 0.137685139974 0.0316772460938 0.000630696614583 0.0684407552083 0.0 0.00717163085938 0.0040283203125 0.119354248047 0.0 0.0 0.0 0.0128987630208 
67 0.178049723307 0.0 0.0 0.116058349609 0.0 0.0 0.000244140625 0.00119018554688 0.0 0.257069905599 0.166035970052 0.0 0.0 0.0953776041667 0.0531005859375 0.00131225585938 0.0335693359375 0.0 0.00411987304688 0.00128173828125 0.0787658691406 0.0 0.0 0.0 0.0138244628906 
72 0.181549072266 0.0 0.0 0.104024251302 0.0 0.0 0.00161743164062 0.0 0.0 0.190795898438 0.108245849609 0.0 0.0 0.124867757161 0.0192667643229 0.000111897786458 0.0252176920573 0.00104777018229 0.0128377278646 0.000213623046875 0.207580566406 0.0 0.0 1.01725260417e-05 0.0226135253906 
76 0.179555257161 0.0 0.0 0.198384602865 8.13802083333e-05 0.0 0.00318400065104 0.00543212890625 0.0 0.180043538411 0.0657450358073 5.08626302083e-05 0.00156656901042 0.0688883463542 0.05712890625 0.00875854492188 0.0427652994792 0.023691813151 0.0293884277344 0.0244547526042 0.0743204752604 0.021250406901 0.00480143229167 0.000335693359375 0.0101725260417 
78 0.205525716146 0.0 0.0 0.180531819661 0.0 0.0 0.000844319661458 0.00168863932292 0.0 0.296529134115 0.117523193359 0.0 0.0 0.0504252115885 0.0655415852865 0.0328267415365 0.00188191731771 0.00179036458333 0.00636800130208 0.0128479003906 0.0130920410156 0.0 1.01725260417e-05 0.00242106119792 0.0101521809896 
87 0.196980794271 0.0 0.0 0.232676188151 2.03450520833e-05 0.0 0.000254313151042 0.00929768880208 0.0 0.19145711263 0.0817260742188 0.0 0.0 0.11865234375 0.0532430013021 0.000101725260417 0.00702921549479 0.00613403320312 0.0195109049479 9.1552734375e-05 0.0573527018229 0.000111897786458 0.0 0.0 0.0253601074219 
105 0.193959554036 0.0 0.0 0.090565999349 0.0 0.0 0.0665079752604 7.12076822917e-05 0.0 0.189341227214 0.0155843098958 0.0 0.0738016764323 0.154307047526 0.00539143880208 0.0282491048177 0.0626525878906 0.000162760416667 0.000783284505208 0.00259399414062 0.110158284505 0.0 8.13802083333e-05 0.0 0.00578816731771 
374 0.111399332682 0.0 0.0 0.0579630533854 0.0 0.0 0.00261433919271 0.0 0.0 0.277353922526 0.10459391276 0.0 0.0 0.0345865885417 0.0266825358073 0.084218343099 0.0340169270833 4.06901041667e-05 0.0281270345052 0.0257975260417 0.0556640625 0.0 0.00244140625 0.0 0.154500325521 
392 0.197865804036 0.0 0.0 0.0709838867188 0.0795491536458 0.0 0.00140380859375 0.0 0.0050048828125 0.243479410807 0.131724039714 0.0 0.0 0.0217895507812 0.111958821615 0.0221252441406 0.00416056315104 6.103515625e-05 0.0254414876302 0.00813802083333 0.0259195963542 0.0 0.0 0.00206502278646 0.048329671224 
668 0.115152994792 0.0 0.0 0.0695495605469 0.0 0.0 0.000447591145833 0.000335693359375 0.0 0.324890136719 0.0120747884115 0.0 0.0376180013021 0.00900268554688 0.0 0.288482666016 0.118540445964 4.06901041667e-05 0.0 0.00123087565104 0.0225423177083 0.0 7.12076822917e-05 2.03450520833e-05 0.0 
905 0.172627766927 0.0 0.0 0.0529378255208 0.0 0.0 0.0 0.00205485026042 0.0 0.2685546875 0.0333353678385 0.0 0.0 0.136596679688 0.0266927083333 0.00475056966146 0.00862630208333 0.0289611816406 0.00651041666667 0.000874837239583 0.226531982422 0.0 0.0 0.000132242838542 0.0308125813802 
906 0.134674072266 0.0 0.0 0.06005859375 0.0 0.0 0.00318400065104 0.000457763671875 0.0 0.255574544271 0.03125 0.0 0.0 0.188435872396 0.0468037923177 0.0326131184896 0.00834147135417 0.0523173014323 0.0286254882812 0.0366719563802 0.107228597005 0.0 4.06901041667e-05 0.00218709309896 0.0115356445312 
907 0.170481363932 0.0 0.0 0.135528564453 0.0 0.0 0.0 0.0253702799479 0.0 0.138631184896 0.0122782389323 0.0 0.0 0.10634358724 0.0208129882812 0.0252176920573 0.006103515625 0.0556640625 0.0492757161458 0.111287434896 0.0728149414062 4.06901041667e-05 0.000559488932292 0.0688680013021 0.000722249348958 
908 0.164489746094 0.0 0.0 0.0828043619792 0.0 0.0 0.0 0.00220743815104 0.0 0.290547688802 0.00393676757812 0.0 0.0 0.0809224446615 0.00115966796875 0.0706075032552 0.013661702474 0.0799255371094 0.00178019205729 0.157023111979 0.0349833170573 0.0 1.01725260417e-05 0.0152689615885 0.00067138671875 
917 0.0576985677083 0.0 0.0 0.0746765136719 0.0 0.0 6.103515625e-05 0.00202433268229 0.0 0.363260904948 0.109588623047 0.0 0.0 0.150705973307 0.073984781901 0.00140380859375 0.0260925292969 8.13802083333e-05 0.000864664713542 0.00136311848958 0.136810302734 0.0 0.0 0.0 0.00138346354167 
921 0.259134928385 0.0 0.0 0.084482828776 0.0 0.0 5.08626302083e-05 0.00128173828125 0.0 0.217783610026 0.070302327474 0.0 2.03450520833e-05 0.051767985026 0.0413818359375 0.132954915365 0.0224914550781 0.00226847330729 0.00509643554688 0.0147705078125 0.0904235839844 0.0 1.01725260417e-05 2.03450520833e-05 0.00575764973958 
931 0.257039388021 0.0 0.0 0.063730875651 0.0 0.0 0.0 0.00234985351562 0.0 0.205810546875 0.027099609375 0.0 0.0 0.164815266927 0.0604654947917 0.00177001953125 0.00306193033854 0.0337320963542 0.0294596354167 0.0194396972656 0.0785013834635 0.000376383463542 0.0 0.0215759277344 0.030771891276 
934 0.159779866536 0.0 0.0 0.0196126302083 0.0 0.0 0.0 0.0 0.0 0.267405192057 0.00944010416667 0.0 0.0 0.253570556641 0.0268351236979 0.000101725260417 0.00315348307292 0.0434773763021 0.025644938151 0.0112711588542 0.145772298177 2.03450520833e-05 0.0 0.0107727050781 0.0231424967448 
937 0.15576171875 0.0 0.0 0.0360209147135 0.0 0.0 0.000315348307292 0.00429280598958 0.0 0.260325113932 0.021494547526 0.0 0.0 0.126871744792 0.0145874023438 0.0428466796875 0.0121053059896 0.0399678548177 0.0285949707031 0.0694681803385 0.153401692708 0.0 8.13802083333e-05 0.0221557617188 0.011708577474 
946 0.21528116862 0.0 0.0 0.0721842447917 0.0 0.0 0.0 0.00091552734375 0.0 0.160410563151 0.0172322591146 0.0 0.00106811523438 0.132985432943 0.0193990071615 0.0272521972656 0.0143330891927 0.0197041829427 0.0238850911458 0.0241495768229 0.244517008464 0.0 0.000295003255208 0.0028076171875 0.0235799153646 
955 0.324900309245 0.0 0.0 0.0487976074219 0.0 0.0 0.0 0.00447591145833 0.0 0.117980957031 0.0130920410156 2.03450520833e-05 0.0 0.133270263672 0.0325317382812 0.0498555501302 0.00300089518229 0.0428670247396 0.0256856282552 0.00226847330729 0.185434977214 0.000590006510417 0.0 0.00809733072917 0.00713094075521 
960 0.184193929036 0.0 0.0 0.0741271972656 0.0 0.0 5.08626302083e-05 0.000701904296875 0.0 0.172220865885 0.0893046061198 0.0 0.0 0.146626790365 0.110758463542 1.01725260417e-05 0.00260416666667 0.0124918619792 0.0525716145833 0.00501505533854 0.11240641276 0.0 0.0 0.0137329101562 0.023183186849 
975 0.203816731771 0.0 0.0 0.139007568359 0.0 0.0 0.0 1.01725260417e-05 0.0 0.206990559896 0.0527954101562 0.0 0.0 0.107279459635 0.0177714029948 0.0025634765625 0.0566711425781 0.0155131022135 0.000437418619792 0.00379435221354 0.187733968099 0.0 0.0 0.00435384114583 0.00126139322917 
976 0.145039876302 0.0 0.0 0.125325520833 0.0 0.0 0.000600179036458 0.00148518880208 0.0 0.232625325521 0.0673014322917 0.0 2.03450520833e-05 0.107106526693 0.0709126790365 0.020751953125 0.0104573567708 0.0131225585938 0.0135498046875 0.039805094401 0.124104817708 0.0 0.0 0.00660196940104 0.0211893717448 
977 0.0765889485677 0.0 0.0 0.0230204264323 0.0 0.0 0.000783284505208 0.000325520833333 0.0 0.258799235026 0.0319213867188 0.0 0.000284830729167 0.124399820964 0.0432332356771 0.0171203613281 0.0690002441406 0.0769755045573 0.025889078776 0.0163879394531 0.194956461589 3.0517578125e-05 0.0 0.0219217936198 0.0183614095052 
978 0.286732991536 0.0 0.0 0.150166829427 0.0 0.0 0.00131225585938 0.00282796223958 0.0 0.19633992513 0.0403137207031 0.0 0.00634765625 0.0926615397135 0.0342102050781 0.00881958007812 0.054677327474 0.00209554036458 0.00783284505208 0.0106811523438 0.102478027344 0.0 0.0 0.000335693359375 0.00216674804688 
988 0.155700683594 0.0 0.0 0.0946960449219 0.0 0.0 1.01725260417e-05 0.000132242838542 0.0 0.242991129557 0.0587768554688 0.0 0.0 0.132364908854 0.076161702474 0.00571695963542 0.0282796223958 0.0499776204427 0.00737508138021 0.0146280924479 0.114705403646 0.000223795572917 0.0 0.0180460611979 0.000213623046875 
990 0.175425211589 0.0 0.0 0.127522786458 0.0 0.0 0.000152587890625 0.00411987304688 0.0 0.190500895182 0.10194905599 0.0 0.0 0.162465413411 0.0744120279948 0.00186157226562 0.00942993164062 0.0143737792969 0.00660196940104 0.00470987955729 0.116099039714 0.0 0.0 0.0 0.0103759765625 
994 0.200754801432 0.0 0.0 0.0905253092448 0.0 0.0 1.01725260417e-05 0.000579833984375 0.0 0.223164876302 0.0540059407552 0.0 0.0 0.0354817708333 0.0210571289062 0.174194335938 0.00205485026042 0.0408223470052 0.0499471028646 0.0269063313802 0.0446166992188 0.0181579589844 0.0 0.00587972005208 0.0118408203125 
996 0.0396423339844 0.0 0.0 0.0101826985677 0.0 0.0 0.0 0.0 0.0 0.249582926432 0.026112874349 0.0 0.0 0.0171813964844 0.139312744141 0.05078125 0.0243937174479 0.0650533040365 0.0577087402344 0.0780537923177 0.218739827474 0.0 0.0 0.000254313151042 0.0230000813802 
