Leaf
547 0.0241495768229 0.0 0.0 0.0339864095052 0.0 0.0 0.0001220703125 0.000203450520833 0.0 0.0857950846354 0.0693664550781 0.0 0.0 0.311391194661 0.345977783203 0.0 0.0 0.073964436849 0.000295003255208 0.0 0.0547383626302 0.0 0.0 0.0 1.01725260417e-05 
515 0.024403889974 0.0 0.0 0.0977071126302 0.0 0.0 1.01725260417e-05 0.007080078125 0.0 0.125284830729 0.0357564290365 0.0 0.0 0.454345703125 0.0341491699219 0.0 0.000467936197917 0.0688781738281 0.0130920410156 0.00162760416667 0.0269673665365 0.000325520833333 0.0 0.0359598795573 0.0739440917969 
508 0.0604960123698 0.0 0.0 0.0389811197917 0.0 0.0 0.0 0.0277303059896 0.0 0.0237019856771 0.0306599934896 1.01725260417e-05 0.0 0.281005859375 0.0331217447917 0.0 0.0156656901042 0.113759358724 0.0479125976562 0.0 0.117329915365 3.0517578125e-05 0.0 0.0 0.209594726562 
525 0.0967305501302 0.0 0.0 0.077870686849 0.0 0.0 4.06901041667e-05 0.0 0.0 0.0980326334635 0.118235270182 0.0 0.0 0.284372965495 0.138020833333 0.0 0.00815836588542 0.0062255859375 0.00876871744792 0.0 0.153167724609 0.0 0.0 3.0517578125e-05 0.0103454589844 
533 0.0218302408854 0.0 0.0 0.0240783691406 0.0 0.0 0.000457763671875 0.0 0.0 0.146616617839 0.0954081217448 0.0 0.0 0.362274169922 0.210652669271 0.0 0.00591023763021 0.0553487141927 0.0 9.1552734375e-05 0.0556844075521 0.0 0.0 0.0216471354167 0.0 
537 0.108388264974 0.0 0.0 0.0773722330729 0.0 0.0 0.000101725260417 0.0 0.0 0.0881551106771 0.142405192057 0.0 0.0 0.25185139974 0.133616129557 0.0 0.00935872395833 0.00526936848958 0.00410970052083 0.0 0.165781656901 0.0 0.0 1.01725260417e-05 0.0135803222656 
555 0.148447672526 0.0 0.0 0.107676188151 0.0 0.0 0.000437418619792 0.000773111979167 0.0 0.0492248535156 0.166676839193 0.0 0.0 0.197224934896 0.147633870443 0.0 0.0 0.00485229492188 0.0669250488281 0.0 0.103769938151 0.0 0.0 0.0 0.00635782877604 
561 0.0478312174479 0.0 0.0 0.0540568033854 0.0 0.0 0.0 4.06901041667e-05 0.0 0.0184733072917 0.00740559895833 0.0 0.0 0.268819173177 0.198984781901 0.0 0.0 0.037607828776 0.0659891764323 0.0 0.154073079427 0.0 0.0 0.0 0.146718343099 
562 0.0702412923177 0.0 0.0 0.149719238281 0.0 0.0 7.12076822917e-05 0.10991414388 0.0 0.0315246582031 0.0457051595052 5.08626302083e-05 0.0 0.351216634115 0.0921834309896 0.0 0.00224812825521 0.0177103678385 0.00165812174479 0.0 0.104095458984 0.0 0.0 0.0 0.0236612955729 
575 0.027353922526 0.0 0.0 0.111338297526 0.0 0.0 0.000498453776042 0.00360107421875 0.0 0.203959147135 0.0539347330729 0.0 0.0 0.401733398438 0.0406799316406 0.0 0.00575764973958 0.0078125 0.0271606445312 0.00254313151042 0.0564371744792 0.0 0.0 0.00740559895833 0.0497843424479 
576 0.0528361002604 0.0 0.0 0.181732177734 0.0 0.0 0.0 0.0447998046875 0.0 0.0246073404948 0.108194986979 0.0 0.0 0.271636962891 0.101704915365 0.0 0.0 0.00358072916667 0.013437906901 0.0 0.19672648112 0.0 0.0 0.0 0.000742594401042 
909 0.211059570312 0.0 0.0 0.0975952148438 0.0 0.0 1.01725260417e-05 0.0203348795573 0.0 0.0513305664062 0.0180460611979 0.0 0.0 0.155873616536 0.187225341797 0.00222778320312 0.000579833984375 0.042978922526 0.00450642903646 0.0537719726562 0.109466552734 0.0 0.0 0.0438842773438 0.00110880533854 
919 0.09765625 0.0 0.0 0.0827433268229 0.0 0.0 9.1552734375e-05 0.0111694335938 0.0 0.140981038411 0.0611063639323 0.0 0.0 0.184590657552 0.142639160156 5.08626302083e-05 0.0104268391927 0.0180155436198 0.0622863769531 5.08626302083e-05 0.164794921875 0.0 0.0 0.000518798828125 0.0228780110677 
926 0.0568542480469 0.0 0.0 0.123982747396 0.0108337402344 0.0 0.017578125 0.00625610351562 0.0 0.083984375 0.0763041178385 1.01725260417e-05 0.0 0.1640625 0.167856852214 0.000406901041667 0.0003662109375 0.0481363932292 0.117167154948 0.00250244140625 0.0569559733073 0.000152587890625 0.0 0.00623575846354 0.0603535970052 
947 0.0263366699219 0.0 0.0 0.0409545898438 0.0 0.0 0.000233968098958 0.00236002604167 0.0 0.145985921224 0.0818277994792 0.0 0.0 0.140736897786 0.185048421224 0.00167846679688 0.00437418619792 0.0413513183594 0.0827229817708 0.00240071614583 0.190521240234 0.0 0.0 0.00400797526042 0.0494588216146 
