Leaf
936 0.0531412760417 0.0 0.000630696614583 0.00217692057292 0.0 0.0 9.1552734375e-05 0.0 0.00603230794271 0.0191345214844 0.10459391276 0.0 0.00662231445312 0.260325113932 1.01725260417e-05 0.0 0.0 0.0 0.00125122070312 0.0110473632812 0.00886027018229 0.0 0.00120035807292 0.142293294271 0.0586954752604 
286 0.0531412760417 0.0 0.0 0.0 0.00285847981771 0.0 0.013437906901 0.0 0.0347391764323 0.0108439127604 0.120544433594 0.00136311848958 6.103515625e-05 0.0330301920573 0.0 3.0517578125e-05 0.0 0.0 0.0 0.0592651367188 0.0862731933594 4.06901041667e-05 0.0 0.279144287109 0.0690205891927 
51 0.0531412760417 0.0 0.0 0.16401163737 0.0 0.0 0.000864664713542 0.0450948079427 0.0 0.149241129557 0.207234700521 0.0 0.0 0.0688680013021 0.10551961263 0.0 0.0324910481771 0.0189921061198 0.0221048990885 0.00718180338542 0.0399068196615 0.0 0.0 0.000142415364583 0.0114237467448 
61 0.0531412760417 0.0 0.0 0.0 0.00905354817708 0.0 0.0 0.0 0.134755452474 0.0399373372396 0.137400309245 0.0 0.0122782389323 0.0868021647135 0.0 0.00861612955729 0.0 0.0 2.03450520833e-05 0.120300292969 0.027089436849 0.0 0.000345865885417 0.139414469401 0.0997721354167 
126 0.0531412760417 0.0 0.0 0.100504557292 0.000213623046875 0.0 0.000101725260417 0.00295003255208 0.0 0.11826578776 0.0472920735677 0.0 0.0 0.0180867513021 0.122548421224 0.000162760416667 0.0147399902344 0.00459798177083 0.0663452148438 0.00221761067708 0.0773111979167 0.0 0.0 3.0517578125e-05 0.012451171875 
131 0.0531412760417 0.000213623046875 0.0 0.0643920898438 0.00660196940104 0.0 0.000162760416667 0.00709025065104 0.00129191080729 0.0 0.178243001302 0.0139973958333 0.000467936197917 0.175455729167 0.0166524251302 0.0328267415365 0.0 0.0 0.0 0.0535685221354 0.0200602213542 0.0 0.00285847981771 0.00654093424479 0.000213623046875 
162 0.0531412760417 0.0 0.0322672526042 0.0 0.0 0.0989786783854 0.0 0.11826578776 0.0 0.0 0.169067382812 0.0148315429688 0.00091552734375 0.000233968098958 0.0663452148438 0.0 0.000773111979167 0.0020751953125 0.00637817382812 0.00840250651042 1.01725260417e-05 0.0 0.0447285970052 0.0 0.0379536946615 
176 0.0531412760417 0.0 0.0 0.0925598144531 0.0 0.0 0.00669352213542 0.0 0.0 0.0192464192708 0.339497884115 0.0 0.0 0.0347391764323 0.130310058594 0.0282491048177 0.0 1.01725260417e-05 0.000142415364583 0.0 0.0196940104167 0.0 0.0 2.03450520833e-05 0.00110880533854 
261 0.0531412760417 0.0 0.0 0.0 0.00538126627604 0.0 0.0307210286458 0.0 0.0350748697917 0.0362243652344 0.261973063151 0.0 0.000162760416667 0.0114949544271 0.017344156901 1.01725260417e-05 0.0 0.0 0.0 0.00431315104167 0.0835978190104 0.000223795572917 0.000233968098958 0.217803955078 0.0911254882812 
326 0.0531412760417 0.0 0.0 0.136352539062 0.0 0.0 0.000844319661458 0.0181376139323 0.0001220703125 0.016103108724 0.113210042318 0.0 0.0 0.00386555989583 0.0880839029948 0.0 0.0 0.0 0.0 0.0 0.00654093424479 0.0 0.0 0.0 0.0185139973958 
331 0.0531412760417 0.00810750325521 0.0 0.156870524089 0.0145874023438 0.0 0.0 1.01725260417e-05 0.0 0.0571492513021 0.288503011068 4.06901041667e-05 0.0 0.202677408854 0.00767008463542 0.0 0.0 0.0 0.0 0.106669108073 0.0387166341146 0.0 0.00274658203125 0.00789388020833 0.0079345703125 
361 0.0531412760417 0.00957234700521 0.0 0.0 0.012705485026 0.0 0.018056233724 0.0 0.00581868489583 0.0402119954427 0.164154052734 0.0 1.01725260417e-05 0.000783284505208 0.0 0.0 0.0 0.0 0.0 0.0260213216146 0.0215352376302 0.0262756347656 0.0 0.0871887207031 0.0610961914062 
366 0.0531412760417 0.0 0.0122782389323 2.03450520833e-05 0.0997721354167 0.0 0.000111897786458 0.0 0.0519409179688 0.0 0.223693847656 0.0 2.03450520833e-05 0.0 0.00806681315104 0.0 0.0 0.0 0.0207722981771 0.0 0.0509643554688 0.0 0.0 0.0348714192708 0.0190124511719 
386 0.0531412760417 0.0 0.0 4.06901041667e-05 0.0117594401042 0.0 0.00397745768229 0.0 0.0342814127604 0.00540161132812 0.165110270182 0.0 0.00181070963542 0.000813802083333 0.0 0.0 0.0 0.0 0.0 0.0186971028646 0.0361531575521 0.017822265625 0.000264485677083 0.178395589193 0.0604654947917 
411 0.0531412760417 0.0 0.0 0.0 0.00485229492188 0.0 0.0133870442708 0.0 0.000864664713542 0.00347900390625 0.27544148763 0.0 4.06901041667e-05 0.00263468424479 7.12076822917e-05 0.0 0.0 0.0 0.0 0.0435892740885 0.0464070638021 0.00686645507812 0.0 0.151641845703 0.0309143066406 
456 0.0531412760417 0.00887044270833 2.03450520833e-05 0.0338338216146 0.0226135253906 0.0 0.0 0.0 0.0 0.0 0.217508951823 0.0 0.0 0.217681884766 0.0731201171875 0.0 0.0 0.0 0.000233968098958 0.0610961914062 0.0259806315104 0.0 0.0 0.0135294596354 0.0 
466 0.0531412760417 0.00445556640625 9.1552734375e-05 0.0 0.111470540365 0.0 0.0 0.0 0.0604960123698 0.0 0.300557454427 0.0 0.0 0.0 0.0201009114583 0.0 0.00148518880208 0.000701904296875 0.00247192382812 0.000620524088542 0.0866394042969 0.0 0.0 0.00831095377604 0.0467631022135 
516 0.0531412760417 0.0459899902344 0.0037841796875 2.03450520833e-05 0.0468343098958 0.0 0.0 0.0 0.149729410807 0.0001220703125 0.173411051432 0.0 0.0 0.0 0.00568644205729 0.0 0.0189921061198 0.0 0.0100606282552 0.0795491536458 0.00079345703125 0.0 0.0 0.0923868815104 0.0134073893229 
536 0.0531412760417 0.0 0.0 0.0 0.00774129231771 0.0 0.00148518880208 0.0 0.0403442382812 0.00995890299479 0.293233235677 0.0 3.0517578125e-05 0.00588989257812 0.0 0.0 0.0 0.0 0.0 0.0277811686198 0.10942586263 0.0 0.0 0.00536092122396 0.162974039714 
611 0.0531412760417 0.0 6.103515625e-05 0.0 0.0 0.0 0.000712076822917 0.0 0.00628662109375 0.00911458333333 0.133239746094 0.0 6.103515625e-05 0.00532023111979 0.0003662109375 0.000966389973958 0.0 0.0 0.0 0.0586140950521 0.000478108723958 0.000569661458333 0.00526936848958 0.149719238281 0.211273193359 
631 0.0531412760417 0.000213623046875 0.0 0.0213623046875 0.0594685872396 0.0 0.0 1.01725260417e-05 0.0 0.00375366210938 0.163146972656 0.00030517578125 0.0 0.111582438151 0.0593973795573 0.0547383626302 0.0 0.0 0.0 0.0211181640625 0.184356689453 0.0 0.000773111979167 0.172037760417 0.145151774089 
636 0.0531412760417 0.0 0.000162760416667 0.0 0.000722249348958 0.0 0.00103759765625 0.0 0.0706380208333 0.0187784830729 0.179880777995 0.0 0.0 0.0146484375 0.0 0.0979309082031 0.0 0.0 0.0 0.010009765625 0.117329915365 0.00328572591146 0.00287882486979 0.0766194661458 0.0556945800781 
671 0.0531412760417 0.0 0.000345865885417 0.102244059245 0.0279846191406 0.0 0.0 0.0 0.01220703125 0.188995361328 0.0824483235677 0.00436401367188 0.0 0.0292663574219 0.0140177408854 0.0 0.0 0.0 0.0231323242188 0.00792439778646 0.12440999349 0.00396728515625 0.0 0.0 0.0 
731 0.0531412760417 6.103515625e-05 0.0 0.0195109049479 0.0350850423177 0.0 0.0 0.0 0.0 0.000274658203125 0.165049235026 0.000284830729167 0.0 0.0974934895833 0.000254313151042 0.0 0.0 0.0 0.0 0.147633870443 0.00638834635417 0.0 0.016855875651 0.00212605794271 0.0 
756 0.0531412760417 0.000101725260417 0.0 0.0663452148438 0.012451171875 0.0 0.0 0.0 0.0 0.0 0.161112467448 0.0125528971354 0.0 0.143880208333 1.01725260417e-05 0.0 0.0 0.0 0.0 0.0690511067708 0.143107096354 0.0 0.0 9.1552734375e-05 0.0 
806 0.0531412760417 0.000762939453125 0.0 0.0779622395833 0.00819905598958 0.0 0.0 0.0 0.0 0.0 0.122629801432 0.0254211425781 0.000132242838542 0.0796203613281 0.00937906901042 0.0 0.000325520833333 0.0 0.0 0.000478108723958 0.00247192382812 0.0 0.00309244791667 0.0681457519531 2.03450520833e-05 
831 0.0531412760417 9.1552734375e-05 0.0 0.0118103027344 0.00454711914062 0.0 0.0 0.0 0.0 0.0 0.204681396484 0.00883992513021 0.0 0.0141296386719 0.037607828776 0.0 0.0 0.0 0.0510559082031 0.0 0.0274251302083 0.0 0.177703857422 0.0426635742188 0.00255330403646 
846 0.0531412760417 0.0 0.0 0.00699869791667 0.000325520833333 0.0 0.0 0.0 0.0269368489583 0.0530497233073 0.272908528646 0.00264485677083 0.0 0.0 0.0 0.0 0.00838216145833 0.00360107421875 0.0110982259115 0.000152587890625 0.00307210286458 0.000396728515625 0.0 0.0 0.168395996094 
856 0.0531412760417 1.01725260417e-05 0.0 0.00971476236979 9.1552734375e-05 0.0 0.0 0.0 0.0 0.00786336263021 0.117797851562 0.0223286946615 0.0 0.0663146972656 0.0590209960938 0.0 0.0 0.0 0.0 0.0 0.0515543619792 0.0 0.108693440755 0.0257771809896 0.0 
871 0.0531412760417 0.0 0.0117899576823 0.00091552734375 0.0102844238281 0.0 0.0 0.0 0.00588989257812 0.19243367513 0.128824869792 0.00468953450521 0.0 0.0 0.0 0.0 0.0 0.00108846028646 0.0223490397135 0.000274658203125 0.00711059570312 0.00498453776042 0.0 0.0 0.0 
876 0.0531412760417 0.0 0.0 0.090565999349 0.00102742513021 0.0 5.08626302083e-05 2.03450520833e-05 0.0 0.0500895182292 0.175720214844 0.0 0.0 0.0481974283854 0.0355224609375 0.0 0.000152587890625 0.0 0.0 0.00970458984375 0.0431722005208 0.0 0.0 0.0 0.0378112792969 
881 0.0531412760417 0.0191446940104 0.0 0.000783284505208 0.0176900227865 0.0 0.0 0.0 0.0 0.0 0.119567871094 0.000874837239583 0.0 0.0137736002604 0.0245768229167 0.0 0.0 0.0 0.0 0.0013427734375 0.0170389811198 0.0 0.135091145833 0.00587972005208 0.000803629557292 
956 0.0531412760417 0.00465901692708 0.00156656901042 0.033437093099 0.000233968098958 0.0 0.0 0.0 0.0 0.102355957031 0.0634358723958 2.03450520833e-05 0.0 0.00601196289062 0.0164794921875 0.0 0.0 0.0 0.0 0.143005371094 0.0128173828125 0.0 0.0 0.0161336263021 0.00136311848958 
981 0.0531412760417 0.000722249348958 0.0 0.119954427083 0.00455729166667 0.0 0.0 0.0 0.0 0.00130208333333 0.131724039714 0.0 0.0 0.112721761068 0.0682067871094 0.0 0.0 0.0 0.0 0.0304972330729 0.0435791015625 0.0 0.0 0.144460042318 0.0531209309896 
985 0.0531412760417 0.0741271972656 0.0130920410156 0.0 0.0 0.112904866536 0.0928853352865 0.0645243326823 0.0 0.0473022460938 0.203165690104 0.0124816894531 0.10243733724 0.0 0.0 0.0904947916667 0.0130411783854 0.00577799479167 0.0 0.0 0.0510559082031 0.0960591634115 0.000203450520833 0.0 0.000213623046875 
986 0.0531412760417 0.0 1.01725260417e-05 0.0 0.0 0.0 0.0 0.0 0.00417073567708 0.0220642089844 0.16562906901 0.0 0.0 0.0500793457031 0.0 0.0 0.0 0.0 0.0 0.0239766438802 0.0240478515625 0.179453531901 0.0 0.135528564453 0.0193990071615 
