Leaf
91 0.0531412760417 0.0510864257812 0.00125122070312 0.00283813476562 0.377227783203 0.0 0.0 0.0 0.242848714193 0.000274658203125 0.0413920084635 0.0 3.0517578125e-05 0.0 0.0345865885417 0.0128072102865 0.000345865885417 0.000386555989583 0.0180867513021 3.0517578125e-05 0.207580566406 5.08626302083e-05 0.0 0.00760904947917 0.19145711263 
96 0.0531412760417 0.0 0.00963338216146 0.175048828125 0.209747314453 0.0 0.0 0.00126139322917 0.00617472330729 0.305928548177 0.117319742839 0.00669352213542 0.0 0.0 0.0 0.0146179199219 0.0 0.00263468424479 0.0667419433594 0.0226135253906 0.0743204752604 0.0147399902344 0.0 0.0 3.0517578125e-05 
166 0.0531412760417 0.013916015625 0.032948811849 0.0 0.0745544433594 0.0 0.0 0.0 0.165211995443 0.0032958984375 0.0683288574219 0.0 0.0 0.0 0.0223999023438 0.0 0.0373738606771 0.0 0.00634765625 0.40776570638 0.0361328125 0.0 0.0 0.00187174479167 0.00773111979167 
21 0.0531412760417 2.03450520833e-05 0.00156656901042 0.0954081217448 0.0896199544271 0.0 0.0 0.0 0.00432332356771 0.0399678548177 0.137939453125 0.000274658203125 0.0 0.00283813476562 0.00612386067708 0.010996500651 0.0 0.0450948079427 0.100504557292 0.0496317545573 0.0654296875 0.00501505533854 0.0 0.0 0.000213623046875 
23 0.0531412760417 0.0001220703125 0.00157674153646 0.000925699869792 0.00738525390625 0.0 0.155690511068 0.0 0.166107177734 0.00477091471354 0.0 0.08056640625 0.0 0.0636494954427 0.000172932942708 0.051259358724 0.0451863606771 0.00542195638021 0.0292256673177 0.0 0.0791422526042 0.0 0.000447591145833 0.0 0.0 
36 0.0531412760417 0.0 0.0 0.0 0.00447591145833 0.0 0.0303548177083 0.0 0.175048828125 0.0322672526042 0.153869628906 0.00934855143229 0.00448608398438 0.0186360677083 0.000213623046875 0.00594075520833 0.0 0.0 0.0 0.162434895833 0.049082438151 0.000101725260417 0.010019938151 0.167521158854 0.305928548177 
41 0.0531412760417 0.021728515625 8.13802083333e-05 0.0 0.0247599283854 0.0 0.0 0.0 0.214345296224 0.0 0.126759847005 0.0 6.103515625e-05 0.0 0.0391743977865 0.0 0.00592041015625 0.0 0.0403849283854 0.0 0.0355529785156 0.0249938964844 0.0 0.0261840820312 0.117584228516 
66 0.0531412760417 0.00820922851562 0.000996907552083 0.00248209635417 0.0794067382812 0.0 0.00934855143229 0.0 0.0925598144531 0.0 0.083750406901 0.0 0.010019938151 0.0 0.0157165527344 0.00602213541667 0.00669352213542 0.0 0.0902608235677 0.0 0.10097249349 0.0 0.0 0.0422058105469 0.0192464192708 
88 0.0531412760417 0.0586649576823 0.0 0.0794067382812 0.0 0.00636800130208 0.0925598144531 0.025400797526 0.0 0.010019938151 0.0 0.0135091145833 0.00669352213542 0.00285847981771 0.0 0.10097249349 0.0 0.000579833984375 0.0192464192708 0.0 0.339497884115 0.0 0.0 0.0302022298177 0.0 
116 0.0531412760417 0.000295003255208 0.0108642578125 0.000274658203125 0.0475056966146 0.0 0.0 0.0 0.0980936686198 0.00538126627604 0.0743916829427 0.0 0.0 0.0 0.0621337890625 0.0636393229167 0.00018310546875 1.01725260417e-05 0.0350748697917 6.103515625e-05 0.024892171224 0.0 0.0 0.0137430826823 0.0375162760417 
141 0.0531412760417 0.0618387858073 0.0554402669271 0.0 0.110666910807 0.0 0.0 0.0 0.243662516276 0.0796610514323 0.0873514811198 0.0 0.0 0.0 0.0101521809896 0.0 0.0 0.0 0.00699869791667 0.216674804688 0.0206502278646 0.0 0.0 0.0177612304688 0.000325520833333 
146 0.0531412760417 0.0 0.00613403320312 0.133951822917 0.122680664062 0.0 0.0 0.0003662109375 0.01708984375 0.123596191406 0.0884501139323 4.06901041667e-05 0.0 0.0 0.00818888346354 0.000101725260417 0.0 0.0117594401042 0.090565999349 0.0113932291667 0.0419514973958 0.000834147135417 0.0 0.0 0.00102742513021 
158 0.0531412760417 0.0 0.0171915690104 0.0313720703125 0.00719197591146 0.0 0.00377400716146 0.0 0.0106913248698 0.0 0.0 0.0603841145833 0.0 0.000773111979167 0.0 0.0589396158854 0.0120646158854 0.0 0.0 0.0 0.115692138672 0.0356953938802 0.0 0.0119934082031 0.0 
183 0.0531412760417 0.0 0.0 0.0399373372396 0.0122782389323 0.00861612955729 2.03450520833e-05 0.0 0.0997721354167 0.0 0.0 0.102244059245 0.000111897786458 0.0 0.0 0.048105875651 0.0519409179688 0.0 0.0 0.0 0.223693847656 0.012705485026 0.0 0.0233662923177 2.03450520833e-05 
191 0.0531412760417 0.0318298339844 0.00228881835938 0.0 0.0616760253906 0.0 0.0 0.0 0.150858561198 0.000813802083333 0.0657450358073 0.0 0.00240071614583 0.0 0.0145874023438 0.0 0.00687662760417 0.0 0.0113423665365 0.0 0.00416056315104 0.0 0.0 0.0233357747396 0.00367228190104 
216 0.0531412760417 0.0303548177083 0.00448608398438 0.0 0.305928548177 0.0 0.0 0.0 0.0667419433594 0.00091552734375 0.155873616536 0.0 0.000773111979167 0.00217692057292 0.012451171875 1.01725260417e-05 0.00218709309896 0.0 0.0379536946615 0.0 0.024403889974 0.0 0.0 0.0105997721354 0.0493570963542 
258 0.0531412760417 0.0 0.0459899902344 0.0118509928385 0.0037841796875 0.0 2.03450520833e-05 0.00161743164062 0.0468343098958 0.0 0.0 9.1552734375e-05 0.0 0.000396728515625 0.0 0.00330607096354 0.149729410807 0.0 0.0001220703125 0.0 0.173411051432 0.0754903157552 0.0 0.0158284505208 0.0 
265 0.0531412760417 0.00333658854167 0.0 0.017567952474 0.1513671875 0.0616760253906 0.0 0.0 0.054697672526 0.0603230794271 0.0290222167969 0.00444539388021 0.0 0.011973063151 0.194844563802 0.0151977539062 0.000681559244792 0.0 0.106618245443 0.11610921224 0.211364746094 0.0 0.0 0.039784749349 0.179880777995 
298 0.0531412760417 9.1552734375e-05 0.0 0.000600179036458 0.00136311848958 0.000498453776042 0.0246175130208 0.0 0.0548909505208 0.00157674153646 0.0 0.053466796875 0.0 0.00892130533854 0.0 0.0408630371094 0.0078125 0.00067138671875 0.0579121907552 0.0 0.193684895833 0.0 0.00204467773438 0.0 0.0 
316 0.0531412760417 0.0171915690104 0.00719197591146 0.00377400716146 0.0106913248698 0.0 0.0 0.0 0.0120646158854 0.0 0.115692138672 0.0 0.0 0.0 0.00127156575521 5.08626302083e-05 0.00123087565104 0.0 0.0789693196615 0.0 0.0742696126302 0.0 0.0 0.00581868489583 0.187805175781 
341 0.0531412760417 0.008544921875 1.01725260417e-05 0.000213623046875 0.0419209798177 0.0 0.0 0.0 0.158518473307 0.000712076822917 0.189168294271 0.0 0.0 0.0 0.00660196940104 0.0 0.00341796875 0.0 0.0186665852865 0.0 0.0673522949219 0.0 0.0 0.0269063313802 0.0952453613281 
391 0.0531412760417 0.00542195638021 0.0450744628906 0.000142415364583 0.0254821777344 0.0 0.0 0.0 0.197336832682 0.00222778320312 0.179351806641 0.0 0.0 0.0 0.00272623697917 0.0 0.00443522135417 0.0 0.0634562174479 0.0 0.0191853841146 0.0 0.0 0.00899251302083 0.0822957356771 
468 0.0531412760417 0.0186360677083 0.0 0.00270589192708 0.000630696614583 0.0 0.00217692057292 0.0 0.0 0.0 0.0 0.0 9.1552734375e-05 0.0221354166667 0.0 0.0086669921875 0.00603230794271 0.0529174804688 0.0191345214844 0.0138142903646 0.10459391276 0.143880208333 0.0 0.011464436849 0.00662231445312 
493 0.0531412760417 0.00804646809896 0.0 0.0 1.01725260417e-05 0.0 0.0 0.0 0.0 0.0 0.0 0.0 0.0 0.0367533365885 0.0 0.000681559244792 0.00417073567708 0.00513712565104 0.0220642089844 4.06901041667e-05 0.16562906901 0.0796101888021 0.0 0.0191141764323 0.0 
541 0.0531412760417 0.103942871094 0.00664265950521 0.0 0.165466308594 0.0 0.0 0.0 0.0987243652344 0.00120035807292 0.0836995442708 0.0 0.00030517578125 0.0 0.0438741048177 0.00242106119792 0.0120646158854 0.0 0.079345703125 0.0 0.145243326823 0.0 0.0 0.0484415690104 0.0876261393229 
558 0.0531412760417 0.0 0.000233968098958 0.0128987630208 0.0387674967448 0.0 0.0 0.0176595052083 0.142761230469 0.0 0.0 0.0186665852865 0.0 0.0 0.0 0.0516866048177 0.113311767578 0.0 0.0 0.0 0.00502522786458 0.0185750325521 0.0 0.0102335611979 0.00101725260417 
566 0.0531412760417 0.0186258951823 0.00555419921875 0.0 0.119364420573 0.0 0.0 0.0 0.198618570964 0.0 0.207661946615 0.0 0.0 0.0 0.016835530599 0.0 0.00410970052083 0.0 0.0268859863281 0.0 0.203481038411 0.0 0.0 0.00272623697917 0.042978922526 
586 0.0531412760417 0.0 0.0 0.0 0.0 0.0 0.0112508138021 0.0 0.00705973307292 0.0609944661458 6.103515625e-05 1.01725260417e-05 0.000722249348958 0.0296122233073 0.0816548665365 0.0130920410156 0.0 0.0 0.0 0.0401611328125 0.164967854818 0.0 0.0688781738281 0.126281738281 0.0921834309896 
591 0.0531412760417 0.00701904296875 0.00837198893229 0.0 0.0969746907552 0.0 0.0 0.0 0.194559733073 0.0 0.0928853352865 0.0 1.01725260417e-05 0.0 0.0972493489583 0.0473022460938 0.001220703125 0.0 0.0 0.0 0.10243733724 0.0 0.0 0.0497436523438 0.0119934082031 
598 0.0531412760417 0.0 0.000295003255208 0.0 0.00228881835938 0.0 0.0451049804688 0.0 0.0351867675781 0.00118001302083 0.0 0.279144287109 0.0 0.059315999349 0.000956217447917 0.00726318359375 0.0179646809896 3.0517578125e-05 0.011464436849 0.0 0.0237935384115 0.0258585611979 0.00344848632812 0.0 0.0 
656 0.0531412760417 0.00592041015625 0.0 0.00636800130208 0.0174255371094 0.0 0.0 0.0 0.0 0.0 0.106872558594 0.0 0.0 0.128275553385 0.0489400227865 0.00958251953125 0.0 0.0 0.0 0.0202229817708 0.104034423828 0.0 0.000111897786458 0.000773111979167 0.000579833984375 
658 0.0531412760417 0.0 0.0275065104167 0.0101521809896 7.12076822917e-05 0.0 0.0 0.0906778971354 0.114959716797 0.0 0.0 0.0721740722656 1.01725260417e-05 0.0003662109375 0.0 0.0818786621094 0.00192260742188 0.0 0.0 0.0 0.0966288248698 0.00306193033854 0.0 0.109873453776 0.0 
666 0.0531412760417 0.0646769205729 0.0579427083333 0.0 0.125671386719 0.0 0.0 0.0 0.130839029948 0.0 0.258483886719 0.0 7.12076822917e-05 0.0 0.0352274576823 0.0719502766927 0.0 0.0 0.0297241210938 0.0 0.226155598958 0.0 0.0 0.0 0.162974039714 
691 0.0531412760417 0.0231628417969 0.000335693359375 0.0 0.071034749349 0.0 1.01725260417e-05 0.0 0.151102701823 0.0 0.0816548665365 0.0 0.0 0.0 0.076426188151 0.0 0.0 0.0 0.0492451985677 0.0 0.109568277995 0.0 0.0 0.0 0.210327148438 
723 0.0531412760417 0.0 0.00642903645833 1.01725260417e-05 0.0 1.01725260417e-05 0.0091552734375 0.0 0.165985107422 0.00239054361979 0.0 0.10107421875 0.0 0.0102945963542 0.0 0.191345214844 0.00438435872396 0.00735473632812 0.0528259277344 0.0 0.107645670573 0.0 0.0 0.0 0.0 
931 0.0531412760417 0.00128173828125 0.0 0.00853474934896 2.03450520833e-05 0.0 0.0 0.0 0.0 0.000701904296875 0.0836486816406 0.0 0.0 0.0361531575521 0.0356241861979 0.0 0.0 0.0 0.0 0.0486755371094 0.0930582682292 0.0 0.0 0.0330301920573 0.0 
941 0.0531412760417 0.0494893391927 6.103515625e-05 0.0 0.277811686198 0.0 0.0 0.0 0.0831502278646 0.00551350911458 0.0480244954427 0.0 0.0 0.0 0.00229899088542 0.0 4.06901041667e-05 0.0 0.00639851888021 0.0 0.0402628580729 0.00602213541667 0.0 0.147104899089 0.0319112141927 
991 0.0531412760417 0.0364583333333 0.000284830729167 0.0 0.111053466797 0.0 0.0 0.0 0.163055419922 1.01725260417e-05 0.156982421875 0.0 0.00163777669271 0.0 0.117594401042 0.0 0.0 0.000864664713542 0.00730387369792 0.00091552734375 0.0448506673177 0.0 0.0 0.0943705240885 0.196451822917 
