Leaf
405 0.0531412760417 0.0 0.0989786783854 0.00798543294271 0.169067382812 0.263478597005 0.0 0.515828450521 1.01725260417e-05 0.0191141764323 0.0905049641927 0.0 0.487396240234 0.0 0.0858764648438 0.149251302083 0.0 0.0968627929688 0.0 0.0212605794271 0.281341552734 0.0 0.16059366862 0.144337972005 0.0264180501302 
505 0.0531412760417 0.0 0.094960530599 0.0018310546875 0.070078531901 0.0199686686198 0.0 0.129160563151 0.00410970052083 0.0233154296875 0.077891031901 0.0 0.471903483073 0.0 0.0204467773438 0.324208577474 0.0 0.197560628255 0.000162760416667 0.104939778646 0.0287577311198 0.0 0.00801595052083 0.0 0.0383097330729 
7 0.0531412760417 0.00792439778646 0.0577494303385 2.03450520833e-05 0.123626708984 0.16347249349 0.00156656901042 0.00674438476562 5.08626302083e-05 0.0954081217448 0.117268880208 0.0 0.0896199544271 0.0510864257812 8.13802083333e-05 0.0 0.0 0.0 0.0 0.0 0.000712076822917 0.0 0.00173950195312 0.0 0.00432332356771 
27 0.0531412760417 0.0 0.0 0.00167846679688 0.0 0.111633300781 0.0 0.0399678548177 0.0303548177083 0.0387573242188 0.141794840495 1.01725260417e-05 0.0322672526042 0.0 0.100504557292 0.0 0.00448608398438 0.149241129557 0.0 0.0491027832031 0.00594075520833 0.00042724609375 0.0 0.0 0.0 
32 0.0531412760417 0.00425211588542 0.0619405110677 0.0 0.087880452474 0.118804931641 0.00963338216146 0.045176188151 0.00103759765625 0.175048828125 0.0416463216146 0.0 0.209747314453 0.0276285807292 0.0 0.0 0.0 0.00466918945312 0.0 0.0 9.1552734375e-05 0.00126139322917 0.0 0.0 0.00617472330729 
42 0.0531412760417 0.00156656901042 0.0896199544271 0.0 0.00432332356771 0.137939453125 0.0 0.00612386067708 0.0 0.100504557292 0.0654296875 0.0 0.000213623046875 0.0 0.0437520345052 0.0 0.00126139322917 0.10551961263 0.000101725260417 0.0 0.0 0.00295003255208 0.0157165527344 0.022715250651 0.0 
89 0.0531412760417 0.103068033854 0.2333984375 0.00895182291667 0.0 0.0609741210938 0.203969319661 0.0 0.0 0.0 0.0001220703125 0.0 0.0124206542969 0.00185139973958 0.0 0.094980875651 0.0322977701823 0.0906677246094 0.0 0.0335693359375 0.0 0.00330607096354 0.0 0.0 0.000742594401042 
92 0.0531412760417 0.00738525390625 0.166107177734 0.0 0.0451863606771 0.0791422526042 0.0 0.00079345703125 0.0 0.167521158854 0.0503133138021 0.0 0.0 0.000295003255208 0.0475260416667 0.0 0.000498453776042 0.0254821777344 0.0 0.00153605143229 0.0 0.00102742513021 0.0302022298177 0.00067138671875 0.0 
111 0.0531412760417 0.0 0.0 0.0 0.00121053059896 0.0 0.0646769205729 0.0 0.024648030599 0.103037516276 0.0133056640625 0.000864664713542 0.0579427083333 0.0268249511719 0.0 0.000630696614583 0.0 0.0 0.0 0.113861083984 0.0195719401042 0.00107828776042 0.0 0.0303039550781 0.125671386719 
130 0.0531412760417 0.0 0.112436930339 0.001220703125 0.101003011068 0.158752441406 0.0 0.0413920084635 0.00116984049479 0.026621500651 0.0658264160156 0.0 0.10004679362 0.00131225585938 0.207580566406 0.205525716146 0.0 0.232706705729 0.0 0.0655924479167 0.0265808105469 0.0 0.120544433594 0.0 0.000406901041667 
132 0.0531412760417 0.000996907552083 0.0794067382812 0.00934855143229 0.0925598144531 0.083750406901 0.010019938151 0.0157165527344 0.00669352213542 0.0902608235677 0.10097249349 0.0 0.0192464192708 0.013437906901 0.0 0.0 0.0 0.0 0.0 6.103515625e-05 0.0282491048177 0.0 0.0 0.0 0.000142415364583 
142 0.0531412760417 0.0 0.154083251953 0.0 0.038330078125 0.117869059245 0.0 0.013427734375 0.0 0.337280273438 0.125264485677 0.0 0.0948689778646 0.0 0.00597127278646 0.0 0.0 0.0816243489583 0.0251871744792 0.0 0.0 0.000518798828125 0.126546223958 0.0 4.06901041667e-05 
182 0.0531412760417 0.00125122070312 0.377227783203 0.0 0.242848714193 0.0413920084635 3.0517578125e-05 0.0345865885417 0.000345865885417 0.0180867513021 0.207580566406 0.0 0.19145711263 0.00483194986979 0.0 0.0 0.0 0.00155639648438 0.0 2.03450520833e-05 0.0 3.0517578125e-05 0.0 0.0 0.00886027018229 
205 0.0531412760417 0.0 0.126759847005 0.0 0.0355529785156 0.21147664388 0.0 0.0561116536458 0.0 0.00645955403646 0.25722249349 0.0 0.347279866536 0.0 0.00187174479167 0.00904337565104 0.0 0.20644124349 0.000600179036458 0.00640869140625 0.0837707519531 0.0 0.359720865885 0.0 0.0379638671875 
217 0.0531412760417 0.00205485026042 0.167012532552 0.0 0.179962158203 0.093007405599 0.0 0.0150858561198 0.0 0.180531819661 0.153767903646 0.0 0.147969563802 0.0 0.000396728515625 0.0 0.0 0.110087076823 0.0176595052083 0.0 0.000742594401042 0.00153605143229 0.00660196940104 0.0 0.0 
242 0.0531412760417 0.0 0.136301676432 0.0 0.0135091145833 0.0971984863281 0.0 0.00128173828125 0.0 0.232676188151 0.159047444661 0.0 0.0 0.00136311848958 0.000518798828125 0.0 0.0 0.089833577474 0.0018310546875 0.0 0.0018310546875 0.000203450520833 0.0455017089844 0.00160725911458 0.0 
255 0.0531412760417 0.0 0.207234700521 0.0 0.0399068196615 0.190724690755 0.0 0.234558105469 0.0227864583333 0.0478820800781 0.0180257161458 0.0 0.261576334635 0.0 0.0531209309896 0.128326416016 0.0 0.206258138021 0.0 0.0652364095052 0.0889587402344 0.0 0.300821940104 0.0 0.0315348307292 
267 0.0531412760417 0.00895182291667 0.203969319661 0.0 0.0124206542969 0.094980875651 0.0 0.00330607096354 0.000742594401042 0.183451334635 0.308339436849 0.0 0.00522867838542 0.0 0.00121053059896 0.0 0.0 0.0976359049479 0.0182698567708 0.0 0.0 4.06901041667e-05 0.0 0.0 0.0 
280 0.0531412760417 0.0 0.199198404948 0.0 0.00722249348958 0.153940836589 0.0 0.117523193359 0.0 0.0773111979167 0.0503641764323 0.0 0.455546061198 0.0 0.016591389974 0.131418863932 0.0 0.0801391601562 0.0 0.06689453125 0.134073893229 0.0 0.375162760417 0.0 0.00801595052083 
305 0.0531412760417 0.0 0.137400309245 0.00861612955729 0.027089436849 0.0918477376302 0.0 0.057118733724 0.0 0.048105875651 0.0781453450521 0.0 0.223693847656 3.0517578125e-05 0.00759887695312 0.0208129882812 0.0 0.0896606445312 0.0 0.189788818359 0.159088134766 0.0 0.0824483235677 0.0 0.0509643554688 
317 0.0531412760417 0.010986328125 0.220499674479 0.0 0.0169474283854 0.052235921224 0.0 0.00580851236979 0.0 0.290517171224 0.00984700520833 0.0 0.0 0.0 0.038075764974 0.0 0.0 0.136596679688 0.0268147786458 0.0 0.000295003255208 0.0 0.0137736002604 0.020029703776 0.0 
330 0.0531412760417 0.0 0.083750406901 0.00602213541667 0.10097249349 0.289866129557 0.0 0.300659179688 0.0282491048177 0.0395914713542 0.0232645670573 0.0 0.571105957031 3.0517578125e-05 0.0186971028646 0.100311279297 0.0 0.300821940104 0.0 0.00731404622396 0.0707499186198 0.0 0.0458780924479 0.0262756347656 0.0455322265625 
342 0.0531412760417 0.00734456380208 0.162434895833 0.0 0.0338338216146 0.173502604167 0.0 0.00221761067708 0.0 0.00840250651042 0.00411987304688 0.0 0.0 0.0 0.0237731933594 0.0 0.0 0.0930684407552 0.0249226888021 0.0 0.0 0.000203450520833 0.035410563151 0.00289916992188 0.000233968098958 
355 0.0531412760417 0.0 0.117869059245 0.00392659505208 0.125264485677 0.0576782226562 0.0 0.155771891276 0.0 0.0262145996094 0.115641276042 0.0 0.322326660156 0.000193277994792 0.0191040039062 0.256724039714 0.0 0.380869547526 0.0 0.0696614583333 0.100504557292 0.0 0.15761311849 0.0 0.0179748535156 
380 0.0531412760417 0.0 0.227884928385 0.00177001953125 0.0625915527344 0.179555257161 0.0 0.142883300781 0.0 0.00411987304688 0.00313313802083 0.0 0.217508951823 6.103515625e-05 0.06689453125 0.353708902995 0.0 0.154520670573 0.0 0.0215352376302 0.288350423177 0.0 0.210245768229 0.0 0.0259806315104 
430 0.0531412760417 0.0 0.0450948079427 0.0 0.066640218099 0.0516764322917 0.0 0.413889567057 0.0 0.00330607096354 0.042724609375 0.0 0.173411051432 0.0 0.142934163411 0.0999043782552 0.0 0.165049235026 0.0 0.014394124349 0.326772054036 0.0 0.298197428385 0.00448608398438 0.00079345703125 
432 0.0531412760417 0.00448608398438 0.305928548177 0.0 0.0667419433594 0.155873616536 0.000773111979167 0.012451171875 0.00218709309896 0.0379536946615 0.024403889974 0.0 0.0493570963542 9.1552734375e-05 0.0 0.0 0.0 0.0 0.0 0.000233968098958 0.0 0.0 0.00679524739583 0.0 0.197845458984 
480 0.0531412760417 0.0 0.117319742839 0.0146179199219 0.0743204752604 0.0460815429688 0.0 0.455546061198 0.0 0.024403889974 0.0362447102865 0.0 0.260131835938 0.0 0.00801595052083 0.0541483561198 0.0 0.170583089193 0.0 0.0259806315104 0.180297851562 0.0 0.0652669270833 0.0 0.0221150716146 
530 0.0531412760417 0.0 0.1513671875 0.0 0.054697672526 0.0290222167969 0.0 0.194844563802 0.000681559244792 0.106618245443 0.211364746094 0.0 0.179880777995 0.0 0.0117492675781 0.190358479818 0.0 0.106872558594 0.0979309082031 0.29502360026 0.0172424316406 0.0 0.0254414876302 0.0 0.117329915365 
555 0.0531412760417 0.0 0.0133056640625 0.000630696614583 0.0195719401042 0.0954081217448 0.0 0.354420979818 0.0 0.257558186849 0.0962626139323 0.0 0.258483886719 0.0 0.0447794596354 0.193481445312 0.0 0.126607259115 0.0719502766927 0.147033691406 0.0100708007812 0.0 0.013682047526 0.0 0.226155598958 
580 0.0531412760417 0.0 0.0743916829427 0.0636393229167 0.024892171224 0.14219156901 0.0 0.263417561849 0.0 0.0835978190104 0.146962483724 0.0 0.458852132161 0.0453389485677 0.029052734375 0.265268961589 0.0 0.16562906901 0.0 0.00054931640625 0.0295918782552 0.0 0.214762369792 0.0 0.0998942057292 
630 0.0531412760417 0.0 0.0472920735677 0.000162760416667 0.0773111979167 0.0 0.0 0.551584879557 0.0 0.0858764648438 0.12392171224 0.0 0.161112467448 0.10634358724 0.0399169921875 0.146311442057 0.0 0.0652567545573 0.0 0.0996704101562 0.0508015950521 0.0 0.0782063802083 0.0 0.143107096354 
655 0.0531412760417 0.0 0.178243001302 0.0328267415365 0.0200602213542 0.0521036783854 0.0 0.28358968099 0.0 0.0863952636719 0.232716878255 0.0 0.0815938313802 0.0284016927083 0.0178731282552 0.280059814453 0.0 0.0724080403646 0.0 0.203786214193 0.120157877604 0.0 0.108194986979 0.379536946615 0.00361124674479 
705 0.0531412760417 0.0 0.0873514811198 0.0 0.0206502278646 0.186238606771 0.0 0.513326009115 0.0 0.0366007486979 0.0474446614583 0.0 0.272908528646 0.000966389973958 0.0818786621094 0.00679524739583 0.0 0.0172322591146 0.0 0.0770365397135 0.0230204264323 0.0 0.0668131510417 0.0950113932292 0.00307210286458 
730 0.0531412760417 0.0 0.0884501139323 0.000101725260417 0.0419514973958 0.00600179036458 0.0 0.345825195312 0.0 0.078114827474 0.119110107422 0.0 0.175720214844 0.0 0.195485432943 0.01806640625 0.0 0.0261027018229 0.0 0.0518697102865 0.0195719401042 0.0 0.0737609863281 0.00608317057292 0.0431722005208 
780 0.0531412760417 0.0 0.10004679362 0.0 0.000406901041667 0.0262552897135 0.0 0.186350504557 0.0 0.0086669921875 0.24326578776 0.0 0.10459391276 0.0 0.14262898763 0.0240681966146 0.0 0.052490234375 0.0 0.0429890950521 0.204345703125 0.0 0.100413004557 0.0 0.00886027018229 
852 0.0531412760417 0.0 0.0948689778646 0.0251871744792 4.06901041667e-05 0.322326660156 0.0 0.101328531901 0.0 0.00754801432292 0.0179748535156 0.00244140625 0.467590332031 0.0 0.00453694661458 0.0 1.01725260417e-05 0.0334981282552 0.0 0.0645751953125 0.00886027018229 0.0 0.0 0.00563557942708 0.0 
877 0.0531412760417 0.0 0.0 0.0665079752604 0.0 0.184560139974 0.0 0.0057373046875 0.0 0.0140787760417 0.0378824869792 0.00048828125 0.818023681641 0.0 0.016367594401 0.0 4.06901041667e-05 0.00465901692708 0.0 0.02001953125 0.0 0.00198364257812 0.0 0.0 0.0 
880 0.0531412760417 0.0 0.339497884115 0.0282491048177 0.0196940104167 0.0341186523438 0.0 0.375162760417 0.0 0.0455322265625 0.18852742513 0.0 0.0652669270833 0.0 0.209798177083 0.0825805664062 0.0 0.100260416667 0.00205485026042 0.0225423177083 0.0522155761719 0.0 0.0163065592448 0.0 6.103515625e-05 
902 0.0531412760417 0.0 0.0 0.00312296549479 0.0 0.359720865885 0.0 0.401194254557 0.0 0.0343119303385 0.0330912272135 0.000457763671875 0.682576497396 0.0 0.227742513021 0.0 0.000111897786458 0.08642578125 0.0 0.0516255696615 0.0 0.0839640299479 0.0 0.0 0.0 
927 0.0531412760417 0.0 0.0 0.263834635417 0.0 0.418863932292 0.0 0.185546875 0.00685628255208 0.00713094075521 0.0440470377604 0.0 0.609781901042 0.0 0.169118245443 0.0 0.00129191080729 0.0204467773438 0.0 0.1845703125 0.0 0.0613403320312 0.0 0.0 0.0 
952 0.0531412760417 0.0 8.13802083333e-05 0.110168457031 0.0 0.0801391601562 0.0 0.304423014323 0.00174967447917 0.0816243489583 0.0280151367188 0.0 0.819834391276 0.0 0.0240783691406 0.0 0.0 0.00436401367188 0.0 0.0352274576823 0.0 0.00533040364583 0.0 0.0 0.00153605143229 
