Leaf
257 0.19883219401 0.0 0.0 0.219889322917 0.0 0.0 0.00822957356771 3.0517578125e-05 0.0 0.186940511068 0.193298339844 0.0 0.0 0.0377909342448 0.0593973795573 0.0 0.00240071614583 6.103515625e-05 0.00222778320312 0.0 0.021230061849 1.01725260417e-05 0.0 0.0 0.0696614583333 
0 0.0531412760417 0.0 0.0 0.201151529948 0.00873819986979 0.0 0.00560506184896 0.00792439778646 0.0 0.161783854167 0.192413330078 0.0 0.0 0.137573242188 0.0577494303385 0.021982828776 0.00800577799479 0.00808715820312 0.0167541503906 0.00290934244792 0.105743408203 2.03450520833e-05 0.00337727864583 0.0001220703125 0.00691731770833 
1 0.142730712891 0.0 0.0 0.123626708984 5.08626302083e-05 0.0 0.0142008463542 0.00425211588542 0.0 0.191569010417 0.16347249349 0.0 0.0 0.117960611979 0.0802510579427 0.000356038411458 0.021728515625 0.00156656901042 0.0134480794271 0.0142415364583 0.101501464844 0.00157674153646 0.000417073567708 0.00030517578125 0.00674438476562 
2 0.174550374349 0.0 0.0 0.156433105469 0.0 0.0 5.08626302083e-05 0.00107828776042 0.0 0.181355794271 0.13286336263 0.0 0.0 0.0954081217448 0.0619405110677 0.000457763671875 0.00820922851562 0.000803629557292 0.01904296875 0.000925699869792 0.117268880208 0.0 0.0 0.0 0.0496114095052 
19 0.0577189127604 0.0 0.0 0.244384765625 0.0 0.0 0.00332641601562 0.00166829427083 0.0 0.136301676432 0.166900634766 0.0 0.0 0.134755452474 0.0358479817708 0.000233968098958 0.0138956705729 6.103515625e-05 0.00804646809896 0.00146484375 0.146799723307 0.0 2.03450520833e-05 0.0 0.048573811849 
20 0.197631835938 0.0 0.0 0.149719238281 0.000213623046875 0.0 0.000447591145833 8.13802083333e-05 6.103515625e-05 0.145253499349 0.207234700521 0.0 0.0 0.0491027832031 0.0851236979167 0.0 0.0459899902344 0.0 0.0115356445312 0.0 0.101003011068 0.0 0.0 0.0 0.00660196940104 
22 0.115214029948 0.0 0.0 0.16362508138 0.000356038411458 0.0 0.00581868489583 0.00184122721354 0.0 0.161366780599 0.199198404948 0.0 0.0 0.0565490722656 0.110666910807 0.000569661458333 0.0186258951823 0.00042724609375 0.038330078125 0.00241088867188 0.0858256022135 0.0 0.0 0.0 0.0391743977865 
25 0.0787760416667 0.0 0.0 0.111145019531 0.0 0.0 0.000213623046875 0.00719197591146 0.0 0.220499674479 0.18500773112 0.0 0.0 0.05712890625 0.110850016276 9.1552734375e-05 0.0446472167969 7.12076822917e-05 0.0316874186198 0.00079345703125 0.100392659505 0.0 0.0 0.0 0.051503499349 
27 0.158325195312 0.0 0.0 0.152170817057 0.0 0.0 0.000691731770833 1.01725260417e-05 0.0 0.162434895833 0.212107340495 0.0 0.0 0.0717468261719 0.0930582682292 0.0 0.0231628417969 0.0 0.0270690917969 2.03450520833e-05 0.0710042317708 0.0 0.0 0.0 0.0281982421875 
47 0.0785217285156 0.0 0.0 0.084238688151 0.0 0.0 2.03450520833e-05 0.00837198893229 0.0 0.237833658854 0.092783610026 0.0 0.0 0.0902608235677 0.102040608724 0.00552368164062 0.0267130533854 0.00136311848958 0.0665486653646 0.00460815429688 0.155080159505 0.000295003255208 0.0 0.000172932942708 0.0456237792969 
49 0.143544514974 0.0 0.0 0.23530069987 0.0 0.0 0.00510660807292 0.0 0.0 0.193013509115 0.162516276042 0.0 0.0 0.0122477213542 0.123708089193 0.0 0.00261433919271 0.0 0.0161641438802 0.0 0.0621236165365 0.0 0.0 0.0 0.0436604817708 
61 0.0918477376302 0.0 0.0 0.150858561198 0.000223795572917 0.0 0.000132242838542 0.01025390625 0.0 0.195424397786 0.132578531901 0.0 0.0 0.101715087891 0.129231770833 0.00179036458333 0.0291239420573 0.00210571289062 0.0201009114583 0.0117594401042 0.108459472656 0.000223795572917 0.000386555989583 2.03450520833e-05 0.0137634277344 
64 0.183135986328 0.0 0.0 0.166280110677 0.0 0.0 4.06901041667e-05 1.01725260417e-05 0.0 0.16020711263 0.139373779297 0.0 0.0 0.0501708984375 0.0432637532552 0.0 0.0122884114583 0.000152587890625 0.0138244628906 5.08626302083e-05 0.169067382812 0.0 0.0 0.0 0.0621337890625 
75 0.116485595703 0.0 0.0 0.160776774089 0.0 0.0 0.00260416666667 6.103515625e-05 0.0 0.198649088542 0.230072021484 0.0 0.0 0.0220540364583 0.0940755208333 0.000162760416667 0.0181172688802 0.0 0.0213623046875 0.0 0.089589436849 0.0 0.0 0.0 0.0459899902344 
77 0.0868937174479 0.0 0.0 0.191955566406 0.0 0.0 0.00030517578125 0.00102742513021 0.0 0.142832438151 0.176452636719 0.0 0.0 0.0634155273438 0.0835876464844 0.000498453776042 0.0214335123698 0.000111897786458 0.0215047200521 0.00091552734375 0.182637532552 0.0 7.12076822917e-05 0.0 0.026357014974 
96 0.0460815429688 0.0 0.0 0.183451334635 0.0 0.0 2.03450520833e-05 0.0120239257812 0.0 0.160858154297 0.13828531901 0.0 0.0 0.073964436849 0.0816243489583 0.0 0.0050048828125 1.01725260417e-05 0.0779622395833 0.0015869140625 0.159047444661 0.0 0.0 0.0 0.0600789388021 
97 0.0671895345052 0.0 0.0 0.121205647786 0.0 0.0 0.00204467773438 0.00692749023438 0.0 0.180430094401 0.26796468099 0.0 0.0 0.140055338542 0.0597839355469 0.0 0.0360310872396 0.0 0.0103454589844 0.0 0.092529296875 0.0 0.0 0.0 0.0154927571615 
99 0.179138183594 0.0 0.0 0.274444580078 0.0 0.0 0.00169881184896 0.0117594401042 0.0 0.147735595703 0.155771891276 0.0 0.0 0.0472310384115 0.0535685221354 0.0 0.0134073893229 8.13802083333e-05 0.0118103027344 0.00554402669271 0.0795694986979 0.0 0.0 0.0 0.0182393391927 
116 0.14219156901 0.0 0.0 0.154368082682 0.0 0.0 0.0772094726562 1.01725260417e-05 0.0 0.156138102214 0.256663004557 0.0 0.0 0.090321858724 0.0289611816406 0.00444539388021 0.00637817382812 0.000752766927083 0.00448608398438 0.00103759765625 0.0419514973958 0.0 0.0 0.0 0.0350850423177 
229 0.197184244792 0.0 0.0 0.100392659505 0.0 0.0 0.00194295247396 0.000111897786458 0.0 0.043202718099 0.2490234375 0.0 0.0 0.188334147135 0.0874938964844 0.0 0.00124104817708 0.000233968098958 0.013916015625 0.0 0.0944213867188 0.0 0.0 0.0 0.0225016276042 
230 0.201548258464 0.0 0.0 0.126983642578 7.12076822917e-05 0.0 0.00164794921875 0.000295003255208 0.0 0.0634460449219 0.260131835938 0.0 0.0 0.0676981608073 0.0732116699219 0.0 0.00213623046875 0.00684611002604 0.0152282714844 0.000417073567708 0.154042561849 0.0 0.0 0.00105794270833 0.0252380371094 
231 0.13520304362 0.0 0.0 0.22519938151 0.0 0.0 0.00606282552083 0.0 0.0 0.165985107422 0.0767415364583 0.0 0.0 0.128651936849 0.0470072428385 0.0 0.00371297200521 0.000264485677083 0.00669352213542 0.0 0.189788818359 0.0 0.0 0.0 0.0146891276042 
259 0.161163330078 0.0 0.0 0.104197184245 0.0 0.0 0.00509643554688 2.03450520833e-05 0.0 0.146667480469 0.265625 0.0 0.0 0.0632629394531 0.185546875 0.0 0.000101725260417 0.00030517578125 0.0189107259115 0.0 0.029052734375 0.0 0.0 0.0 0.0200500488281 
347 0.0868225097656 0.0 0.0 0.0626220703125 0.0 0.0 0.000233968098958 4.06901041667e-05 0.0 0.179646809896 0.248352050781 0.0 0.0 0.0840148925781 0.148478190104 0.0566813151042 0.00746663411458 0.000193277994792 0.00741577148438 0.00478108723958 0.0418904622396 0.0 0.0 0.000498453776042 0.0708618164062 
504 0.0508015950521 0.0 0.0 0.072021484375 2.03450520833e-05 0.0 0.00110880533854 0.00259399414062 0.0 0.051015218099 0.309254964193 0.0 0.0 0.13319905599 0.110677083333 0.0 4.06901041667e-05 0.0 0.0746358235677 0.0 0.184356689453 0.0 0.0 0.0 0.0102742513021 
516 0.11806233724 0.0 0.0 0.189666748047 0.0 0.0 0.000498453776042 0.0106811523438 0.0 0.139882405599 0.079833984375 0.0 0.0 0.0883178710938 0.105997721354 0.0 0.00248209635417 0.0155334472656 0.0969950358073 0.0 0.106974283854 3.0517578125e-05 0.0 0.0 0.0450439453125 
520 0.133504231771 0.0 0.0 0.245778401693 0.0 0.0 0.0111490885417 0.00799560546875 0.0 0.0273844401042 0.224253336589 0.0 0.0 0.0123291015625 0.0528259277344 0.0 0.0122578938802 0.0 0.00272623697917 0.0 0.251281738281 0.0 0.0 0.0 0.0185139973958 
528 0.0825805664062 0.0 0.0 0.314320882161 0.0 0.0 0.0096435546875 0.0483194986979 0.0 0.0392761230469 0.135670979818 0.00229899088542 0.0 0.0189615885417 0.0194702148438 0.0 0.0276692708333 0.000773111979167 0.0174458821615 0.0 0.26117960612 0.0 0.0 0.0 0.0223897298177 
534 0.0975952148438 0.0 0.0 0.137217203776 0.0 0.0 0.00328572591146 0.0135498046875 0.0 0.0257975260417 0.312520345052 0.0 0.0 0.033437093099 0.0553181966146 0.0 0.00419108072917 0.000111897786458 0.00847371419271 0.0 0.303283691406 0.0 0.0 0.0 0.00521850585938 
542 0.0848185221354 0.0 0.0 0.0955403645833 0.0 0.0 0.00105794270833 0.00198364257812 0.0 0.0476582845052 0.270619710286 0.0 0.0 0.116271972656 0.159932454427 0.0 0.00018310546875 0.000620524088542 0.102518717448 0.0 0.0936787923177 0.0 0.0 0.0 0.0251159667969 
569 0.101623535156 0.0 0.0 0.198272705078 0.0 0.0 0.00154622395833 0.00155639648438 0.0 0.0887451171875 0.143259684245 0.0 0.0 0.115000406901 0.0271402994792 0.0 0.0300496419271 0.000396728515625 9.1552734375e-05 0.0 0.291005452474 0.0 0.0 0.0 0.00131225585938 
571 0.0563659667969 0.0 0.0 0.170776367188 0.0 0.0 0.00223795572917 0.0 0.0 0.141682942708 0.291381835938 0.0 0.0 0.0497639973958 0.138732910156 0.0 0.000773111979167 0.0 0.0122477213542 0.0 0.111012776693 0.0 0.0 0.0 0.0250244140625 
577 0.0631917317708 0.0 0.0 0.126688639323 0.0 0.0 0.000152587890625 0.000111897786458 0.0 0.110392252604 0.297129313151 0.0 0.0 0.129211425781 0.167470296224 0.0 0.00241088867188 0.0 0.00324503580729 0.0 0.0907084147135 0.0 0.0 0.0 0.00928751627604 
872 0.0124206542969 0.0 0.0 0.169657389323 0.101369222005 0.0 0.0187581380208 0.0 0.0 0.159810384115 0.197835286458 0.0 0.0 0.0179138183594 0.0741780598958 0.0 0.000254313151042 0.0 0.0244649251302 0.0 0.0923767089844 0.0 0.0 0.0 0.13096110026 
883 0.118001302083 0.0 0.0 0.231811523438 0.0 0.0 0.0267028808594 0.0174662272135 0.0 0.073486328125 0.248372395833 0.0 0.0 0.146087646484 0.101786295573 0.0 0.0 0.0 0.0113423665365 0.0 0.014170328776 0.0 0.0 0.0 0.0107727050781 
987 0.0823364257812 0.0 0.0 0.0590616861979 0.0 0.0 0.0 0.0 0.0 0.185506184896 0.225697835286 0.0 0.0 0.15385945638 0.0538431803385 0.017333984375 0.0347391764323 0.00156656901042 0.00132242838542 0.0216166178385 0.160359700521 0.0 0.0 0.00273640950521 2.03450520833e-05 
999 0.12978108724 0.0 0.0 0.0936686197917 0.000467936197917 0.0 0.00155639648438 0.0 0.0 0.186370849609 0.166229248047 0.0 0.0 0.0271301269531 0.223693847656 0.00446573893229 0.00405883789062 0.0 0.0714314778646 3.0517578125e-05 0.0894673665365 0.0 0.0 0.0 0.00164794921875 
