Leaf
72 117.239071985 20.0997512422 20.0997512422 31.1448230048 20.2237484162 46.1735855225 26.0768096208 26.8700576851 20.8806130178 21.0237960416 64.28063472 27.0 29.1547594742 32.2800247831 35.6089876295 9.8488578018 11.0453610172 18.3575597507 17.0293863659 22.2036033112 23.0217288664 45.6946386352 47.2016948848 19.4164878389 21.3775583264 29.4108823397 33.2415402772 14.5602197786 18.0277563773 18.3847763109 19.1049731745 12.8062484749 21.0237960416 11.6619037897 12.5299640861 34.9284983931 36.0138862107 38.6264158317 24.1867732449 35.4400902933 50.219518118 54.7083174664 
40 105.0428484 20.0997512422 20.0249843945 25.0199920064 20.0249843945 36.0138862107 24.0831891576 24.7588368063 16.4924225025 17.2626765016 58.0086200491 35.0 35.3553390593 40.0249921924 41.2310562562 9.8488578018 11.401754251 19.2353840617 19.4164878389 21.1896201004 21.9317121995 42.7200187266 44.2944691807 14.1421356237 15.1327459504 25.0599281723 26.0768096208 11.1803398875 15.0 14.3178210633 16.9705627485 13.6014705087 17.2626765016 13.0 13.416407865 34.0147027034 35.0142828 35.8468966579 30.083217913 30.083217913 55.7584074378 57.008771255 
132 114.127122105 19.4164878389 20.3960780544 26.4764045897 19.4164878389 38.8329756779 22.6715680975 22.8473193176 19.1049731745 20.2484567313 53.1507290637 26.6833281283 27.0185121722 30.0166620396 32.8937684068 9.0 10.7703296143 14.8660687473 16.1245154966 24.5153013443 24.4131112315 40.8044115262 43.3243580449 14.3178210633 16.2788205961 28.4253408071 32.0156211872 12.2065556157 9.89949493661 16.1245154966 11.1803398875 13.8924439894 20.2484567313 10.4403065089 9.89949493661 37.6430604494 35.3553390593 37.4432904537 30.2654919008 37.0 48.4148737476 50.931326313 
187 111.004504413 17.0 18.0277563773 29.0172362571 21.0237960416 37.0540146273 27.0185121722 24.7588368063 21.0 19.0262975904 63.1268564083 33.0151480384 33.7342555869 38.3275357935 40.7062648741 9.8488578018 12.3693168769 17.4928556845 18.4390889146 18.973665961 21.4709105536 44.7772263545 43.382023927 16.0312195419 17.0880074906 22.627416998 29.4108823397 11.0453610172 19.2093727123 18.1107702763 18.4390889146 13.4536240471 19.0262975904 11.1803398875 12.0830459736 28.4604989415 31.1448230048 34.4818792991 24.1867732449 40.7921561087 55.9464029228 64.3506021728 
210 108.189648303 17.2626765016 18.2482875909 29.4278779391 16.1245154966 38.2099463491 23.4307490277 27.8567765544 21.0950231097 24.3515913238 55.542776308 31.3209195267 33.2415402772 34.0 37.3363094052 7.0 9.21954445729 15.2643375225 17.0 26.9258240357 28.3019433962 44.2944691807 46.2385120868 17.0293863659 19.3132079158 26.9072480941 29.1547594742 13.8924439894 14.8660687473 17.1172427686 18.8679622641 14.1421356237 24.3515913238 12.6491106407 13.0384048104 28.7923600978 29.2745623366 32.8024389337 27.2946881279 35.902646142 53.2634959423 60.0 
211 118.004237212 21.0 20.0 30.0166620396 24.0208242989 46.0108682813 27.2029410175 26.6270539114 22.5610283454 22.5610283454 61.0081961707 29.1547594742 29.1547594742 35.3411940941 34.4383507154 12.3693168769 12.1655250606 19.2093727123 18.4390889146 25.0599281723 24.1660919472 45.2769256907 44.418464629 19.3132079158 20.2484567313 33.2866339542 33.0151480384 15.8113883008 15.2643375225 16.1554944214 15.2643375225 15.6204993518 22.5610283454 12.0830459736 12.5299640861 36.235341864 34.0147027034 37.5765884561 34.0147027034 31.0161248385 55.9016994375 53.7587202229 
366 111.004504413 20.0 19.0262975904 32.0 24.0 46.0 23.6008474424 22.803508502 19.9248588452 19.6468827044 60.0083327547 26.3058928759 26.3058928759 33.6154726279 32.6496554346 13.3416640641 11.401754251 18.4390889146 18.4390889146 24.6981780705 22.8473193176 47.1699056603 45.1774279923 16.1554944214 15.2970585408 30.0166620396 27.2029410175 17.7200451467 14.8660687473 15.8113883008 15.6204993518 15.5563491861 19.6468827044 11.401754251 10.295630141 38.0131556175 35.0 35.3411940941 32.14031736 26.0192236625 53.8144961883 48.1663783152 
403 116.0 15.0332963784 18.0277563773 32.0 25.0199920064 48.0104155366 24.0831891576 23.0217288664 19.0262975904 20.6155281281 61.0081961707 27.0185121722 29.1204395571 33.5261092285 38.8329756779 12.0830459736 14.5602197786 20.0 19.8494332413 22.803508502 27.8028775489 49.6588360717 51.6236379966 16.0312195419 18.3575597507 23.3452350599 31.9061122671 11.7046999107 15.6204993518 21.3775583264 16.9705627485 12.2065556157 20.6155281281 10.295630141 12.8062484749 31.9530906173 32.14031736 37.7359245282 18.0277563773 46.389654019 50.6063237155 67.6756972628 
445 110.027269347 17.0 18.4390889146 30.2654919008 20.2237484162 45.2769256907 25.6124969497 26.0 20.0249843945 21.5406592285 56.5685424949 32.0156211872 32.0624390838 36.7151195014 37.947331922 10.0498756211 10.7703296143 17.691806013 17.88854382 18.7882942281 22.6715680975 41.8688428309 41.1460812229 16.0 17.4642491966 23.3452350599 27.7308492477 13.9283882772 17.0293863659 17.0293863659 18.0277563773 15.6204993518 21.5406592285 11.7046999107 12.8062484749 26.9258240357 25.495097568 30.4138126515 24.3515913238 34.5398320783 53.1507290637 58.0086200491 
