Leaf
62 118.207444774 20.2237484162 19.1049731745 29.0688837075 26.0192236625 55.0090901579 17.0293863659 18.4390889146 13.4536240471 11.1803398875 54.083269132 33.0605505096 32.0156211872 44.0113621693 41.1096095822 16.1245154966 13.8924439894 19.8494332413 19.1049731745 18.7882942281 14.4222051019 53.712196008 54.3783044973 11.6619037897 7.81024967591 30.1496268634 24.3310501212 17.0293863659 9.89949493661 12.0415945788 8.60232526704 16.1245154966 11.1803398875 10.0 7.81024967591 34.4093010682 31.1448230048 31.384709653 34.3656805549 23.5372045919 65.192024052 61.400325732 
12 102.122475489 19.0 17.1172427686 25.0199920064 24.0208242989 45.0998891351 17.691806013 18.3847763109 13.416407865 11.7046999107 51.0392006207 34.2344855372 34.1320963318 42.5440947724 40.7921561087 13.9283882772 12.5299640861 20.6155281281 20.2484567313 21.6333076528 18.3575597507 48.5489443758 47.9270278653 10.295630141 9.21954445729 25.632011236 20.2484567313 15.1327459504 12.2065556157 10.0498756211 11.313708499 11.1803398875 11.7046999107 12.2065556157 10.8166538264 26.6270539114 24.0 23.8537208838 29.6141857899 21.0950231097 60.207972894 56.3648826842 
59 110.040901487 19.0262975904 18.1107702763 26.0192236625 21.0237960416 48.0104155366 23.4307490277 24.4131112315 17.4642491966 18.4390889146 55.0817574157 31.5753068077 31.0161248385 38.0131556175 36.1386219992 11.401754251 10.7703296143 15.6204993518 17.0293863659 23.3452350599 18.8679622641 54.5893762558 53.712196008 16.2788205961 16.1245154966 26.6270539114 24.4131112315 15.2970585408 17.691806013 11.1803398875 16.6433169771 15.0 18.4390889146 11.313708499 9.43398113206 35.77708764 34.0147027034 32.8937684068 33.2415402772 23.0217288664 60.827625303 55.8032257132 
64 110.040901487 18.0 17.1172427686 30.0665927567 25.079872408 52.038447325 19.2093727123 18.6010752377 16.1554944214 14.3178210633 53.0377224247 32.5576411922 32.0156211872 40.7062648741 39.5600808897 13.6014705087 13.416407865 18.3847763109 19.2093727123 19.2093727123 16.9705627485 48.6004115209 47.0106370942 12.8062484749 10.8166538264 27.8567765544 24.0416305603 17.2626765016 11.401754251 13.0384048104 10.6301458127 13.8924439894 14.3178210633 11.401754251 10.6301458127 28.0178514522 24.0 24.6981780705 28.1602556807 20.2484567313 57.9827560573 53.5350352573 
77 118.342722632 19.1049731745 19.0262975904 31.064449134 27.0739727414 48.0936586256 23.8537208838 24.0416305603 18.973665961 18.1107702763 61.2045749924 32.14031736 32.0156211872 42.5440947724 39.5600808897 15.6524758425 13.9283882772 18.4390889146 19.2093727123 19.1049731745 15.6524758425 52.3259018078 50.6063237155 16.1245154966 15.2970585408 29.5465734054 27.2029410175 19.1049731745 16.2788205961 12.6491106407 14.2126704036 15.0 18.1107702763 10.295630141 7.81024967591 28.8444102037 28.0178514522 28.6530975638 32.3882694814 27.4590604355 62.4819974073 59.0338885726 
116 111.04053314 19.1049731745 18.1107702763 28.0178514522 23.0217288664 50.0899191455 20.5182845287 19.1049731745 13.9283882772 13.0 55.0 32.0624390838 32.14031736 38.275318418 39.9249295554 11.7046999107 13.0 17.0293863659 15.6204993518 16.2788205961 17.4928556845 52.3545604508 55.0090901579 11.1803398875 11.401754251 25.2982212813 25.9615099715 12.0415945788 11.401754251 16.0 12.7279220614 12.6491106407 13.0 7.81024967591 10.295630141 27.7848879789 27.0 26.9258240357 26.6833281283 26.1725046566 61.400325732 60.605280298 
122 111.462998345 18.4390889146 18.1107702763 27.6586333719 19.4164878389 37.6563407675 20.1246117975 20.6155281281 16.6433169771 15.1327459504 53.1507290637 34.0 32.9848450049 41.2310562562 38.0131556175 11.6619037897 9.21954445729 18.7882942281 17.0293863659 19.8494332413 18.6815416923 45.8802789878 44.1021541424 12.2065556157 13.0384048104 25.7099202644 24.2074368738 16.0312195419 14.2126704036 12.0830459736 12.8062484749 13.4536240471 15.1327459504 11.401754251 11.401754251 34.6698716467 34.3656805549 34.4818792991 35.7351367704 29.0688837075 59.908263203 53.7401153702 
171 111.072048689 19.1049731745 18.0277563773 29.0 24.0 48.0 19.2093727123 19.7989898732 14.7648230602 13.6014705087 55.0090901579 33.2415402772 33.0151480384 41.629316593 39.8497176903 13.9283882772 12.0830459736 20.6155281281 19.4164878389 19.8494332413 18.6010752377 48.0208288142 47.0106370942 11.6619037897 9.48683298051 26.2488094968 22.4722050542 17.0293863659 14.2126704036 12.0415945788 12.0415945788 14.2126704036 13.6014705087 11.401754251 10.8166538264 28.8444102037 26.0192236625 25.5538646784 36.6742416418 24.6981780705 65.0538238692 56.0357029045 
206 113.070774296 20.0997512422 21.0 32.0624390838 28.0178514522 55.0090901579 23.3452350599 23.0217288664 19.4164878389 20.6155281281 61.1310068623 28.2842712475 29.0 35.8468966579 35.8468966579 14.3178210633 14.5602197786 17.8044938148 18.4390889146 22.0227155455 21.400934559 52.4309069157 50.6063237155 15.2315462117 16.1245154966 30.5286750449 32.2024843762 18.0277563773 13.6014705087 15.5241746963 12.2065556157 16.4012194669 20.6155281281 10.6301458127 9.21954445729 33.1058907145 31.0161248385 32.7566787083 23.0867927612 26.0192236625 55.1724568965 54.6717477313 
217 114.0 20.0997512422 20.2237484162 31.0 25.0199920064 48.0416485979 19.1049731745 19.7989898732 13.8924439894 12.5299640861 58.0 36.3455636908 35.0142828 44.7772263545 43.0116263352 13.9283882772 13.416407865 19.7989898732 18.6010752377 17.0293863659 16.9705627485 43.2666153056 44.9444101085 10.8166538264 9.21954445729 29.2745623366 27.1661554144 17.0 10.0 14.0 9.21954445729 16.5529453572 12.5299640861 10.0 9.89949493661 29.4108823397 26.0192236625 26.9258240357 33.6154726279 27.2946881279 61.0737259384 58.2494635168 
220 109.16501271 17.0293863659 17.0293863659 28.0713376952 22.0227155455 47.0425339454 20.2484567313 23.3452350599 17.0880074906 16.0312195419 55.0363516233 35.2278299076 34.0587727319 43.0813184571 39.8497176903 13.0 10.7703296143 15.8113883008 17.691806013 19.7230829233 13.6014705087 47.4130783645 47.1699056603 14.4222051019 13.152946438 27.3130005675 22.4722050542 17.0293863659 14.2126704036 11.401754251 13.4536240471 15.2643375225 16.0312195419 10.0 7.61577310586 31.9061122671 29.1547594742 28.7923600978 29.4278779391 23.3452350599 58.2580466545 54.6717477313 
287 105.0428484 17.0 15.0332963784 25.0 23.0 45.0 17.0293863659 17.0293863659 14.3178210633 12.6491106407 47.0 29.6141857899 29.2745623366 38.0788655293 33.5410196625 13.6014705087 10.7703296143 15.5563491861 16.2788205961 21.2602916255 15.2315462117 54.5893762558 51.6236379966 11.313708499 8.94427191 26.2488094968 20.2484567313 17.0293863659 11.401754251 8.0622577483 8.0622577483 14.4222051019 12.6491106407 10.8166538264 7.21110255093 30.886890423 29.0172362571 27.3130005675 36.6742416418 17.4642491966 61.8465843843 53.66563146 
377 108.374351209 19.0262975904 16.1245154966 28.0178514522 22.0227155455 43.1856457634 21.9317121995 21.400934559 16.2788205961 15.2970585408 57.0788927713 32.5729949498 31.2569992162 40.2243707222 34.3656805549 13.152946438 9.48683298051 21.400934559 20.1246117975 22.825424421 19.7230829233 46.0434577329 45.3100430368 13.0 12.1655250606 27.2946881279 20.591260282 17.2626765016 15.0 11.1803398875 13.4536240471 16.1245154966 15.2970585408 14.8660687473 13.9283882772 34.4383507154 32.0 31.304951685 37.1214223865 21.9544984001 62.4819974073 53.712196008 
380 106.38138935 17.0293863659 16.1245154966 27.0185121722 22.0227155455 50.0099990002 20.5182845287 21.6333076528 15.1327459504 16.4924225025 54.2309874518 30.5941170816 30.0166620396 37.1214223865 35.4400902933 11.401754251 11.7046999107 15.5563491861 16.2788205961 20.5182845287 20.5182845287 57.3061951276 55.542776308 10.7703296143 12.0830459736 23.7065391823 22.8473193176 14.3178210633 12.2065556157 13.152946438 12.0415945788 13.0 16.4924225025 9.89949493661 9.89949493661 32.6955654485 33.0605505096 34.4818792991 25.0 25.3179778023 60.440052945 61.0573500899 
401 113.039815994 18.0277563773 18.0 28.0 21.0 44.0113621693 20.5182845287 20.5182845287 16.4924225025 15.5241746963 56.0 30.8058436015 30.0 37.5898922584 34.4818792991 11.401754251 10.4403065089 17.2046505341 17.8044938148 21.400934559 18.8679622641 45.7930125674 44.72135955 10.8166538264 9.8488578018 26.0 23.769728648 16.0312195419 12.8062484749 12.0415945788 11.313708499 14.8660687473 15.5241746963 12.2065556157 11.6619037897 33.5410196625 31.0 32.2024843762 36.1247837364 28.0178514522 57.008771255 51.7397332811 
472 106.16967552 18.0277563773 16.2788205961 26.1725046566 22.2036033112 46.270941205 20.6155281281 20.8086520467 17.7200451467 14.5602197786 51.1566222497 32.0156211872 31.2569992162 40.8166632639 38.3275357935 13.6014705087 11.401754251 16.9705627485 18.0277563773 20.5182845287 15.0 50.8035431835 48.7031826475 14.7648230602 11.401754251 28.6530975638 20.6155281281 16.7630546142 12.0415945788 10.1980390272 11.401754251 15.2643375225 14.5602197786 11.313708499 7.81024967591 29.1547594742 26.0192236625 25.0 34.0587727319 23.2594066992 63.7808748764 55.0363516233 
