Leaf
108 109.772492001 17.0293863659 19.4164878389 28.1602556807 21.0950231097 49.2544414241 21.9317121995 21.4709105536 16.0312195419 17.4928556845 54.4518135602 29.1547594742 30.2654919008 32.6955654485 36.2491379208 10.0498756211 11.401754251 16.4012194669 14.4222051019 17.7200451467 26.9258240357 44.9444101085 49.7393204618 13.0384048104 15.0 21.2602916255 29.1204395571 9.8488578018 13.4536240471 19.0262975904 14.8660687473 12.8062484749 17.4928556845 9.48683298051 11.401754251 22.4722050542 23.1948270095 25.6124969497 18.4390889146 33.0605505096 50.6063237155 61.554853586 
13 107.018689956 17.0293863659 17.0293863659 27.0185121722 21.0237960416 42.0475920833 19.7989898732 19.1049731745 13.3416640641 13.6014705087 54.0092584656 29.0172362571 29.4278779391 34.4818792991 38.0131556175 9.8488578018 13.0 15.5563491861 15.6204993518 17.0 19.1049731745 41.5932686862 45.2769256907 11.401754251 12.5299640861 22.360679775 25.079872408 12.1655250606 12.7279220614 15.0332963784 13.4536240471 11.7046999107 13.6014705087 7.81024967591 9.43398113206 33.2415402772 32.0 32.6955654485 24.5153013443 34.0 51.4003891036 57.4891294072 
6 99.0807751282 15.0332963784 16.0312195419 28.0178514522 22.0227155455 44.1021541424 17.0293863659 18.4390889146 12.1655250606 13.6014705087 53.1507290637 25.079872408 25.3179778023 30.4630924235 33.1209903234 10.4403065089 12.6491106407 17.8044938148 18.6010752377 20.6155281281 22.0227155455 45.6179789118 50.1198563446 10.1980390272 12.0830459736 20.2484567313 23.2594066992 12.3693168769 12.2065556157 16.1245154966 14.2126704036 9.8488578018 13.6014705087 11.1803398875 12.0415945788 29.9666481275 29.0 29.9666481275 21.0237960416 28.1602556807 48.8262224629 55.1543289326 
25 103.585713301 18.0 18.2482875909 24.1867732449 19.1049731745 43.1856457634 22.0227155455 20.0 14.0356688476 14.3178210633 53.2353266168 28.1602556807 29.0688837075 32.6955654485 34.7850542619 10.1980390272 9.8488578018 14.1421356237 15.0 15.8113883008 18.6010752377 46.872166581 46.2385120868 12.0415945788 12.5299640861 20.8086520467 25.2982212813 10.7703296143 13.6014705087 14.0356688476 12.8062484749 12.5299640861 14.3178210633 9.43398113206 9.21954445729 29.1204395571 29.4278779391 30.8058436015 20.0249843945 29.1547594742 51.0881590978 53.4134814443 
33 103.004854255 19.1049731745 19.1049731745 26.0192236625 24.0208242989 48.0 23.3452350599 21.2602916255 14.1421356237 14.8660687473 57.008771255 29.0 29.0688837075 35.7351367704 36.2491379208 12.0830459736 13.6014705087 17.0293863659 14.8660687473 17.2046505341 19.1049731745 48.3735464898 48.3735464898 11.0 12.5299640861 21.0237960416 26.5706605112 11.1803398875 14.2126704036 15.2970585408 12.0415945788 11.6619037897 14.8660687473 7.81024967591 9.43398113206 26.83281573 27.0739727414 29.6816441593 19.3132079158 25.495097568 53.8516480713 57.008771255 
43 99.5037687728 16.0312195419 15.1327459504 27.1661554144 19.1049731745 48.2597140481 19.7989898732 18.3575597507 15.1327459504 15.2315462117 50.2493781056 27.4590604355 28.1602556807 33.1058907145 35.4682957019 9.48683298051 11.1803398875 16.2788205961 14.7648230602 17.4928556845 23.3238075794 51.6236379966 53.310411741 10.4403065089 12.8062484749 21.9544984001 25.7099202644 11.401754251 10.6301458127 16.0 10.0 11.1803398875 15.2315462117 8.94427191 12.2065556157 24.6981780705 26.3058928759 28.6006992922 19.2353840617 28.0713376952 55.0 60.0 
105 109.772492001 19.0 19.4164878389 27.2946881279 20.0997512422 50.3587132481 23.3452350599 21.0950231097 16.1245154966 16.1245154966 55.3263047745 30.5941170816 32.0156211872 36.6742416418 38.6005181312 10.4403065089 11.1803398875 15.6204993518 14.4222051019 18.8679622641 23.3238075794 48.6004115209 49.6588360717 12.0 13.416407865 22.4722050542 26.2488094968 11.7046999107 13.6014705087 16.0 15.6204993518 13.0384048104 16.1245154966 7.81024967591 10.295630141 24.3515913238 24.5153013443 26.8700576851 21.2132034356 27.892651362 55.2268050859 58.0086200491 
177 103.947101932 17.2626765016 19.4164878389 26.4764045897 23.1948270095 47.3814309619 22.6715680975 23.4093998214 18.0 21.0950231097 52.3927475897 29.0688837075 31.0161248385 34.5398320783 39.2173431023 11.401754251 13.416407865 18.3847763109 18.8679622641 18.973665961 23.4307490277 45.2216762184 47.853944456 13.0384048104 16.9705627485 24.0831891576 32.0156211872 10.295630141 11.313708499 17.0 13.0 11.1803398875 21.0950231097 9.8488578018 12.0415945788 28.4604989415 28.4429253067 32.0156211872 18.4390889146 31.064449134 50.0 55.9732078766 
179 107.004672795 18.1107702763 18.0 30.0 24.0208242989 56.0089278598 22.6715680975 21.2132034356 15.2970585408 15.2970585408 60.0333240792 29.0172362571 30.4138126515 36.0555127546 38.4707681233 12.0830459736 13.6014705087 19.2093727123 18.4390889146 19.8494332413 24.2074368738 59.9332962551 60.9015599143 12.6491106407 13.6014705087 24.1660919472 28.231188427 12.1655250606 12.8062484749 18.1107702763 13.4536240471 13.416407865 15.2970585408 10.6301458127 12.7279220614 35.3411940941 36.0138862107 37.1214223865 18.2482875909 27.0 59.9416382826 64.6606526413 
221 105.171288858 18.1107702763 19.2353840617 26.0192236625 23.0217288664 51.0881590978 19.8494332413 18.4390889146 11.401754251 13.0384048104 53.0377224247 33.1360830516 33.0 40.8533964316 40.5215991787 13.0 12.5299640861 17.8044938148 15.0 13.6014705087 18.0277563773 51.6236379966 52.7730992078 7.28010988928 9.21954445729 20.6155281281 25.3179778023 12.0415945788 11.6619037897 14.0 10.6301458127 13.0384048104 13.0384048104 7.07106781187 9.43398113206 24.5967477525 25.079872408 26.4007575649 21.5870331449 24.7386337537 57.8013840665 59.640590205 
247 111.072048689 18.1107702763 19.0 27.0185121722 20.0249843945 45.0444225182 24.6981780705 25.8069758011 19.6468827044 21.3775583264 55.0090901579 29.0688837075 30.3644529014 34.7131099154 38.5875627631 10.295630141 11.7046999107 15.6204993518 14.8660687473 18.7882942281 24.7588368063 46.8187996429 51.0392006207 17.1172427686 18.4390889146 25.0 29.206163733 11.401754251 16.6433169771 16.4924225025 18.4390889146 13.6014705087 21.3775583264 7.07106781187 10.0 25.5538646784 26.0192236625 27.7848879789 20.8806130178 35.0142828 51.8844870843 62.6258732474 
249 113.039815994 17.0293863659 17.0293863659 30.0166620396 20.0249843945 52.038447325 22.6715680975 20.0 16.1245154966 15.8113883008 57.0 32.3882694814 32.3882694814 37.6961536499 39.3954312072 9.48683298051 11.7046999107 17.0293863659 16.6433169771 20.5182845287 22.803508502 52.697248505 51.4295634825 12.3693168769 13.0384048104 22.825424421 26.0 13.152946438 14.1421356237 17.0293863659 14.1421356237 13.0384048104 15.8113883008 10.295630141 12.7279220614 29.5465734054 30.1496268634 32.4499614792 25.179356624 33.0151480384 58.7962583844 60.141499815 
270 106.117859006 17.0293863659 20.0997512422 24.0 24.0208242989 46.0108682813 22.6715680975 21.6333076528 16.1245154966 17.88854382 51.0098029794 31.0161248385 32.0156211872 38.6005181312 39.2173431023 13.416407865 13.0 16.9705627485 16.2788205961 15.0 17.691806013 45.6508488421 45.7930125674 12.1655250606 15.8113883008 21.9544984001 31.0161248385 9.05538513814 13.0384048104 15.0332963784 13.416407865 13.0384048104 17.88854382 8.0622577483 7.81024967591 24.5967477525 25.079872408 28.0178514522 22.8473193176 33.5410196625 54.918120871 60.811183182 
324 117.388244727 19.1049731745 19.3132079158 31.4006369362 29.2745623366 50.4876222455 19.8494332413 20.6155281281 15.5241746963 15.6204993518 55.1089829338 29.4278779391 30.1496268634 38.5875627631 39.5600808897 15.5241746963 16.1245154966 20.8086520467 20.0 15.8113883008 20.0 43.931765273 45.1774279923 8.54400374532 13.6014705087 24.1660919472 29.0172362571 13.152946438 11.6619037897 18.2482875909 13.0384048104 13.4536240471 15.6204993518 8.94427191 10.0 19.6977156036 19.4164878389 22.6715680975 27.6586333719 34.9857113691 58.137767415 66.0302960769 
437 106.705201373 17.2626765016 18.6815416923 29.6141857899 22.5610283454 50.0099990002 24.8394846967 23.4093998214 19.1049731745 19.7230829233 57.2712842531 27.6586333719 28.0178514522 31.9061122671 35.1140997322 11.0 12.0830459736 17.0293863659 18.3575597507 19.6977156036 23.0217288664 48.9182992345 49.9799959984 16.0312195419 16.9705627485 26.1725046566 30.8058436015 12.5299640861 14.1421356237 18.0 13.416407865 13.6014705087 19.7230829233 11.7046999107 12.0415945788 25.495097568 25.9615099715 27.5862284483 17.0 30.5941170816 52.3259018078 58.0086200491 
461 109.114618636 19.2353840617 20.0997512422 28.0178514522 24.0 52.0864665724 21.2602916255 19.8494332413 13.9283882772 14.7648230602 55.0363516233 34.0 33.2415402772 40.5215991787 41.629316593 12.0830459736 13.9283882772 15.6204993518 15.6204993518 15.0 20.0 48.7647413609 49.4064773081 11.6619037897 14.2126704036 25.9615099715 30.3644529014 12.0415945788 10.8166538264 16.1245154966 11.401754251 12.0830459736 14.7648230602 7.21110255093 9.8488578018 27.7848879789 27.0185121722 29.9666481275 19.6468827044 27.0185121722 53.5350352573 57.3149195236 
469 102.004901843 18.2482875909 18.1107702763 26.0 23.0217288664 50.0399840128 20.0 19.2093727123 14.3178210633 14.3178210633 50.0099990002 30.0166620396 31.2569992162 35.4400902933 37.5765884561 11.7046999107 12.3693168769 15.5563491861 15.6204993518 16.2788205961 19.2093727123 51.4781507049 49.7393204618 9.8488578018 11.6619037897 22.803508502 25.2982212813 12.0415945788 11.313708499 14.0356688476 12.0415945788 12.8062484749 14.3178210633 8.48528137424 9.21954445729 24.5967477525 26.0768096208 27.4590604355 20.8806130178 24.7386337537 56.8594759033 58.412327466 
471 113.159179919 17.1172427686 18.0277563773 30.0166620396 23.0 49.0102030194 20.0 18.3847763109 10.0498756211 13.0 59.0338885726 34.0 35.6931365951 41.2310562562 45.6179789118 11.6619037897 14.3178210633 19.1049731745 15.8113883008 13.9283882772 24.1867732449 51.0 52.3545604508 6.0827625303 11.401754251 18.4390889146 27.6586333719 10.0 10.8166538264 20.0249843945 13.6014705087 13.6014705087 13.0 6.7082039325 12.0830459736 26.0 27.2946881279 32.0156211872 22.1359436212 33.2415402772 57.9827560573 63.7808748764 
484 109.041276588 19.1049731745 19.0262975904 29.0172362571 22.0227155455 44.0113621693 21.9317121995 20.6155281281 14.5602197786 16.1554944214 57.008771255 30.0 32.7566787083 37.3630833845 41.5932686862 11.6619037897 13.0 18.4390889146 16.4012194669 15.2315462117 21.2602916255 46.6154480832 49.3963561409 10.4403065089 13.6014705087 23.4093998214 28.7923600978 11.1803398875 11.313708499 18.0277563773 14.1421356237 10.295630141 16.1554944214 7.61577310586 11.401754251 28.6356421266 29.0 30.4138126515 20.8806130178 34.0587727319 52.8393792545 62.2896460096 
