Leaf
204 111.004504413 23.1948270095 20.0249843945 26.0768096208 22.0907220344 47.1699056603 26.4007575649 25.495097568 19.3132079158 20.2237484162 59.1354377679 26.3058928759 26.0 34.0 29.7321374946 12.6491106407 10.1980390272 16.9705627485 14.1421356237 25.0 24.1660919472 46.3249392876 41.3400532172 19.3132079158 19.2353840617 33.5410196625 30.4795013083 16.7630546142 15.8113883008 12.2065556157 13.8924439894 14.3178210633 20.2237484162 8.48528137424 10.0 32.2490309932 29.0 30.4138126515 37.6563407675 20.2237484162 55.4707129934 45.607017004 
58 103.237590053 18.0277563773 18.0277563773 27.0185121722 16.1245154966 42.1900462195 23.4307490277 24.2074368738 19.2353840617 18.2482875909 57.0350769264 27.2029410175 25.179356624 32.2490309932 31.0161248385 8.24621125124 8.94427191 14.2126704036 14.7648230602 24.6981780705 23.0217288664 45.4862616622 45.3100430368 15.5241746963 14.3178210633 27.2029410175 24.6981780705 15.5241746963 15.5563491861 12.3693168769 14.2126704036 14.2126704036 18.2482875909 10.295630141 9.89949493661 28.6356421266 26.0768096208 28.3019433962 26.1725046566 26.0192236625 50.931326313 50.8035431835 
104 103.585713301 17.2626765016 17.0293863659 27.1661554144 18.1107702763 42.1900462195 20.6155281281 22.2036033112 16.0312195419 17.4642491966 56.5685424949 26.5706605112 26.0 32.2024843762 30.083217913 10.0498756211 8.54400374532 15.6204993518 16.1245154966 24.1660919472 24.4131112315 44.1021541424 44.7772263545 13.9283882772 14.7648230602 27.2029410175 26.83281573 15.2315462117 11.401754251 13.3416640641 11.6619037897 14.3178210633 17.4642491966 11.6619037897 11.401754251 31.384709653 30.0665927567 30.886890423 29.0688837075 24.0208242989 51.7397332811 48.6004115209 
202 96.0832971957 19.0 18.0277563773 27.0739727414 18.0277563773 47.0 24.4131112315 23.3238075794 20.6155281281 19.9248588452 53.0377224247 27.2029410175 27.0185121722 32.7566787083 31.6227766017 9.21954445729 9.48683298051 12.0415945788 12.7279220614 20.5182845287 20.5182845287 46.4004310325 41.5932686862 14.5602197786 14.5602197786 26.9258240357 25.5538646784 15.2315462117 12.8062484749 13.6014705087 13.4536240471 14.8660687473 19.9248588452 8.48528137424 8.48528137424 26.9258240357 25.179356624 27.2029410175 25.495097568 20.0997512422 51.2249938995 44.4072066223 
237 104.307238483 18.0 17.1172427686 26.0192236625 17.0293863659 46.0977222865 23.4307490277 22.4722050542 18.2482875909 17.7200451467 53.0377224247 28.4604989415 27.0 34.1320963318 31.0483493925 9.21954445729 8.54400374532 15.0 15.2643375225 26.2488094968 21.6333076528 46.4004310325 43.8634243989 15.1327459504 14.1421356237 25.0 22.4722050542 15.5241746963 17.0293863659 11.401754251 14.2126704036 15.0 17.7200451467 11.6619037897 10.8166538264 26.4007575649 25.079872408 25.2388589282 26.0192236625 21.8403296678 53.9073278878 49.9299509313 
262 100.578327685 18.6815416923 17.4642491966 25.9615099715 18.973665961 43.6806593357 22.2036033112 22.1359436212 18.0 19.7230829233 52.2015325446 24.5967477525 23.3452350599 29.0 27.2946881279 10.1980390272 8.94427191 16.4012194669 16.7630546142 26.9258240357 26.2488094968 42.4499705536 42.4499705536 14.0 15.8113883008 26.1725046566 27.5136329844 14.4222051019 13.416407865 13.0384048104 12.6491106407 13.0 19.7230829233 12.3693168769 12.0415945788 30.083217913 27.6586333719 29.8328677804 25.632011236 23.1948270095 46.5295604965 45.1774279923 
276 99.0 18.0277563773 16.0 27.0739727414 19.0 40.049968789 23.0217288664 22.803508502 18.6815416923 18.1107702763 54.083269132 32.0156211872 29.0 39.8246155035 33.9558536927 11.7046999107 8.94427191 18.6010752377 17.0 20.8086520467 17.4928556845 41.0487515035 39.8120584748 15.2315462117 15.1327459504 27.2946881279 23.4307490277 17.1172427686 16.2788205961 10.7703296143 13.6014705087 14.4222051019 18.1107702763 11.6619037897 11.1803398875 29.5296461205 27.0185121722 26.4007575649 34.0 17.4642491966 55.0 45.1774279923 
283 100.124921973 19.1049731745 17.0 26.0192236625 18.0277563773 40.1995024845 21.9317121995 22.803508502 20.591260282 18.2482875909 49.0917508345 29.8328677804 29.0172362571 37.1214223865 33.2415402772 10.7703296143 8.54400374532 15.2643375225 15.6204993518 22.0227155455 17.7200451467 42.0475920833 40.4969134626 15.2643375225 14.0356688476 29.1547594742 21.2602916255 19.2353840617 14.8660687473 8.0622577483 12.8062484749 16.1245154966 18.2482875909 9.89949493661 8.54400374532 29.0688837075 25.7099202644 23.769728648 36.0555127546 19.6977156036 55.2268050859 48.8262224629 
407 102.004901843 18.0 18.0277563773 30.0166620396 19.0 48.0 24.1867732449 25.5538646784 21.8403296678 21.5870331449 55.0 24.0416305603 22.360679775 29.4108823397 26.4196896272 10.0498756211 9.05538513814 15.6204993518 15.0 24.2074368738 23.6008474424 44.6542271235 43.5660418216 16.1554944214 17.4642491966 28.3019433962 27.2029410175 16.7630546142 14.1421356237 15.2315462117 14.8660687473 14.8660687473 21.5870331449 11.6619037897 11.6619037897 24.6981780705 23.0 24.6981780705 23.0217288664 19.2353840617 50.2095608425 47.8016736109 
408 106.042444332 19.0 19.0262975904 31.0 20.0 52.0096144958 24.6981780705 25.0599281723 21.8403296678 22.1359436212 56.0089278598 23.769728648 23.5372045919 28.8444102037 28.3019433962 10.0498756211 10.0498756211 15.6204993518 15.6204993518 26.4007575649 25.6124969497 48.0104155366 46.6476151588 16.7630546142 17.0880074906 28.8444102037 29.1547594742 17.0880074906 14.8660687473 16.1554944214 13.4536240471 15.6204993518 22.1359436212 11.6619037897 12.2065556157 29.5296461205 27.0185121722 30.5286750449 25.7099202644 27.2946881279 49.6789693935 50.2095608425 
417 106.16967552 18.0277563773 17.0 30.0166620396 24.0208242989 42.0475920833 22.4722050542 22.6715680975 18.973665961 17.1172427686 57.0788927713 25.3179778023 25.079872408 33.1209903234 31.304951685 12.6491106407 12.3693168769 16.2788205961 17.0293863659 20.8086520467 18.973665961 41.3400532172 38.5875627631 14.7648230602 14.3178210633 27.7308492477 24.4131112315 17.1172427686 14.8660687473 13.3416640641 14.8660687473 14.2126704036 17.1172427686 9.89949493661 8.60232526704 28.3019433962 25.0 27.7848879789 33.0605505096 26.0768096208 53.8144961883 46.6904701197 
