Leaf
248 94.7628619239 13.3416640641 16.1245154966 21.2132034356 16.0312195419 28.0713376952 19.1049731745 19.2353840617 17.0 16.5529453572 43.4165866922 28.0178514522 30.5941170816 30.5941170816 36.2491379208 7.28010988928 9.48683298051 14.4222051019 15.2643375225 17.0 20.0 33.1209903234 33.2415402772 14.0 16.9705627485 21.400934559 29.7321374946 7.07106781187 10.295630141 16.1245154966 10.7703296143 11.401754251 16.5529453572 9.21954445729 10.8166538264 25.179356624 26.6833281283 29.4108823397 15.2643375225 47.1699056603 41.1825205639 58.2494635168 
70 104.580112832 15.0332963784 18.1107702763 26.0192236625 17.0293863659 39.1152144312 20.5182845287 21.0950231097 14.0356688476 17.4642491966 51.1566222497 30.1496268634 30.5941170816 35.4400902933 38.4837628098 8.0622577483 11.1803398875 14.8660687473 13.8924439894 13.6014705087 21.0950231097 35.2278299076 37.2155881319 11.0453610172 13.8924439894 17.2046505341 26.9258240357 9.05538513814 14.1421356237 17.0 15.6204993518 15.8113883008 17.4642491966 7.28010988928 10.0 17.7200451467 20.6155281281 24.7588368063 20.591260282 37.8549864615 45.607017004 58.137767415 
45 95.0 14.0 14.0 25.0 15.0332963784 33.0151480384 20.2484567313 18.8679622641 17.2626765016 16.4924225025 46.0108682813 30.4138126515 31.4006369362 37.0 37.3363094052 8.60232526704 8.94427191 18.3847763109 17.88854382 19.2353840617 19.2353840617 36.235341864 34.885527085 14.8660687473 15.2315462117 23.6008474424 24.4131112315 13.3416640641 13.6014705087 12.3693168769 12.5299640861 13.4536240471 16.4924225025 11.7046999107 12.0830459736 25.9422435421 25.0199920064 26.9258240357 25.9615099715 30.8058436015 47.0106370942 48.8364617883 
63 97.3293378175 17.1172427686 19.0 28.0178514522 20.0249843945 36.0138862107 17.2046505341 16.9705627485 13.8924439894 13.8924439894 50.0899191455 33.0151480384 33.7342555869 38.3275357935 40.249223595 9.8488578018 11.401754251 16.6433169771 17.0293863659 18.3847763109 19.2353840617 37.5765884561 38.5875627631 11.313708499 11.401754251 25.7099202644 28.8617393793 13.0384048104 8.60232526704 15.1327459504 7.81024967591 8.94427191 13.8924439894 10.295630141 10.295630141 27.7308492477 28.0178514522 31.7647603485 24.1867732449 29.1547594742 49.244289009 50.2095608425 
83 101.019800039 15.0332963784 15.0332963784 29.0172362571 19.0262975904 41.0121933088 16.9705627485 16.6433169771 13.3416640641 14.3178210633 50.0899191455 30.0665927567 31.0483493925 34.4818792991 38.9486841883 8.54400374532 11.7046999107 18.0277563773 18.3575597507 19.6977156036 22.803508502 38.5875627631 39.9624824054 10.295630141 13.4536240471 22.360679775 26.2488094968 11.401754251 8.48528137424 18.1107702763 10.6301458127 10.7703296143 14.3178210633 11.1803398875 12.8062484749 23.7065391823 23.1948270095 27.0185121722 21.9544984001 31.7804971641 48.8773976394 54.4518135602 
91 106.301458127 15.0332963784 16.1245154966 25.079872408 20.0 32.0156211872 19.1049731745 17.88854382 15.1327459504 16.1245154966 46.1735855225 31.0161248385 33.2415402772 36.4005494464 39.9249295554 9.8488578018 11.7046999107 17.2046505341 17.2046505341 18.2482875909 19.2353840617 33.8378486314 31.7804971641 11.1803398875 14.8660687473 20.8086520467 27.5136329844 9.21954445729 11.401754251 16.0 12.5299640861 11.401754251 16.1245154966 9.48683298051 10.295630141 21.8403296678 23.769728648 28.319604517 26.0 41.9761837236 47.5078940809 54.5618914628 
101 101.019800039 17.1172427686 17.0293863659 26.0 17.0 39.0128184063 23.0217288664 23.3238075794 17.4642491966 19.6468827044 51.0098029794 29.0688837075 29.8328677804 33.5261092285 35.77708764 8.54400374532 9.48683298051 15.2643375225 15.8113883008 17.4928556845 20.6155281281 40.7062648741 40.3112887415 14.0356688476 16.1554944214 21.6333076528 26.9258240357 10.7703296143 13.4536240471 16.4924225025 14.8660687473 14.2126704036 19.6468827044 9.43398113206 10.0 26.83281573 27.0739727414 30.8058436015 23.2594066992 35.5105618091 50.2493781056 55.1543289326 
109 94.1912947145 15.0 16.0312195419 24.0831891576 18.1107702763 37.0135110466 16.2788205961 16.4012194669 11.401754251 13.416407865 46.1735855225 30.2654919008 30.0665927567 36.0555127546 37.947331922 8.94427191 11.6619037897 15.8113883008 17.4928556845 14.7648230602 18.4390889146 41.6773319683 40.3112887415 9.48683298051 10.6301458127 20.1246117975 24.0416305603 10.4403065089 9.21954445729 14.0356688476 9.89949493661 8.54400374532 13.416407865 8.0622577483 9.89949493661 24.6981780705 25.3179778023 27.2029410175 21.1896201004 32.0156211872 49.6487663492 54.6717477313 
119 97.0206163658 14.0356688476 16.0312195419 26.0 18.0277563773 32.0 25.079872408 25.495097568 22.360679775 22.5610283454 47.0 28.0178514522 29.8328677804 32.2800247831 35.3553390593 8.54400374532 10.1980390272 13.0384048104 14.8660687473 20.8806130178 20.6155281281 34.4383507154 35.3553390593 18.2482875909 20.2484567313 24.0416305603 29.206163733 11.7046999107 16.1245154966 15.5241746963 17.0 15.2315462117 22.5610283454 8.60232526704 8.0622577483 20.6155281281 22.0907220344 25.0 21.4709105536 39.1152144312 44.9444101085 53.600373133 
135 91.0878696644 14.0356688476 15.0332963784 25.0199920064 18.0 33.0151480384 20.0 20.1246117975 17.1172427686 18.0277563773 46.0977222865 29.0688837075 30.4138126515 33.5261092285 36.2491379208 8.54400374532 10.4403065089 15.8113883008 15.8113883008 18.4390889146 20.2484567313 29.6816441593 31.064449134 15.2970585408 17.0 23.3452350599 26.9258240357 10.7703296143 13.0384048104 15.2970585408 13.8924439894 10.6301458127 18.0277563773 9.48683298051 10.8166538264 23.2594066992 23.0867927612 26.0768096208 22.360679775 31.7804971641 40.8044115262 48.1663783152 
147 98.0459076147 15.0332963784 15.0332963784 27.0185121722 17.0293863659 34.0147027034 20.2484567313 21.4709105536 18.4390889146 18.6815416923 48.0936586256 27.4590604355 27.4590604355 30.8706980809 32.2024843762 8.0622577483 9.21954445729 14.2126704036 14.4222051019 18.973665961 21.0950231097 36.7151195014 36.6742416418 15.6524758425 16.1245154966 26.6270539114 26.4196896272 13.6014705087 11.6619037897 14.3178210633 12.5299640861 11.401754251 18.6815416923 9.8488578018 11.6619037897 23.2594066992 23.1948270095 25.8069758011 25.7099202644 32.2490309932 46.8614980554 50.2095608425 
154 97.4166310237 15.1327459504 17.1172427686 26.0768096208 17.1172427686 34.2344855372 19.7230829233 20.5182845287 15.8113883008 17.2626765016 50.1597448159 29.0172362571 30.083217913 32.2800247831 33.6154726279 8.24621125124 9.0 18.3847763109 18.0277563773 21.4709105536 22.1359436212 35.8468966579 35.2278299076 12.5299640861 12.6491106407 22.8473193176 25.2388589282 13.152946438 11.401754251 13.6014705087 12.0415945788 12.0415945788 17.2626765016 14.3178210633 14.3178210633 26.6270539114 26.0768096208 28.231188427 25.5538646784 30.5941170816 47.8852795753 50.931326313 
188 98.0 15.0332963784 17.0293863659 24.0 16.0 33.0151480384 22.2036033112 23.4307490277 19.1049731745 19.1049731745 52.0 28.0 29.1204395571 30.8058436015 34.4818792991 7.28010988928 9.21954445729 18.3847763109 19.2353840617 26.2488094968 25.632011236 36.7151195014 36.2491379208 16.4924225025 16.1554944214 25.495097568 28.0178514522 9.8488578018 13.0 15.5241746963 14.2126704036 12.0415945788 19.1049731745 14.8660687473 14.5602197786 32.5729949498 31.1448230048 34.4818792991 21.2132034356 40.0 43.6004587132 52.0096144958 
219 96.0832971957 15.1327459504 17.1172427686 23.0217288664 21.0237960416 34.0147027034 19.1049731745 17.2046505341 12.1655250606 13.8924439894 46.0108682813 30.0166620396 30.1496268634 35.1710107901 35.8468966579 10.7703296143 11.401754251 18.8679622641 18.6010752377 18.2482875909 20.591260282 34.9857113691 33.1209903234 7.21110255093 12.8062484749 19.4164878389 27.6586333719 9.05538513814 8.60232526704 14.0 8.94427191 12.0830459736 13.8924439894 11.1803398875 11.1803398875 18.0277563773 19.6468827044 24.0416305603 23.4307490277 35.4682957019 49.7393204618 54.4885309033 
238 100.04498988 16.0312195419 17.0 25.0199920064 16.0 30.0166620396 23.6008474424 25.2388589282 20.0997512422 21.2132034356 53.0848377599 20.2237484162 21.8403296678 24.5967477525 26.9258240357 8.24621125124 8.24621125124 14.4222051019 14.4222051019 22.803508502 22.4722050542 36.6742416418 36.7695526217 18.2482875909 19.6468827044 26.8700576851 29.0688837075 13.0384048104 13.6014705087 15.2315462117 15.8113883008 11.401754251 21.2132034356 10.7703296143 10.7703296143 27.7308492477 27.0185121722 29.1547594742 28.0178514522 36.0 44.5533388199 48.1663783152 
243 102.239913928 17.2626765016 17.1172427686 24.0208242989 18.0 37.0135110466 19.7989898732 18.0277563773 11.401754251 14.7648230602 48.0416485979 29.0 30.5941170816 32.9848450049 36.6742416418 8.54400374532 10.4403065089 16.4012194669 15.2643375225 14.5602197786 19.8494332413 35.8468966579 37.2155881319 11.0 13.0384048104 18.7882942281 25.632011236 7.28010988928 11.401754251 17.0293863659 14.1421356237 11.313708499 14.7648230602 8.54400374532 10.6301458127 20.2484567313 22.360679775 27.0185121722 21.9544984001 36.6742416418 46.872166581 56.639209034 
288 95.0052630121 14.0356688476 16.0 24.0208242989 17.0293863659 27.0185121722 17.2046505341 18.0277563773 13.6014705087 16.1554944214 44.0 27.0185121722 28.1602556807 30.4138126515 34.6698716467 6.7082039325 11.1803398875 13.8924439894 14.8660687473 18.2482875909 19.3132079158 28.6356421266 29.1547594742 9.48683298051 13.0384048104 18.7882942281 25.495097568 8.0622577483 9.43398113206 16.1245154966 12.7279220614 10.0 16.1554944214 8.24621125124 9.43398113206 17.0 17.1172427686 21.400934559 20.2484567313 40.1995024845 39.8246155035 52.697248505 
289 99.1261822124 17.0 17.0293863659 24.0831891576 17.0293863659 32.0624390838 22.0227155455 19.4164878389 17.2626765016 16.1554944214 49.0102030194 26.4764045897 27.0739727414 30.4138126515 30.6757233004 9.05538513814 8.24621125124 15.0 15.2643375225 19.9248588452 20.1246117975 36.235341864 37.1618083521 14.8660687473 15.2643375225 26.0768096208 27.7308492477 13.416407865 10.6301458127 12.6491106407 9.8488578018 11.1803398875 16.1554944214 10.7703296143 11.1803398875 28.6356421266 27.0185121722 29.1547594742 28.6356421266 28.8617393793 48.9182992345 48.6004115209 
293 99.1413132856 15.1327459504 16.1245154966 25.179356624 20.0997512422 34.2344855372 18.8679622641 20.5182845287 14.8660687473 17.1172427686 49.1629942131 28.2842712475 28.4604989415 31.4006369362 34.4093010682 9.48683298051 11.0453610172 17.88854382 18.4390889146 21.9317121995 22.5610283454 36.6878726557 38.6005181312 14.3178210633 15.8113883008 23.7065391823 27.0185121722 11.1803398875 12.0830459736 14.8660687473 13.4536240471 9.43398113206 17.1172427686 12.5299640861 12.3693168769 31.384709653 30.2654919008 31.6227766017 21.5870331449 37.483329628 42.0594816896 52.3545604508 
300 103.696673042 15.1327459504 16.0312195419 27.1661554144 18.1107702763 34.3656805549 21.5406592285 22.4722050542 19.3132079158 20.3960780544 47.1699056603 32.0156211872 32.5729949498 35.5105618091 38.275318418 7.61577310586 11.0453610172 18.973665961 20.0 22.8473193176 25.0 31.7804971641 31.8904374382 15.2643375225 17.4928556845 25.495097568 29.6816441593 11.401754251 10.4403065089 17.0880074906 11.401754251 12.2065556157 20.3960780544 13.9283882772 14.5602197786 23.3238075794 24.0 29.1547594742 26.1725046566 42.2965719651 47.4236228055 56.6038867923 
317 106.470653234 16.1245154966 18.0277563773 26.0768096208 20.0249843945 35.0142828 19.7989898732 18.8679622641 16.1245154966 17.0 50.1597448159 30.0 31.5753068077 34.9284983931 40.249223595 8.94427191 13.0 18.6010752377 18.3575597507 18.0277563773 22.803508502 36.235341864 37.5898922584 10.4403065089 15.8113883008 22.4722050542 32.0156211872 8.94427191 7.81024967591 18.1107702763 8.60232526704 12.2065556157 17.0 10.0498756211 12.0415945788 23.0867927612 24.5153013443 30.4138126515 20.1246117975 42.5793377121 45.2769256907 58.137767415 
318 94.3663075467 15.0332963784 17.2626765016 22.2036033112 20.0249843945 32.14031736 19.2093727123 19.2353840617 13.0 16.1245154966 46.6904701197 30.1496268634 32.0156211872 36.4005494464 38.0788655293 10.7703296143 11.1803398875 17.0293863659 16.6433169771 18.0277563773 19.4164878389 37.7359245282 37.0 9.0 11.401754251 18.0277563773 24.7386337537 8.24621125124 10.6301458127 14.0356688476 12.2065556157 9.8488578018 16.1245154966 8.94427191 9.21954445729 20.8806130178 23.769728648 26.9072480941 22.4722050542 37.6961536499 49.0917508345 57.8013840665 
327 98.5088828482 14.0356688476 15.2970585408 23.0867927612 19.1049731745 34.3656805549 14.8660687473 15.2643375225 11.401754251 12.2065556157 42.2965719651 31.4006369362 31.0161248385 36.2491379208 35.902646142 10.1980390272 9.8488578018 17.0293863659 17.0 17.4642491966 17.8044938148 37.7359245282 39.5600808897 8.60232526704 10.0 20.6155281281 23.1948270095 11.1803398875 7.81024967591 12.0 7.21110255093 12.0830459736 12.2065556157 10.7703296143 11.6619037897 27.3130005675 27.0739727414 28.3019433962 27.6586333719 29.8328677804 49.5176736126 50.8035431835 
368 102.019605959 16.0312195419 17.0293863659 26.0192236625 16.0 33.0151480384 19.8494332413 19.2093727123 14.3178210633 14.8660687473 51.0098029794 29.1547594742 30.8058436015 33.5261092285 36.6742416418 7.61577310586 9.48683298051 16.6433169771 15.6524758425 13.9283882772 18.4390889146 36.2491379208 36.7151195014 11.7046999107 12.8062484749 22.360679775 26.5706605112 11.401754251 10.6301458127 15.1327459504 10.6301458127 11.6619037897 14.8660687473 9.48683298051 11.6619037897 26.0 27.0185121722 28.6530975638 27.2029410175 37.6563407675 48.4148737476 55.9732078766 
371 101.079176886 16.0312195419 17.1172427686 23.0217288664 18.0 34.0 21.2602916255 20.2484567313 15.1327459504 16.1554944214 48.0416485979 29.0 30.4138126515 33.9558536927 37.1618083521 8.94427191 10.7703296143 18.8679622641 17.88854382 20.2237484162 23.8537208838 39.8120584748 39.8120584748 12.1655250606 14.4222051019 21.0950231097 26.9258240357 8.54400374532 10.8166538264 15.1327459504 12.2065556157 11.401754251 16.1554944214 10.4403065089 12.2065556157 19.6977156036 22.360679775 26.2488094968 23.8537208838 40.0249921924 51.4781507049 60.811183182 
388 102.019605959 17.0293863659 17.0 25.0 15.0 29.0172362571 22.6715680975 21.9317121995 16.1245154966 16.1245154966 55.0090901579 31.1448230048 31.7804971641 34.7850542619 35.8468966579 8.24621125124 7.28010988928 13.6014705087 13.0384048104 18.973665961 20.6155281281 38.4837628098 36.4005494464 14.1421356237 16.5529453572 23.0217288664 28.3019433962 11.401754251 14.2126704036 14.3178210633 13.8924439894 11.1803398875 16.1245154966 8.94427191 9.8488578018 28.4604989415 30.1496268634 32.2490309932 27.5136329844 38.3275357935 50.8035431835 53.0377224247 
391 96.1769203084 15.1327459504 16.2788205961 23.3452350599 20.2237484162 35.6931365951 21.9317121995 20.1246117975 18.0 16.5529453572 47.3814309619 25.179356624 26.0 29.9666481275 32.5729949498 10.1980390272 11.1803398875 17.0293863659 18.3575597507 17.1172427686 18.3847763109 34.205262753 36.7695526217 14.0 14.2126704036 21.9317121995 26.2488094968 10.295630141 12.7279220614 14.0356688476 11.1803398875 12.0415945788 16.5529453572 11.401754251 10.8166538264 25.7099202644 25.7099202644 29.0688837075 21.3775583264 35.5105618091 43.1393092202 51.6236379966 
410 97.0206163658 15.0 17.0 23.0217288664 16.0312195419 32.0156211872 20.0 20.6155281281 16.2788205961 16.4924225025 48.0104155366 25.079872408 25.495097568 28.4604989415 29.5296461205 7.28010988928 9.05538513814 14.7648230602 15.0 21.9317121995 21.1896201004 34.885527085 34.0 12.3693168769 13.6014705087 21.6333076528 24.6981780705 10.4403065089 11.401754251 13.6014705087 12.7279220614 11.401754251 16.4924225025 10.7703296143 10.7703296143 22.4722050542 21.0237960416 25.6124969497 23.4093998214 36.1247837364 44.6542271235 48.9182992345 
413 100.975244491 17.1172427686 18.4390889146 22.5610283454 21.2132034356 35.5105618091 21.9317121995 21.0237960416 18.1107702763 17.4928556845 46.6904701197 30.0665927567 32.0156211872 33.2415402772 37.3630833845 10.0498756211 11.7046999107 16.9705627485 17.4928556845 21.0950231097 21.6333076528 36.6196668472 38.6264158317 14.0356688476 13.8924439894 24.0831891576 26.2488094968 10.295630141 12.0415945788 13.0 13.416407865 10.6301458127 17.4928556845 11.401754251 10.8166538264 31.0483493925 30.4138126515 32.4499614792 25.179356624 35.6931365951 46.6690475583 53.8144961883 
414 103.817146946 17.0293863659 18.4390889146 26.3058928759 16.1245154966 29.4278779391 21.2132034356 21.9317121995 16.1245154966 18.3575597507 50.8035431835 29.8328677804 31.1448230048 34.4383507154 36.6878726557 8.24621125124 8.94427191 15.6204993518 15.2315462117 22.0907220344 21.9544984001 33.8378486314 34.4818792991 14.1421356237 15.2643375225 24.2074368738 27.5136329844 11.1803398875 12.0415945788 16.0312195419 14.4222051019 11.1803398875 18.3575597507 9.48683298051 10.0 24.7386337537 24.7386337537 28.319604517 25.9615099715 39.0512483795 47.4236228055 52.4022900263 
424 100.004999875 16.0312195419 18.0277563773 26.0192236625 20.0249843945 36.1247837364 19.1049731745 20.6155281281 15.2970585408 15.8113883008 52.0864665724 25.0 25.7099202644 28.4604989415 32.7566787083 9.21954445729 11.401754251 15.6204993518 16.4012194669 22.803508502 22.360679775 35.77708764 40.3112887415 12.3693168769 13.416407865 23.0217288664 26.4007575649 11.7046999107 11.313708499 15.2970585408 12.7279220614 10.295630141 15.8113883008 9.8488578018 10.8166538264 28.1780056072 26.0 27.7848879789 20.8806130178 36.0138862107 43.5660418216 52.8015151298 
425 97.2522493313 14.0 14.0 27.0739727414 15.0332963784 33.0151480384 18.4390889146 15.8113883008 12.0 13.9283882772 50.0899191455 30.5941170816 31.5753068077 34.5398320783 36.7695526217 7.28010988928 8.54400374532 15.2643375225 15.6524758425 18.973665961 21.6333076528 39.8246155035 38.6264158317 9.21954445729 12.0415945788 18.3575597507 24.3515913238 11.0453610172 12.0415945788 16.0312195419 11.401754251 13.0 13.9283882772 10.7703296143 11.6619037897 26.5706605112 27.2946881279 29.6816441593 23.5372045919 30.8058436015 47.8016736109 52.0096144958 
427 97.0463806641 16.1245154966 16.0312195419 21.0237960416 17.0 34.0147027034 21.2602916255 18.4390889146 14.1421356237 13.6014705087 47.0956473573 26.0 25.3179778023 29.8328677804 31.304951685 7.61577310586 10.4403065089 14.4222051019 15.0 17.4642491966 19.7230829233 33.5410196625 34.6698716467 12.0830459736 13.6014705087 22.8473193176 26.0 9.48683298051 8.94427191 12.6491106407 8.0622577483 11.401754251 13.6014705087 7.61577310586 9.43398113206 26.9258240357 27.0185121722 29.0688837075 25.495097568 33.0605505096 43.931765273 50.0 
428 97.2522493313 15.0 16.2788205961 25.079872408 22.0227155455 37.1214223865 13.6014705087 13.6014705087 8.94427191 11.313708499 44.283179651 28.0713376952 29.0172362571 34.5398320783 36.0555127546 11.7046999107 12.0830459736 15.5563491861 16.2788205961 14.3178210633 14.2126704036 36.6196668472 36.6742416418 6.40312423743 9.8488578018 19.6468827044 25.0199920064 10.0498756211 7.21110255093 15.0332963784 7.81024967591 10.7703296143 11.313708499 7.81024967591 7.81024967591 25.632011236 26.1725046566 28.8444102037 22.8473193176 31.3209195267 47.6340214553 51.8555686499 
430 88.0056816348 15.1327459504 15.0 24.0 16.0312195419 35.0142828 19.2093727123 17.691806013 13.3416640641 13.3416640641 48.0416485979 31.064449134 32.5576411922 35.4400902933 36.7695526217 8.54400374532 8.24621125124 17.0 16.1245154966 20.1246117975 20.591260282 34.9857113691 33.6154726279 9.43398113206 10.0 20.8806130178 22.4722050542 11.0 10.0 13.0 10.6301458127 12.0830459736 13.3416640641 12.0830459736 11.7046999107 25.0599281723 24.0208242989 26.9258240357 27.4590604355 30.0166620396 51.3127664427 52.4309069157 
442 97.1853898485 16.0312195419 18.0 21.0237960416 18.0 34.0 18.6010752377 18.4390889146 14.8660687473 15.2315462117 44.0454310911 28.2842712475 27.892651362 30.2654919008 33.6154726279 8.24621125124 10.1980390272 15.8113883008 15.8113883008 19.6468827044 21.9544984001 32.6955654485 36.6196668472 12.3693168769 14.4222051019 21.9544984001 28.6356421266 7.61577310586 9.8488578018 14.5602197786 10.0 10.6301458127 15.2315462117 10.4403065089 11.6619037897 34.0147027034 33.0151480384 36.7695526217 21.0237960416 37.0540146273 41.5932686862 51.8652099196 
462 98.1274681218 14.0356688476 15.0332963784 24.0208242989 17.0293863659 32.0156211872 16.2788205961 17.0 12.1655250606 15.6524758425 44.283179651 27.0185121722 27.6586333719 31.0483493925 34.885527085 7.61577310586 10.7703296143 15.8113883008 16.1245154966 15.0332963784 20.5182845287 32.2024843762 34.9857113691 7.07106781187 12.7279220614 17.0 25.2982212813 8.24621125124 8.60232526704 16.0312195419 10.6301458127 9.89949493661 15.6524758425 9.21954445729 10.6301458127 21.1896201004 22.2036033112 26.4007575649 20.6155281281 39.0512483795 41.8807831827 53.8237865632 
