Leaf
286 106.16967552 17.1172427686 17.0293863659 27.0185121722 18.0277563773 32.0624390838 22.4722050542 22.0227155455 17.7200451467 16.2788205961 53.0848377599 32.14031736 32.5576411922 38.8973006776 39.0 10.295630141 9.8488578018 18.7882942281 18.8679622641 19.2353840617 18.6815416923 33.1209903234 31.384709653 13.0 12.3693168769 24.1660919472 22.825424421 14.0356688476 14.2126704036 13.152946438 14.1421356237 19.2093727123 16.2788205961 11.1803398875 11.401754251 20.5182845287 17.0 19.8494332413 38.0788655293 35.8468966579 57.8013840665 54.8178802947 
103 95.3362470417 17.0293863659 16.1245154966 24.0208242989 17.0293863659 28.0713376952 21.9317121995 20.0 16.0312195419 14.5602197786 52.038447325 35.6931365951 35.0 40.3112887415 38.8329756779 9.21954445729 8.54400374532 19.7230829233 19.3132079158 21.3775583264 21.1896201004 33.6154726279 32.8937684068 12.1655250606 13.0 23.0217288664 23.2594066992 12.0415945788 14.8660687473 12.0 13.8924439894 13.8924439894 14.5602197786 14.3178210633 14.8660687473 24.1660919472 23.0867927612 24.4131112315 32.2024843762 33.0151480384 54.0370243444 53.712196008 
3 100.498756211 17.0293863659 17.2626765016 26.0768096208 18.0277563773 32.14031736 20.6155281281 21.0950231097 14.0356688476 16.1554944214 53.4602656185 29.6141857899 30.0665927567 34.4383507154 34.7850542619 9.21954445729 9.48683298051 17.8044938148 16.5529453572 17.2626765016 18.6010752377 33.2866339542 34.0147027034 11.1803398875 13.0384048104 22.4722050542 25.2982212813 11.7046999107 11.401754251 15.1327459504 12.0415945788 13.0 16.1554944214 11.401754251 12.2065556157 23.2594066992 22.0907220344 24.4131112315 29.1204395571 31.9530906173 48.795491595 51.2249938995 
15 99.5037687728 16.1245154966 17.1172427686 27.0739727414 17.1172427686 33.2415402772 21.2602916255 23.3238075794 18.1107702763 18.6815416923 53.3385414124 29.8328677804 29.1547594742 33.5410196625 34.1760149813 8.0622577483 9.48683298051 15.6204993518 15.6524758425 18.6815416923 19.4164878389 30.8058436015 32.6496554346 15.2970585408 16.5529453572 25.495097568 27.2946881279 13.416407865 12.7279220614 15.5241746963 13.6014705087 10.8166538264 18.6815416923 10.4403065089 10.8166538264 24.1660919472 23.0867927612 25.2388589282 26.9258240357 32.2800247831 44.5533388199 49.5176736126 
23 97.5141015443 18.0277563773 17.7200451467 25.079872408 20.2237484162 38.3275357935 19.1049731745 19.7230829233 13.9283882772 13.8924439894 48.2597140481 30.4138126515 29.0 36.2491379208 36.4005494464 10.4403065089 11.6619037897 14.4222051019 13.6014705087 13.0384048104 14.2126704036 41.0487515035 41.7851648316 10.4403065089 11.6619037897 22.8473193176 23.5372045919 12.3693168769 11.401754251 13.0384048104 11.401754251 12.2065556157 13.8924439894 6.40312423743 7.61577310586 24.5967477525 24.0831891576 23.6008474424 25.9615099715 25.495097568 52.4022900263 51.9711458407 
55 99.0050503762 19.1049731745 19.1049731745 28.0 25.0 39.0128184063 21.400934559 21.0950231097 16.1554944214 17.88854382 52.0096144958 31.064449134 31.0161248385 35.8468966579 35.8468966579 12.1655250606 13.152946438 19.1049731745 18.4390889146 21.8403296678 21.5406592285 36.0555127546 36.3593179254 12.0830459736 13.8924439894 25.632011236 27.8567765544 14.1421356237 12.7279220614 14.1421356237 12.2065556157 14.1421356237 17.88854382 12.0830459736 12.5299640861 20.2484567313 19.0262975904 21.400934559 30.0166620396 29.1547594742 54.8178802947 54.4058820349 
65 93.7709976485 15.5241746963 15.0332963784 23.1948270095 16.1245154966 32.14031736 19.2353840617 19.1049731745 14.3178210633 14.0356688476 46.5295604965 28.0713376952 27.4590604355 33.5261092285 31.7804971641 8.94427191 8.24621125124 13.0384048104 12.7279220614 18.0277563773 17.0880074906 33.2415402772 34.4093010682 13.0384048104 11.0453610172 23.0867927612 20.0 13.0384048104 11.6619037897 10.7703296143 11.401754251 12.0415945788 14.0356688476 8.48528137424 8.0622577483 21.9317121995 19.4164878389 20.1246117975 32.6955654485 23.4093998214 50.0 45.4532727095 
79 110.018180316 18.0 19.0 29.0 22.0 43.0 22.0227155455 20.5182845287 17.4642491966 15.8113883008 57.0350769264 27.1661554144 27.2946881279 32.6955654485 34.0 10.4403065089 12.3693168769 18.6010752377 18.6010752377 22.360679775 22.825424421 37.4432904537 38.0131556175 15.2315462117 16.1245154966 27.7848879789 30.4138126515 14.5602197786 12.8062484749 15.5241746963 12.2065556157 12.0830459736 15.8113883008 11.7046999107 13.0384048104 28.1780056072 27.0 29.5296461205 26.1725046566 32.0 46.6904701197 50.0 
80 99.9849988748 16.2788205961 17.0293863659 28.0713376952 20.0997512422 40.1995024845 19.7230829233 19.1049731745 15.2315462117 14.3178210633 52.3450093132 28.0178514522 29.4108823397 33.9558536927 36.8917334914 10.295630141 11.401754251 18.7882942281 19.2093727123 22.4722050542 22.4722050542 38.9101529167 38.6005181312 12.8062484749 12.5299640861 25.0 25.9422435421 13.152946438 9.43398113206 15.5241746963 11.401754251 9.8488578018 14.3178210633 12.2065556157 12.0830459736 26.4196896272 26.0 30.0166620396 23.2594066992 30.1496268634 48.8773976394 50.9901951359 
89 99.0454441153 17.0293863659 18.0277563773 25.079872408 20.0997512422 38.1182371051 22.803508502 22.0227155455 17.2626765016 18.4390889146 53.0848377599 29.0172362571 29.6141857899 33.9558536927 35.3553390593 9.8488578018 11.1803398875 17.4928556845 17.0293863659 17.88854382 19.7230829233 37.1214223865 36.6196668472 11.7046999107 15.2643375225 23.2594066992 29.5296461205 11.0453610172 12.2065556157 14.3178210633 11.6619037897 13.0384048104 18.4390889146 10.295630141 11.1803398875 21.9544984001 22.0227155455 26.6270539114 24.1867732449 33.5410196625 49.3963561409 53.8144961883 
93 99.2471662064 16.0312195419 16.1245154966 22.0 17.0 31.0 16.4012194669 16.4012194669 9.48683298051 12.5299640861 45.0998891351 32.14031736 32.0624390838 36.6878726557 36.6878726557 8.54400374532 9.48683298051 16.6433169771 16.1245154966 17.0880074906 17.88854382 33.8378486314 30.4630924235 5.83095189485 9.21954445729 19.4164878389 23.3452350599 10.0498756211 9.21954445729 12.0415945788 8.60232526704 12.0830459736 12.5299640861 10.7703296143 11.6619037897 19.6977156036 20.3960780544 23.3452350599 27.7848879789 38.9486841883 50.6063237155 55.6057550978 
115 103.121287812 16.0312195419 16.0 27.0739727414 18.1107702763 34.1320963318 17.2046505341 18.4390889146 14.3178210633 14.5602197786 49.040799341 30.2654919008 30.4138126515 35.4682957019 34.0147027034 9.48683298051 9.05538513814 18.3847763109 18.6010752377 19.2353840617 19.3132079158 37.6961536499 37.7359245282 9.21954445729 10.0 23.5372045919 23.4093998214 14.0356688476 8.60232526704 13.3416640641 8.60232526704 12.2065556157 14.5602197786 13.0 13.3416640641 27.4590604355 26.0192236625 29.0688837075 32.5729949498 31.5753068077 52.2015325446 53.0377224247 
127 105.076162853 18.1107702763 18.0277563773 25.079872408 22.0227155455 41.1096095822 19.8494332413 20.5182845287 13.9283882772 14.5602197786 52.038447325 27.0185121722 26.3058928759 33.5261092285 33.5410196625 12.0830459736 11.7046999107 16.2788205961 15.5563491861 15.0 17.2046505341 35.8468966579 36.235341864 12.2065556157 13.6014705087 26.2488094968 27.8567765544 11.1803398875 8.94427191 14.5602197786 9.21954445729 10.4403065089 14.5602197786 7.81024967591 8.48528137424 25.0 22.0227155455 26.0768096208 27.2029410175 32.3882694814 47.6340214553 51.8555686499 
131 98.7319603776 18.0277563773 18.973665961 26.1725046566 18.1107702763 35.3553390593 22.0227155455 21.5406592285 16.4924225025 17.2046505341 48.3735464898 29.6141857899 30.0665927567 33.1058907145 35.1140997322 8.0622577483 10.4403065089 13.4536240471 13.6014705087 16.4924225025 18.3847763109 32.8024389337 34.4383507154 12.1655250606 14.4222051019 22.825424421 26.6833281283 11.1803398875 10.6301458127 16.1245154966 12.8062484749 14.2126704036 17.2046505341 8.24621125124 9.21954445729 21.9317121995 20.3960780544 24.0416305603 26.5706605112 32.3109888428 47.4236228055 51.2249938995 
146 101.493842178 18.1107702763 18.1107702763 31.1448230048 25.079872408 39.1152144312 24.0831891576 24.1660919472 20.0997512422 21.5406592285 57.4282160614 28.4429253067 29.0172362571 34.4818792991 35.8468966579 12.1655250606 13.6014705087 19.8494332413 20.8086520467 22.5610283454 22.8473193176 35.0 35.8468966579 17.4642491966 19.2353840617 29.0688837075 30.886890423 15.2315462117 14.8660687473 17.2626765016 16.1245154966 13.0384048104 21.5406592285 12.3693168769 13.416407865 23.7065391823 21.0950231097 23.6008474424 26.6833281283 29.4108823397 48.0832611207 50.9901951359 
199 103.0 17.1172427686 18.1107702763 24.0208242989 17.0 33.0151480384 23.0217288664 23.8537208838 17.4642491966 18.6815416923 50.0399840128 30.0166620396 31.5753068077 34.205262753 37.1618083521 8.54400374532 9.48683298051 16.6433169771 16.1245154966 19.6468827044 21.0950231097 34.885527085 36.235341864 14.8660687473 16.1554944214 25.0599281723 27.2946881279 10.4403065089 12.0830459736 14.1421356237 15.2643375225 12.8062484749 18.6815416923 10.7703296143 11.6619037897 23.7065391823 23.0217288664 25.2388589282 26.4196896272 34.9284983931 49.9299509313 53.7401153702 
228 106.794194599 17.0 18.2482875909 27.1661554144 20.0249843945 35.0570962859 22.2036033112 22.8473193176 18.4390889146 20.1246117975 49.3659801888 29.4278779391 31.064449134 34.4383507154 36.0555127546 10.1980390272 10.4403065089 15.5563491861 15.0 18.2482875909 20.8086520467 34.4093010682 33.5410196625 14.5602197786 17.8044938148 25.2388589282 31.0161248385 13.0 12.0415945788 15.1327459504 12.6491106407 14.8660687473 20.1246117975 8.94427191 10.0 19.6977156036 19.6468827044 24.8394846967 27.3130005675 37.1618083521 49.6789693935 54.6717477313 
233 95.0210502994 16.0312195419 16.0312195419 28.0178514522 21.0237960416 38.0131556175 20.8086520467 20.591260282 16.4924225025 18.0277563773 50.0 29.0688837075 29.4278779391 33.6154726279 33.5410196625 11.1803398875 10.0498756211 20.2484567313 18.8679622641 24.3515913238 24.6981780705 38.9486841883 38.0788655293 13.0 15.6524758425 23.7065391823 26.4196896272 14.5602197786 12.0415945788 14.8660687473 11.401754251 12.0415945788 18.0277563773 15.2315462117 14.8660687473 26.9258240357 25.0 27.7848879789 25.495097568 28.4604989415 51.3127664427 52.0096144958 
242 105.683489723 17.1172427686 18.0277563773 29.1547594742 20.0997512422 31.4006369362 22.4722050542 23.4307490277 17.7200451467 19.2353840617 56.1426753905 29.0 29.4108823397 33.2415402772 35.2278299076 9.48683298051 11.0453610172 17.0 17.691806013 20.8806130178 23.5372045919 36.4005494464 34.1320963318 14.7648230602 16.1554944214 26.4007575649 28.8444102037 14.3178210633 12.2065556157 16.1554944214 12.7279220614 12.0415945788 19.2353840617 11.6619037897 11.7046999107 26.4196896272 26.0192236625 30.0166620396 26.6833281283 40.1123422403 44.6542271235 51.1077293567 
253 101.597244057 16.2788205961 18.4390889146 28.0178514522 18.0 36.0555127546 20.5182845287 19.7230829233 12.1655250606 15.2643375225 52.0864665724 30.5941170816 31.2569992162 35.8468966579 36.7695526217 8.54400374532 10.4403065089 15.0 15.0 17.0880074906 18.4390889146 33.4215499341 31.7647603485 9.05538513814 12.7279220614 18.0277563773 27.4590604355 11.0453610172 12.8062484749 17.0 12.0415945788 13.0384048104 15.2643375225 8.54400374532 10.0 16.7630546142 18.6815416923 24.0416305603 22.2036033112 38.6264158317 47.0106370942 56.5862174032 
260 99.3227063667 16.1245154966 15.1327459504 29.0688837075 19.0262975904 30.0665927567 20.6155281281 22.360679775 18.2482875909 18.6815416923 52.3450093132 29.8328677804 30.1496268634 36.235341864 36.0555127546 10.4403065089 9.8488578018 18.8679622641 19.2353840617 23.5372045919 22.803508502 32.7566787083 32.6955654485 12.5299640861 12.5299640861 25.5538646784 22.8473193176 15.5241746963 11.401754251 14.1421356237 12.0415945788 14.2126704036 18.6815416923 12.6491106407 12.6491106407 27.2946881279 25.0199920064 26.9258240357 33.5261092285 29.1547594742 50.931326313 49.7393204618 
298 104.479663093 17.0 18.1107702763 26.0192236625 22.0 35.0570962859 23.4307490277 21.0950231097 18.1107702763 17.4642491966 52.0096144958 31.1448230048 32.0156211872 38.275318418 39.2173431023 11.1803398875 13.0 21.6333076528 20.591260282 20.3960780544 20.1246117975 33.0151480384 33.1209903234 13.3416640641 15.2643375225 23.8537208838 28.231188427 11.1803398875 13.6014705087 15.0332963784 13.8924439894 13.6014705087 17.4642491966 11.401754251 13.0384048104 21.0237960416 20.2237484162 24.0831891576 28.6356421266 36.2491379208 50.3289181286 55.3172667438 
302 101.493842178 17.0293863659 16.1245154966 25.179356624 19.0262975904 37.1214223865 22.0227155455 23.7065391823 18.2482875909 19.6468827044 50.4876222455 25.3179778023 27.0739727414 30.4138126515 31.9530906173 10.1980390272 9.48683298051 18.0277563773 18.3575597507 23.0867927612 22.825424421 39.1152144312 39.3954312072 14.3178210633 14.8660687473 25.0 24.1867732449 12.0830459736 12.0415945788 14.1421356237 15.0 12.8062484749 19.6468827044 13.0 12.0830459736 26.83281573 25.179356624 27.8028775489 31.064449134 31.5753068077 50.2493781056 51.0881590978 
330 103.004854255 16.0312195419 16.0 27.0185121722 17.0293863659 34.0587727319 21.2602916255 19.8494332413 15.1327459504 15.2970585408 54.0370243444 31.4006369362 31.4006369362 37.6961536499 36.4005494464 9.8488578018 8.54400374532 18.7882942281 18.3575597507 21.0237960416 21.5406592285 39.3573373083 36.6742416418 13.6014705087 13.9283882772 23.3238075794 24.6981780705 14.0356688476 15.6204993518 13.152946438 13.6014705087 14.7648230602 15.2970585408 12.0830459736 12.6491106407 23.3238075794 22.0227155455 25.0 29.7321374946 32.8937684068 54.2033209315 53.4134814443 
332 101.004950374 16.0 16.0312195419 25.0 18.0 32.0156211872 21.9317121995 21.2132034356 16.0312195419 16.0312195419 55.0090901579 28.2842712475 28.1602556807 33.6154726279 33.2415402772 9.48683298051 9.48683298051 17.4928556845 17.4928556845 21.8403296678 23.4093998214 36.6742416418 35.77708764 14.5602197786 14.8660687473 24.4131112315 25.8069758011 12.6491106407 12.8062484749 13.6014705087 12.8062484749 12.6491106407 16.0312195419 12.0830459736 12.0830459736 25.0599281723 24.0208242989 26.9258240357 29.1547594742 29.2745623366 46.6904701197 47.4236228055 
337 100.244700608 16.0 16.1245154966 26.0192236625 17.1172427686 35.0142828 19.1049731745 18.8679622641 14.3178210633 15.2315462117 49.0917508345 32.3882694814 31.2569992162 37.3363094052 38.275318418 8.54400374532 10.295630141 17.4928556845 18.7882942281 18.0277563773 21.6333076528 38.0131556175 39.3573373083 11.1803398875 13.6014705087 23.2594066992 25.632011236 11.401754251 9.21954445729 15.1327459504 11.401754251 12.0830459736 15.2315462117 11.401754251 11.6619037897 25.9422435421 25.0199920064 26.9258240357 25.632011236 27.7308492477 49.6487663492 54.083269132 
375 100.623058987 17.1172427686 16.7630546142 28.2842712475 19.4164878389 37.1079506306 19.8494332413 20.591260282 15.1327459504 14.3178210633 53.7587202229 36.0555127546 34.1320963318 41.8807831827 39.3192065027 11.0453610172 9.43398113206 16.2788205961 16.5529453572 20.8806130178 18.6010752377 40.3608721412 40.0249921924 13.3416640641 13.0384048104 25.0 23.769728648 15.5241746963 15.0 13.0 12.5299640861 13.0 14.3178210633 10.7703296143 9.43398113206 23.0867927612 22.803508502 24.0416305603 30.083217913 27.4590604355 57.3846669416 53.310411741 
385 101.242283657 15.0332963784 16.1245154966 25.079872408 18.1107702763 32.2490309932 18.0277563773 17.691806013 14.8660687473 15.5241746963 47.1699056603 34.0147027034 34.5253530033 40.2616442784 39.9249295554 10.295630141 9.48683298051 17.4642491966 17.8044938148 19.2353840617 19.6468827044 35.3411940941 32.7566787083 12.2065556157 12.5299640861 23.769728648 25.5538646784 13.0384048104 10.8166538264 12.3693168769 10.0 12.2065556157 15.5241746963 11.401754251 10.7703296143 23.6008474424 22.0 24.6981780705 31.9061122671 35.8468966579 53.8516480713 55.2268050859 
389 96.0052081921 16.0312195419 16.0 26.0192236625 18.0277563773 33.1360830516 21.2602916255 20.0 15.1327459504 16.4924225025 52.0096144958 28.2842712475 28.2842712475 32.6955654485 33.6154726279 9.21954445729 9.48683298051 18.0277563773 17.88854382 21.8403296678 21.0237960416 33.2866339542 34.4383507154 14.8660687473 14.7648230602 24.6981780705 26.4196896272 12.1655250606 13.8924439894 14.0356688476 13.8924439894 12.0830459736 16.4924225025 12.3693168769 12.5299640861 29.1547594742 28.0178514522 28.6356421266 28.8617393793 25.7099202644 48.0832611207 45.4532727095 
405 100.717426496 16.0312195419 17.4642491966 26.1725046566 19.1049731745 36.2215405525 19.7989898732 21.4709105536 15.1327459504 16.5529453572 50.6359556047 30.5941170816 31.0161248385 35.3411940941 36.6878726557 9.21954445729 10.7703296143 14.8660687473 15.8113883008 16.7630546142 18.4390889146 37.2021504755 36.7695526217 12.1655250606 12.5299640861 22.2036033112 24.0416305603 12.3693168769 13.4536240471 14.0 13.6014705087 13.4536240471 16.5529453572 9.8488578018 9.89949493661 20.8806130178 21.5870331449 24.7588368063 22.1359436212 32.6955654485 48.1663783152 53.0094331228 
415 101.493842178 18.6815416923 19.0262975904 26.1725046566 18.2482875909 39.6232255123 20.8086520467 21.2602916255 13.416407865 15.8113883008 52.1536192416 31.0161248385 32.2800247831 36.6742416418 38.0788655293 9.43398113206 10.1980390272 14.7648230602 14.8660687473 17.691806013 19.2353840617 39.8120584748 36.4005494464 11.1803398875 13.416407865 23.5372045919 27.3130005675 11.0453610172 10.8166538264 15.5241746963 12.0415945788 11.401754251 15.8113883008 8.48528137424 8.94427191 23.3238075794 23.0 26.4196896272 23.2594066992 30.083217913 50.2493781056 53.0377224247 
421 98.2496819333 18.0277563773 16.2788205961 25.079872408 17.0293863659 37.1214223865 22.627416998 22.825424421 17.1172427686 17.7200451467 52.3450093132 27.4590604355 28.1602556807 32.6955654485 34.1760149813 8.54400374532 9.8488578018 15.0 15.2643375225 16.6433169771 16.2788205961 35.6089876295 34.4383507154 14.0 14.8660687473 23.4307490277 23.7065391823 11.7046999107 14.8660687473 14.1421356237 15.0 14.8660687473 17.7200451467 8.54400374532 9.21954445729 22.360679775 20.2237484162 23.4307490277 23.769728648 29.4108823397 46.6904701197 49.040799341 
475 104.235310716 16.4924225025 15.1327459504 28.4429253067 21.3775583264 37.6563407675 17.691806013 18.0277563773 16.2788205961 17.4928556845 48.0520551069 27.2029410175 27.0185121722 33.8378486314 34.205262753 11.1803398875 11.6619037897 18.3847763109 18.7882942281 22.360679775 22.4722050542 33.3016516107 35.3411940941 11.6619037897 12.8062484749 26.0768096208 25.7099202644 13.9283882772 8.60232526704 15.0 9.43398113206 11.6619037897 17.4928556845 11.7046999107 11.313708499 29.0688837075 25.079872408 27.8028775489 30.2654919008 31.3209195267 47.6340214553 48.4148737476 
476 104.479663093 15.0 15.2970585408 26.1725046566 20.0249843945 32.0156211872 17.691806013 18.0277563773 12.1655250606 13.0 49.3659801888 29.6141857899 31.0 34.885527085 35.4400902933 10.1980390272 10.4403065089 17.2046505341 18.0277563773 19.6468827044 20.2484567313 34.6698716467 32.6955654485 9.8488578018 9.43398113206 21.0237960416 20.6155281281 13.3416640641 10.8166538264 13.0 11.313708499 13.416407865 13.0 12.0830459736 12.0830459736 19.2353840617 19.4164878389 22.6715680975 33.5261092285 35.8468966579 53.0377224247 53.8237865632 
477 99.1261822124 17.0293863659 15.1327459504 27.0739727414 22.0907220344 40.1123422403 17.8044938148 16.6433169771 14.3178210633 13.416407865 47.0425339454 33.3766385366 33.0 39.8120584748 39.2937654088 12.3693168769 11.1803398875 20.8086520467 21.4709105536 20.1246117975 19.2353840617 35.6089876295 35.8468966579 12.0415945788 10.6301458127 26.2488094968 22.803508502 15.1327459504 9.89949493661 12.0 9.43398113206 12.2065556157 13.416407865 13.416407865 13.416407865 24.6981780705 22.0227155455 23.6008474424 31.7804971641 26.4007575649 54.4885309033 51.1077293567 
