Leaf
44 108.166538264 18.0277563773 17.2626765016 27.0185121722 16.0312195419 31.1448230048 19.7989898732 18.6010752377 13.6014705087 13.416407865 52.038447325 36.8781778292 36.1247837364 40.718546143 39.2937654088 9.05538513814 7.28010988928 18.6010752377 16.7630546142 21.8403296678 21.0237960416 34.4818792991 35.8468966579 11.6619037897 11.401754251 25.632011236 24.7386337537 14.0356688476 12.0415945788 13.0 10.8166538264 13.6014705087 13.416407865 12.3693168769 13.416407865 23.8537208838 22.0227155455 21.9544984001 36.7695526217 35.8050275799 57.3149195236 59.6824932455 
48 100.004999875 15.0332963784 16.0312195419 26.0 19.0262975904 36.0138862107 15.6204993518 13.6014705087 12.0830459736 12.8062484749 44.0113621693 29.1547594742 30.2654919008 34.1760149813 34.9284983931 9.48683298051 10.1980390272 17.4928556845 17.2046505341 18.7882942281 19.2353840617 37.4432904537 33.5410196625 10.6301458127 11.1803398875 23.769728648 26.3058928759 12.1655250606 6.40312423743 14.1421356237 5.0 11.6619037897 12.8062484749 10.7703296143 11.1803398875 24.6981780705 24.1867732449 27.8028775489 25.9615099715 32.9848450049 50.2493781056 48.8364617883 
47 117.388244727 17.2626765016 18.2482875909 32.3882694814 24.3310501212 42.5793377121 18.3575597507 19.8494332413 15.2643375225 16.2788205961 56.5685424949 30.0665927567 30.6757233004 38.0788655293 39.4081209905 13.0384048104 13.3416640641 22.8473193176 22.6715680975 22.360679775 24.3515913238 37.5765884561 37.483329628 10.8166538264 12.8062484749 26.1725046566 29.0688837075 16.0 9.21954445729 16.7630546142 9.43398113206 14.8660687473 16.2788205961 13.0384048104 13.9283882772 22.803508502 23.0 28.0178514522 31.9061122671 39.3192065027 54.3783044973 58.5234995536 
0 96.0260381355 17.2626765016 17.0293863659 25.179356624 19.1049731745 37.2155881319 17.2046505341 19.2093727123 13.0384048104 13.152946438 50.2493781056 36.0 35.5105618091 41.9761837236 41.2310562562 10.295630141 10.4403065089 17.0 17.0293863659 17.0293863659 16.5529453572 39.3954312072 38.275318418 10.8166538264 11.1803398875 23.769728648 22.4722050542 14.0356688476 12.8062484749 11.1803398875 12.7279220614 12.0415945788 13.152946438 9.89949493661 10.295630141 27.7848879789 27.0739727414 27.8567765544 28.8444102037 26.0 56.4358042381 52.6307894678 
8 106.301458127 18.0277563773 17.0293863659 25.0199920064 19.1049731745 33.1360830516 17.2046505341 17.2046505341 15.2643375225 11.401754251 49.2544414241 31.064449134 32.9848450049 35.5105618091 38.9486841883 8.94427191 11.1803398875 19.3132079158 20.0 21.0237960416 20.6155281281 39.8497176903 40.8166632639 11.313708499 9.8488578018 26.9258240357 23.2594066992 12.0415945788 8.0622577483 13.152946438 11.401754251 12.8062484749 11.401754251 13.416407865 13.6014705087 29.5296461205 30.0665927567 31.0161248385 29.9666481275 35.1710107901 54.2033209315 60.1082357086 
60 106.075444849 18.0277563773 17.1172427686 29.0172362571 17.0 34.0587727319 19.1049731745 17.8044938148 12.6491106407 13.416407865 54.0370243444 32.5576411922 33.5410196625 37.6961536499 39.0 8.54400374532 9.48683298051 17.2046505341 15.6524758425 19.3132079158 18.8679622641 34.9857113691 35.77708764 8.94427191 11.313708499 23.0867927612 25.7099202644 13.152946438 10.8166538264 16.0312195419 10.6301458127 13.0 13.416407865 10.4403065089 11.6619037897 25.0599281723 23.0217288664 25.2388589282 29.5465734054 35.1140997322 52.0096144958 55.3172667438 
113 110.018180316 16.1245154966 17.0 29.0172362571 22.0227155455 41.0121933088 22.2036033112 21.2602916255 16.2788205961 16.2788205961 56.0802995712 32.0156211872 32.5576411922 38.6005181312 40.249223595 11.1803398875 12.6491106407 16.4012194669 16.9705627485 17.4928556845 18.0277563773 40.7062648741 41.3400532172 14.8660687473 16.1554944214 24.1867732449 27.4590604355 13.152946438 14.4222051019 16.2788205961 15.6204993518 12.5299640861 16.2788205961 8.48528137424 9.89949493661 26.9258240357 25.0 28.3019433962 25.495097568 38.0525951809 49.2036584006 57.6281181369 
120 113.017697729 17.0 19.0 28.0178514522 22.0 40.0124980475 19.1049731745 18.4390889146 13.3416640641 13.0 56.0357029045 32.0624390838 31.2569992162 37.0 37.5765884561 10.4403065089 12.3693168769 21.6333076528 20.591260282 25.0 25.495097568 41.1825205639 42.0594816896 10.295630141 13.6014705087 23.769728648 29.1547594742 13.152946438 10.6301458127 15.2970585408 10.6301458127 13.0 13.0 14.3178210633 15.6524758425 33.1058907145 32.0156211872 34.4818792991 27.6586333719 38.0131556175 51.2249938995 55.3172667438 
158 108.0 17.0293863659 17.0 30.0166620396 20.0 40.0124980475 18.6010752377 17.2046505341 15.2315462117 15.6524758425 51.0392006207 28.6356421266 27.2946881279 35.77708764 34.0147027034 10.7703296143 10.7703296143 18.8679622641 18.8679622641 21.4709105536 20.591260282 39.1152144312 38.9486841883 13.0384048104 13.6014705087 26.0 27.3130005675 15.2970585408 11.313708499 15.5241746963 9.89949493661 12.8062484749 15.6524758425 11.7046999107 12.0830459736 29.0688837075 28.0178514522 30.0166620396 29.8328677804 31.5753068077 52.3450093132 52.3450093132 
162 113.004424692 20.2237484162 19.4164878389 27.0 22.0 41.0 15.5563491861 16.2788205961 12.0415945788 9.89949493661 50.0 29.1547594742 29.0688837075 36.7695526217 36.4005494464 12.0830459736 12.0830459736 14.2126704036 14.2126704036 13.4536240471 12.7279220614 37.4432904537 36.8917334914 9.21954445729 8.48528137424 27.1661554144 25.079872408 14.0 9.21954445729 13.0 9.21954445729 11.6619037897 9.89949493661 5.83095189485 6.7082039325 23.0217288664 22.0 23.6008474424 31.7804971641 32.0156211872 52.4022900263 51.6236379966 
173 107.563934476 18.0277563773 19.2353840617 27.0739727414 18.1107702763 33.1360830516 23.3452350599 22.360679775 18.1107702763 19.2353840617 53.2353266168 30.4138126515 30.2654919008 34.5398320783 36.7695526217 8.24621125124 10.7703296143 15.8113883008 17.4928556845 21.3775583264 22.825424421 38.0788655293 38.6264158317 15.0332963784 17.4928556845 24.8394846967 30.4630924235 12.0830459736 14.1421356237 16.2788205961 13.8924439894 12.8062484749 19.2353840617 11.401754251 11.1803398875 25.2982212813 26.4764045897 30.61045573 25.632011236 39.0512483795 50.0 57.3846669416 
174 106.301458127 17.2626765016 18.0277563773 28.2842712475 17.2626765016 39.3192065027 22.825424421 20.5182845287 18.0277563773 16.4924225025 53.7587202229 31.2569992162 30.8058436015 37.947331922 35.77708764 9.43398113206 9.21954445729 17.88854382 15.8113883008 21.6333076528 22.360679775 40.3112887415 39.4081209905 13.0 13.0 23.769728648 26.4196896272 14.0356688476 14.2126704036 14.8660687473 11.401754251 14.2126704036 16.4924225025 10.8166538264 12.0830459736 25.0 24.0831891576 25.9422435421 28.7923600978 31.7804971641 52.4309069157 55.1724568965 
182 107.004672795 19.0262975904 18.1107702763 28.0 17.0 38.0 20.5182845287 20.6155281281 14.8660687473 14.8660687473 55.0090901579 30.5941170816 30.4138126515 35.3411940941 34.5398320783 9.21954445729 8.24621125124 15.2643375225 15.8113883008 21.9544984001 21.4709105536 40.3112887415 39.3573373083 14.3178210633 14.7648230602 27.7308492477 27.3130005675 14.3178210633 12.8062484749 14.3178210633 12.2065556157 13.0 14.8660687473 12.2065556157 11.1803398875 29.9666481275 28.0178514522 29.5296461205 29.0 30.1496268634 48.795491595 50.2095608425 
184 108.041658632 18.0277563773 18.0277563773 29.0172362571 20.0 38.0131556175 19.1049731745 18.0277563773 13.9283882772 16.1245154966 52.038447325 31.4006369362 32.2490309932 37.1618083521 37.6961536499 10.4403065089 10.4403065089 16.4012194669 16.4012194669 19.3132079158 21.9544984001 41.1825205639 39.3573373083 12.5299640861 13.6014705087 26.0 27.8567765544 14.3178210633 11.313708499 15.1327459504 11.401754251 11.6619037897 16.1245154966 10.295630141 10.295630141 28.231188427 28.1602556807 31.064449134 29.1204395571 32.9848450049 54.0370243444 54.5618914628 
190 105.0428484 17.2626765016 17.0 27.1661554144 23.0867927612 39.1152144312 19.4164878389 17.8044938148 14.3178210633 15.2315462117 49.2544414241 30.0665927567 29.6141857899 36.8781778292 38.0788655293 11.6619037897 13.6014705087 20.2484567313 19.2093727123 17.7200451467 21.0950231097 38.9101529167 38.8329756779 11.401754251 14.1421356237 24.7386337537 28.7923600978 11.0453610172 8.94427191 16.4924225025 8.48528137424 11.401754251 15.2315462117 10.7703296143 12.8062484749 25.0599281723 25.079872408 30.2324329157 24.6981780705 36.4005494464 51.0 59.3969696197 
197 109.658560997 18.1107702763 18.2482875909 25.179356624 19.1049731745 41.1946598481 22.6715680975 22.825424421 19.2353840617 18.3847763109 51.3517283059 30.5941170816 31.0 36.6742416418 37.1079506306 10.4403065089 10.295630141 17.2046505341 18.3575597507 23.2594066992 22.4722050542 41.2310562562 39.0 13.3416640641 14.3178210633 25.8069758011 26.0 13.0 12.0415945788 13.152946438 13.0384048104 14.2126704036 18.3847763109 11.1803398875 8.94427191 29.7321374946 29.4278779391 31.4006369362 27.0739727414 33.5410196625 50.3289181286 50.9901951359 
226 107.228727494 18.1107702763 18.0277563773 27.0739727414 19.1049731745 36.2215405525 25.0 24.0831891576 18.2482875909 19.1049731745 58.137767415 32.0 32.9848450049 35.902646142 38.0788655293 8.54400374532 11.0453610172 17.4928556845 16.4012194669 17.4642491966 20.591260282 38.4837628098 36.8917334914 14.1421356237 15.8113883008 23.3238075794 28.0178514522 11.1803398875 15.0 16.4924225025 15.5563491861 11.6619037897 19.1049731745 10.4403065089 12.5299640861 25.0599281723 25.0 28.1780056072 26.2488094968 33.1360830516 49.4064773081 52.4976189936 
258 114.070153853 17.2626765016 18.0277563773 27.0739727414 20.0997512422 36.1247837364 17.8044938148 17.691806013 12.5299640861 13.9283882772 51.1566222497 35.0142828 35.5105618091 41.2310562562 41.629316593 10.295630141 11.401754251 16.6433169771 16.2788205961 17.0 17.88854382 38.0131556175 36.3593179254 8.48528137424 10.6301458127 23.1948270095 27.2029410175 12.0 8.48528137424 15.1327459504 8.60232526704 12.2065556157 13.9283882772 8.60232526704 9.43398113206 20.8086520467 21.0237960416 24.8394846967 29.6816441593 40.8044115262 54.3783044973 59.4138031101 
267 103.310212467 18.0277563773 18.2482875909 27.0739727414 20.0997512422 41.1946598481 17.2046505341 17.8044938148 11.7046999107 13.0384048104 52.3450093132 31.4006369362 31.064449134 36.2491379208 37.0 10.1980390272 10.7703296143 17.0293863659 17.4928556845 17.4928556845 17.691806013 37.0135110466 37.5898922584 8.94427191 11.313708499 23.769728648 26.4764045897 13.3416640641 10.295630141 14.0356688476 9.21954445729 11.7046999107 13.0384048104 11.1803398875 10.8166538264 25.9422435421 24.0831891576 25.8069758011 25.079872408 27.8567765544 49.6789693935 50.6063237155 
272 107.856385995 17.7200451467 17.7200451467 26.2488094968 18.6815416923 34.4818792991 21.0950231097 21.1896201004 16.0312195419 18.0277563773 52.810983706 32.2800247831 34.0587727319 35.8468966579 39.6232255123 9.0 10.295630141 16.9705627485 18.0277563773 24.0208242989 23.6008474424 43.4165866922 44.4072066223 11.0 13.4536240471 23.3452350599 27.2946881279 10.295630141 10.8166538264 16.2788205961 13.416407865 13.416407865 18.0277563773 12.1655250606 12.8062484749 26.3058928759 27.8567765544 31.1448230048 27.1661554144 42.3792402008 54.4885309033 62.4339651152 
279 107.466273779 17.4642491966 18.0 26.0768096208 23.0867927612 36.2215405525 20.2484567313 20.5182845287 14.3178210633 14.3178210633 52.2398315464 34.1320963318 34.5253530033 40.7921561087 42.0475920833 12.5299640861 12.6491106407 21.0950231097 20.0 18.0277563773 20.2484567313 39.5600808897 39.6610640301 10.8166538264 9.8488578018 23.5372045919 23.769728648 12.0415945788 11.6619037897 14.0356688476 12.8062484749 14.2126704036 14.3178210633 12.0830459736 12.0830459736 32.7566787083 32.0156211872 34.885527085 36.3593179254 37.3363094052 59.5399025864 60.207972894 
290 101.004950374 16.4924225025 17.0293863659 26.0 23.0217288664 37.0540146273 19.8494332413 18.4390889146 11.401754251 13.9283882772 51.0098029794 31.0 32.14031736 37.6430604494 39.0 12.0830459736 12.6491106407 18.4390889146 17.0293863659 12.6491106407 16.4012194669 38.0131556175 37.7359245282 7.61577310586 10.6301458127 19.2353840617 25.0 11.0 10.6301458127 15.0 11.313708499 12.8062484749 13.9283882772 8.94427191 10.6301458127 26.4196896272 26.0192236625 30.0166620396 25.5538646784 34.205262753 50.6063237155 56.5862174032 
296 105.0 18.1107702763 18.1107702763 28.0 25.0 36.0138862107 16.2788205961 18.4390889146 12.2065556157 13.416407865 51.0392006207 35.0570962859 35.0142828 44.598206242 43.965895874 14.7648230602 13.8924439894 19.2093727123 19.8494332413 17.4642491966 15.5241746963 38.5875627631 37.5765884561 7.21110255093 7.07106781187 24.0831891576 23.1948270095 15.0 9.8488578018 13.0 9.43398113206 10.295630141 13.416407865 9.21954445729 7.81024967591 23.7065391823 24.0208242989 24.6981780705 30.5286750449 32.2024843762 57.2013985843 55.8032257132 
315 100.179838291 16.0 17.2626765016 26.0192236625 22.0227155455 34.1320963318 19.7989898732 18.3575597507 14.1421356237 15.2643375225 49.0917508345 31.064449134 31.064449134 37.0 38.6264158317 10.7703296143 13.0 18.4390889146 18.0277563773 19.4164878389 18.7882942281 39.3573373083 41.2310562562 10.8166538264 15.0 23.769728648 29.6141857899 10.1980390272 8.0622577483 16.0312195419 8.94427191 12.6491106407 15.2643375225 9.8488578018 11.401754251 27.3130005675 27.0739727414 27.7848879789 26.0 35.1710107901 51.8652099196 58.137767415 
334 111.287914887 19.0262975904 19.0262975904 29.0172362571 18.1107702763 33.1360830516 18.4390889146 18.3847763109 14.7648230602 15.2315462117 54.0370243444 30.0665927567 32.2800247831 35.4400902933 38.0788655293 8.94427191 10.1980390272 16.1245154966 15.6204993518 22.1359436212 23.4093998214 39.0 37.5898922584 12.2065556157 13.6014705087 27.5136329844 29.5465734054 13.3416640641 9.21954445729 16.4924225025 10.6301458127 10.8166538264 15.2315462117 10.295630141 11.1803398875 28.6356421266 29.0688837075 31.384709653 29.7321374946 37.3363094052 51.8652099196 54.5618914628 
348 102.259473889 17.1172427686 18.2482875909 26.3058928759 21.2132034356 37.483329628 21.9317121995 21.1896201004 18.1107702763 20.2484567313 48.6621002424 31.1448230048 32.0624390838 36.4005494464 40.162171256 10.4403065089 12.5299640861 19.1049731745 18.7882942281 19.1049731745 21.2602916255 36.8917334914 40.718546143 12.0 16.4012194669 22.0227155455 31.7804971641 8.94427191 11.313708499 18.0 11.1803398875 13.6014705087 20.2484567313 10.1980390272 11.313708499 25.079872408 25.3179778023 29.8328677804 20.2484567313 43.7378554573 46.1410879802 62.2414652784 
383 115.247559627 17.2626765016 18.6815416923 23.769728648 18.4390889146 39.0512483795 21.6333076528 20.6155281281 15.0332963784 17.2046505341 50.6951674225 26.9258240357 28.0713376952 31.384709653 33.7342555869 9.05538513814 10.295630141 17.691806013 18.0277563773 21.2132034356 23.3452350599 39.5979797464 38.3275357935 10.0498756211 13.4536240471 20.6155281281 28.2842712475 8.60232526704 9.43398113206 16.0312195419 11.6619037897 15.2643375225 17.2046505341 11.1803398875 12.0415945788 21.3775583264 22.8473193176 28.0178514522 20.6155281281 44.598206242 48.1040538832 60.440052945 
386 112.787410645 19.4164878389 18.2482875909 32.5576411922 23.3452350599 34.5253530033 20.6155281281 20.6155281281 18.6010752377 16.1245154966 57.2712842531 38.0131556175 37.3630833845 47.0744091838 45.6508488421 13.6014705087 12.6491106407 20.1246117975 19.7989898732 21.0237960416 21.0950231097 41.4849370254 41.0487515035 14.8660687473 13.3416640641 29.8328677804 26.4007575649 17.1172427686 14.7648230602 15.5241746963 15.0 15.6524758425 16.1245154966 10.6301458127 10.7703296143 33.6005952328 32.3882694814 32.8937684068 39.1152144312 35.7351367704 63.0634601017 60.141499815 
458 105.004761797 17.0293863659 16.2788205961 27.0185121722 20.0249843945 35.0570962859 17.2046505341 19.4164878389 14.7648230602 13.9283882772 48.0104155366 36.2215405525 36.1247837364 42.7200187266 40.8044115262 11.7046999107 9.48683298051 19.2353840617 19.4164878389 18.3575597507 18.0277563773 35.77708764 35.5105618091 11.313708499 9.43398113206 25.9615099715 21.5870331449 15.0 10.6301458127 12.0415945788 9.89949493661 12.7279220614 13.9283882772 13.0384048104 12.3693168769 26.2488094968 22.0907220344 23.3238075794 39.3954312072 33.2866339542 59.0338885726 56.6127194189 
460 103.019415646 18.0277563773 19.0 30.0 22.0 39.0 19.8494332413 20.5182845287 14.8660687473 15.8113883008 57.0 29.2745623366 29.2745623366 35.3411940941 35.3411940941 11.401754251 11.401754251 18.0277563773 19.2093727123 21.0237960416 20.6155281281 41.5932686862 42.0594816896 12.8062484749 12.2065556157 27.5136329844 27.8567765544 15.2970585408 9.89949493661 15.2970585408 10.6301458127 13.0 15.8113883008 12.5299640861 11.7046999107 28.3019433962 26.0192236625 27.7848879789 28.8617393793 30.4138126515 53.4134814443 53.1507290637 
474 103.237590053 18.0277563773 18.0277563773 25.0199920064 21.0237960416 36.0555127546 16.9705627485 17.2046505341 14.3178210633 15.2643375225 47.0956473573 30.2654919008 30.0 36.2491379208 35.4400902933 11.401754251 10.7703296143 17.8044938148 18.0277563773 20.8806130178 21.0237960416 38.275318418 37.1618083521 11.1803398875 13.4536240471 25.495097568 28.4604989415 12.3693168769 9.89949493661 13.152946438 8.94427191 10.295630141 15.2643375225 11.1803398875 10.295630141 28.231188427 28.0713376952 29.6816441593 27.1661554144 33.7342555869 48.1040538832 50.9901951359 
