Leaf
165 102.396288995 19.0 16.2788205961 24.1867732449 18.2482875909 35.2278299076 19.8494332413 19.4164878389 16.1554944214 13.9283882772 48.1663783152 30.6757233004 29.2745623366 38.0131556175 34.0587727319 12.1655250606 7.81024967591 15.6204993518 14.3178210633 19.2353840617 17.88854382 36.235341864 34.1760149813 15.2643375225 12.6491106407 29.9666481275 21.9317121995 16.7630546142 11.313708499 8.24621125124 10.7703296143 14.3178210633 13.9283882772 10.0 7.81024967591 26.0768096208 21.0 21.6333076528 43.0116263352 20.6155281281 60.0333240792 44.9444101085 
74 100.004999875 18.0277563773 16.0 25.0199920064 19.0 39.0 21.2602916255 21.2132034356 15.5241746963 15.0332963784 54.0370243444 27.892651362 26.0192236625 34.9857113691 29.8328677804 11.401754251 8.54400374532 15.8113883008 16.4012194669 23.6008474424 19.9248588452 44.2944691807 42.9534631898 15.6524758425 14.0356688476 28.1780056072 22.0227155455 17.2626765016 14.8660687473 8.94427191 12.2065556157 13.6014705087 15.0332963784 11.401754251 9.8488578018 35.77708764 33.0605505096 32.8937684068 37.2155881319 19.1049731745 55.6057550978 45.7930125674 
14 104.086502487 16.2788205961 17.2626765016 26.4764045897 17.1172427686 36.4965751818 20.1246117975 22.0227155455 16.5529453572 17.0 52.7730992078 27.2946881279 24.5153013443 31.7804971641 27.2946881279 9.21954445729 8.0 19.3132079158 18.8679622641 25.2388589282 25.495097568 34.4383507154 32.6496554346 14.8660687473 13.152946438 27.2029410175 24.8394846967 17.1172427686 11.401754251 11.401754251 9.21954445729 13.8924439894 17.0 15.2315462117 15.2970585408 29.8328677804 26.3058928759 29.1547594742 35.6931365951 25.179356624 49.4974746831 42.4499705536 
24 95.0052630121 17.1172427686 17.1172427686 22.0227155455 16.0312195419 32.0156211872 22.0227155455 23.4307490277 15.2970585408 16.1245154966 51.0 33.3766385366 33.0151480384 38.6264158317 35.902646142 9.48683298051 7.28010988928 19.6977156036 18.7882942281 21.0237960416 20.2484567313 38.4837628098 37.5765884561 13.6014705087 13.0 23.7065391823 20.2484567313 13.152946438 14.2126704036 9.48683298051 13.4536240471 13.8924439894 16.1245154966 13.9283882772 13.6014705087 28.6530975638 28.0178514522 28.231188427 32.8937684068 25.2388589282 54.8178802947 52.3545604508 
37 99.5037687728 14.1421356237 15.1327459504 27.1661554144 16.1245154966 36.1247837364 22.360679775 22.627416998 18.4390889146 18.0277563773 53.4602656185 30.1496268634 30.083217913 35.7351367704 34.885527085 8.94427191 8.24621125124 15.6524758425 15.0 19.2093727123 17.88854382 39.2173431023 41.0487515035 17.88854382 17.1172427686 26.0768096208 25.495097568 15.1327459504 15.6524758425 13.0 15.6204993518 13.0384048104 18.0277563773 10.8166538264 10.7703296143 27.2029410175 25.3179778023 26.2488094968 30.4138126515 22.0227155455 49.8196748283 48.1040538832 
69 96.2548700067 17.1172427686 15.0332963784 25.0199920064 17.1172427686 33.3766385366 24.5967477525 25.0 20.8806130178 21.0 51.0881590978 30.4138126515 31.1448230048 37.6961536499 35.7351367704 10.295630141 8.54400374532 19.6977156036 18.3575597507 21.0950231097 21.5870331449 41.4366987102 38.9486841883 18.3847763109 18.0277563773 28.3019433962 24.8394846967 16.2788205961 16.6433169771 9.8488578018 16.1245154966 13.4536240471 21.0 12.5299640861 12.3693168769 31.9061122671 29.1547594742 29.7321374946 37.3363094052 23.7065391823 55.9732078766 51.6236379966 
84 100.124921973 17.1172427686 15.1327459504 24.1867732449 20.2237484162 40.4474968323 19.7230829233 20.5182845287 16.5529453572 16.0 49.3659801888 25.495097568 25.0199920064 34.0 28.1602556807 12.0830459736 9.21954445729 16.6433169771 15.5563491861 22.6715680975 20.6155281281 44.2944691807 38.0788655293 14.4222051019 14.0356688476 26.9258240357 22.627416998 17.1172427686 13.4536240471 8.60232526704 10.8166538264 12.2065556157 16.0 9.89949493661 8.94427191 30.2324329157 28.0713376952 28.231188427 38.0131556175 17.4642491966 56.2227711875 43.9089968002 
128 108.461974904 16.1245154966 15.0332963784 31.064449134 20.0997512422 36.0138862107 19.3132079158 19.8494332413 18.3575597507 16.1245154966 51.2445119013 31.7804971641 31.2569992162 39.3573373083 35.4682957019 11.7046999107 9.21954445729 18.7882942281 19.2093727123 25.2388589282 20.0997512422 39.8246155035 38.0131556175 17.0293863659 12.6491106407 30.3644529014 23.0217288664 19.0262975904 11.6619037897 12.3693168769 12.0415945788 14.8660687473 16.1245154966 14.4222051019 12.1655250606 28.0178514522 25.079872408 24.1660919472 39.8120584748 24.5967477525 60.141499815 49.9299509313 
150 106.230880633 16.0312195419 16.0312195419 27.0739727414 21.0237960416 35.1283361405 24.1867732449 24.1660919472 22.360679775 21.8403296678 49.0917508345 27.4590604355 28.0178514522 34.0 33.8378486314 11.401754251 10.7703296143 18.4390889146 17.4928556845 25.495097568 24.6981780705 38.0788655293 39.3954312072 18.6815416923 17.4642491966 28.319604517 27.4590604355 13.6014705087 16.1245154966 14.1421356237 15.6524758425 14.2126704036 21.8403296678 10.7703296143 10.8166538264 26.9258240357 25.0199920064 25.8069758011 34.7131099154 31.6227766017 53.7401153702 52.8015151298 
151 105.004761797 16.0312195419 16.2788205961 28.0178514522 21.0 37.0 22.4722050542 24.4131112315 18.4390889146 17.1172427686 54.0370243444 30.5941170816 31.0161248385 36.235341864 34.7850542619 11.1803398875 10.1980390272 16.4012194669 17.0293863659 19.7230829233 18.0277563773 36.0555127546 34.4818792991 18.0277563773 17.1172427686 27.2029410175 22.803508502 17.2626765016 17.8044938148 11.1803398875 17.4928556845 14.2126704036 17.1172427686 11.6619037897 10.7703296143 26.6270539114 23.0217288664 24.1867732449 34.3656805549 26.0 52.4976189936 47.2016948848 
159 103.019415646 17.0 16.0312195419 26.0192236625 18.0277563773 34.0587727319 23.0217288664 23.6008474424 19.4164878389 20.0997512422 53.0094331228 31.2569992162 31.2569992162 35.4682957019 34.5398320783 9.21954445729 9.05538513814 15.2643375225 15.6204993518 19.2353840617 19.3132079158 36.6742416418 35.8468966579 14.3178210633 14.5602197786 26.4196896272 25.0 14.0356688476 14.4222051019 12.1655250606 14.4222051019 15.6204993518 20.0997512422 10.295630141 11.1803398875 27.4590604355 25.0199920064 25.9422435421 32.9848450049 28.1602556807 51.7397332811 48.9182992345 
163 106.117859006 19.0 18.2482875909 26.0768096208 18.0277563773 33.2415402772 22.803508502 24.1867732449 18.6815416923 18.973665961 52.2398315464 37.1079506306 37.0135110466 43.382023927 41.5932686862 10.4403065089 8.94427191 19.7230829233 19.6977156036 23.769728648 19.9248588452 36.8917334914 37.3363094052 16.1554944214 13.6014705087 29.1547594742 24.1660919472 16.4924225025 14.8660687473 10.1980390272 12.5299640861 13.0384048104 18.973665961 13.0 12.6491106407 29.0688837075 26.0192236625 25.0599281723 41.0 26.9258240357 60.9590026165 51.4781507049 
176 104.172933145 18.1107702763 18.0277563773 26.0192236625 18.0277563773 37.0540146273 21.2602916255 22.803508502 18.4390889146 17.4642491966 54.083269132 32.7566787083 32.0156211872 39.3954312072 38.3275357935 9.8488578018 10.295630141 18.3575597507 19.2353840617 24.6981780705 24.1660919472 41.5932686862 42.9534631898 13.6014705087 14.3178210633 26.6270539114 24.6981780705 15.1327459504 15.5563491861 11.0453610172 15.2643375225 15.6204993518 17.4642491966 12.0830459736 11.6619037897 33.1209903234 30.0166620396 30.4138126515 36.6742416418 25.5538646784 58.7281874401 55.0090901579 
181 103.07764064 18.0277563773 17.0293863659 26.0192236625 20.0 39.0 24.4131112315 24.6981780705 21.3775583264 20.3960780544 53.0377224247 26.9258240357 27.0185121722 34.1320963318 31.0483493925 11.401754251 9.48683298051 17.8044938148 16.6433169771 23.7065391823 22.4722050542 36.6196668472 34.9857113691 16.2788205961 16.1245154966 27.0185121722 24.2074368738 16.4924225025 17.691806013 10.4403065089 15.2643375225 14.8660687473 20.3960780544 11.6619037897 11.1803398875 29.6816441593 26.0192236625 26.83281573 36.3455636908 25.495097568 54.0370243444 48.0104155366 
200 103.097041665 17.1172427686 15.1327459504 26.3058928759 18.2482875909 38.3275357935 19.2353840617 19.8494332413 17.0 15.0 50.6359556047 31.064449134 30.5941170816 37.947331922 34.9284983931 11.1803398875 8.24621125124 16.1245154966 14.8660687473 19.2093727123 14.8660687473 39.9249295554 39.4081209905 15.0 14.0356688476 27.8567765544 22.627416998 16.0 13.8924439894 10.7703296143 13.4536240471 12.7279220614 15.0 9.89949493661 9.21954445729 30.8058436015 28.4429253067 28.1602556807 32.7566787083 23.5372045919 53.2634959423 48.8364617883 
214 99.0807751282 17.0293863659 17.0293863659 25.179356624 17.0293863659 36.1247837364 25.2388589282 25.6124969497 20.2237484162 21.0237960416 55.1452627158 31.1448230048 29.4278779391 37.0 34.5398320783 9.8488578018 8.54400374532 16.6433169771 15.2643375225 17.2046505341 18.3575597507 39.8120584748 38.0788655293 17.4642491966 19.1049731745 26.4007575649 27.5862284483 13.152946438 17.4928556845 13.0 17.2046505341 14.1421356237 21.0237960416 9.8488578018 10.7703296143 28.3019433962 27.0185121722 27.7308492477 28.1602556807 26.2488094968 50.8035431835 49.8196748283 
216 102.122475489 16.0312195419 15.1327459504 27.0739727414 23.0217288664 33.0605505096 19.2353840617 19.8494332413 17.4642491966 17.1172427686 49.1629942131 27.4590604355 26.0192236625 35.3553390593 30.6757233004 12.6491106407 11.401754251 20.8086520467 19.4164878389 23.4093998214 23.0867927612 37.5765884561 36.235341864 19.1049731745 15.8113883008 31.7804971641 26.2488094968 17.2626765016 11.7046999107 11.1803398875 11.1803398875 12.6491106407 17.1172427686 12.0830459736 12.6491106407 31.064449134 28.1602556807 27.8567765544 38.2099463491 23.4093998214 53.8144961883 46.0434577329 
223 105.004761797 17.0293863659 17.0 26.0 19.0262975904 38.0131556175 24.2074368738 24.0831891576 18.1107702763 18.0277563773 57.008771255 30.5941170816 31.0161248385 37.5765884561 35.4400902933 10.7703296143 9.48683298051 17.4928556845 17.2046505341 21.6333076528 19.3132079158 47.0106370942 46.0977222865 17.4642491966 14.5602197786 28.3019433962 25.2388589282 14.3178210633 14.7648230602 12.3693168769 13.6014705087 14.5602197786 18.0277563773 12.2065556157 10.7703296143 28.6530975638 28.0178514522 27.7308492477 34.0587727319 25.7099202644 58.0 54.6443043693 
231 102.420701033 18.4390889146 17.0293863659 25.3179778023 18.1107702763 40.3112887415 24.1660919472 24.0831891576 19.6977156036 19.0262975904 51.6236379966 30.0166620396 28.6356421266 33.5261092285 31.7647603485 9.21954445729 9.0 13.6014705087 13.4536240471 18.3847763109 18.3575597507 38.0131556175 37.0135110466 15.6524758425 15.0332963784 26.9258240357 24.0831891576 14.0 15.6524758425 11.7046999107 14.8660687473 14.2126704036 19.0262975904 10.0 9.48683298051 27.4590604355 27.0739727414 28.7923600978 30.3644529014 22.2036033112 51.0881590978 45.9673797382 
252 105.261578936 18.0277563773 18.6815416923 28.8617393793 18.6815416923 35.7351367704 21.8403296678 21.400934559 18.6010752377 18.0277563773 53.16013544 31.0161248385 31.0161248385 36.6742416418 35.8050275799 9.43398113206 10.0 16.1554944214 15.6204993518 19.8494332413 21.2132034356 37.6563407675 37.483329628 14.2126704036 13.3416640641 28.1602556807 27.6586333719 16.0312195419 11.1803398875 13.416407865 11.401754251 14.2126704036 18.0277563773 10.6301458127 11.401754251 29.7321374946 28.1602556807 29.6141857899 34.0147027034 28.4429253067 52.8393792545 52.6307894678 
274 103.392456205 18.1107702763 17.0 26.0 16.0312195419 35.0570962859 20.0 20.2484567313 18.973665961 18.0277563773 49.0102030194 27.5136329844 25.0199920064 32.4499614792 28.1602556807 9.05538513814 7.28010988928 14.2126704036 13.8924439894 22.825424421 20.6155281281 36.0555127546 35.3411940941 15.2643375225 15.2315462117 30.0166620396 26.9258240357 16.1554944214 9.89949493661 12.5299640861 9.43398113206 14.1421356237 18.0277563773 10.295630141 9.8488578018 28.6530975638 25.0 26.4196896272 37.1214223865 24.5153013443 50.7740090991 43.6004587132 
276 99.0 18.0277563773 16.0 27.0739727414 19.0 40.049968789 23.0217288664 22.803508502 18.6815416923 18.1107702763 54.083269132 32.0156211872 29.0 39.8246155035 33.9558536927 11.7046999107 8.94427191 18.6010752377 17.0 20.8086520467 17.4928556845 41.0487515035 39.8120584748 15.2315462117 15.1327459504 27.2946881279 23.4307490277 17.1172427686 16.2788205961 10.7703296143 13.6014705087 14.4222051019 18.1107702763 11.6619037897 11.1803398875 29.5296461205 27.0185121722 26.4007575649 34.0 17.4642491966 55.0 45.1774279923 
277 100.319489632 16.2788205961 16.0 24.0831891576 17.0293863659 30.1496268634 24.1867732449 24.0831891576 18.4390889146 18.0 52.2398315464 30.2654919008 29.1547594742 37.3363094052 34.7850542619 10.295630141 8.94427191 17.88854382 17.4928556845 18.8679622641 18.2482875909 34.1760149813 34.1320963318 15.2970585408 15.1327459504 22.4722050542 20.5182845287 15.1327459504 17.691806013 9.8488578018 15.5563491861 16.4012194669 18.0 10.8166538264 10.4403065089 27.0185121722 23.3452350599 22.8473193176 39.0512483795 26.0 53.7587202229 47.0106370942 
283 100.124921973 19.1049731745 17.0 26.0192236625 18.0277563773 40.1995024845 21.9317121995 22.803508502 20.591260282 18.2482875909 49.0917508345 29.8328677804 29.0172362571 37.1214223865 33.2415402772 10.7703296143 8.54400374532 15.2643375225 15.6204993518 22.0227155455 17.7200451467 42.0475920833 40.4969134626 15.2643375225 14.0356688476 29.1547594742 21.2602916255 19.2353840617 14.8660687473 8.0622577483 12.8062484749 16.1245154966 18.2482875909 9.89949493661 8.54400374532 29.0688837075 25.7099202644 23.769728648 36.0555127546 19.6977156036 55.2268050859 48.8262224629 
291 105.118980208 18.0277563773 16.1245154966 26.0192236625 21.0 35.0142828 25.6124969497 25.5538646784 19.1049731745 20.2237484162 55.0817574157 29.2745623366 30.0166620396 36.2491379208 35.7351367704 11.7046999107 10.7703296143 19.7230829233 20.2484567313 22.4722050542 20.8806130178 37.2021504755 33.6154726279 17.1172427686 18.4390889146 25.6124969497 25.6124969497 14.3178210633 18.4390889146 12.1655250606 17.88854382 16.2788205961 20.2237484162 13.416407865 12.3693168769 25.495097568 24.1867732449 25.8069758011 32.0156211872 31.7804971641 53.7587202229 50.8035431835 
305 106.470653234 18.0 16.2788205961 26.1725046566 22.0907220344 36.1247837364 24.4131112315 23.7065391823 20.3960780544 18.6815416923 51.1566222497 34.2344855372 35.0 39.9249295554 41.4849370254 11.401754251 12.0830459736 18.3847763109 17.4928556845 19.9248588452 19.6977156036 39.1152144312 39.0 17.7200451467 16.5529453572 28.6006992922 25.9422435421 13.0 13.8924439894 14.1421356237 14.7648230602 14.8660687473 18.6815416923 10.7703296143 11.401754251 26.83281573 25.079872408 26.6270539114 33.9558536927 30.886890423 56.5685424949 56.0802995712 
320 96.337946833 17.2626765016 16.0312195419 28.4429253067 21.2132034356 34.3656805549 23.2594066992 24.0831891576 19.3132079158 19.0 54.5893762558 29.0 27.892651362 36.4005494464 34.9857113691 11.6619037897 11.401754251 20.1246117975 19.2093727123 23.7065391823 23.0867927612 37.947331922 38.0131556175 15.6524758425 16.0 26.4007575649 23.3452350599 15.0332963784 15.2643375225 14.3178210633 16.4012194669 15.2643375225 19.0 11.6619037897 11.7046999107 26.2488094968 24.5153013443 24.6981780705 32.2024843762 26.9258240357 54.3783044973 50.2493781056 
372 97.1853898485 17.0293863659 15.0 25.0199920064 16.0 36.0555127546 24.2074368738 22.825424421 20.0997512422 20.3960780544 51.0392006207 28.1602556807 28.0178514522 33.1209903234 31.3209195267 8.24621125124 8.24621125124 16.1245154966 16.1245154966 23.7065391823 21.0237960416 40.3112887415 40.3112887415 15.1327459504 14.3178210633 24.8394846967 22.803508502 14.5602197786 16.2788205961 11.401754251 13.6014705087 16.9705627485 20.3960780544 12.6491106407 12.0830459736 27.2946881279 26.0 25.9422435421 30.4138126515 24.5967477525 53.0377224247 51.9711458407 
398 98.8584847143 17.2626765016 17.0293863659 25.179356624 18.2482875909 35.3553390593 23.769728648 25.495097568 20.6155281281 20.0 51.3517283059 32.0156211872 32.5576411922 36.4005494464 35.3411940941 9.48683298051 9.0 17.4642491966 17.0293863659 23.3238075794 22.5610283454 41.7851648316 39.4461658466 19.6977156036 19.0262975904 29.1547594742 25.6124969497 15.2970585408 16.5529453572 11.6619037897 17.0293863659 14.7648230602 20.0 12.8062484749 12.3693168769 25.8069758011 25.0199920064 25.9422435421 31.384709653 26.0 55.7584074378 52.2015325446 
399 104.307238483 18.0 17.1172427686 27.0185121722 19.0 38.0131556175 19.1049731745 19.4164878389 14.8660687473 15.2315462117 51.0881590978 25.632011236 25.0199920064 31.2409987036 25.9615099715 11.0 8.0 16.2788205961 14.4222051019 23.2594066992 21.9317121995 37.2021504755 34.885527085 19.2353840617 18.0277563773 31.9061122671 27.4590604355 17.4642491966 12.2065556157 12.5299640861 12.0830459736 11.401754251 15.2315462117 12.0830459736 13.0 28.6356421266 25.079872408 27.4590604355 36.8781778292 22.2036033112 49.6487663492 40.6078810085 
400 102.122475489 19.0262975904 16.2788205961 25.079872408 21.2132034356 40.1995024845 23.0217288664 23.6008474424 20.8806130178 16.1245154966 52.038447325 34.205262753 32.3882694814 39.9624824054 36.2215405525 12.0415945788 9.8488578018 16.2788205961 18.0277563773 22.6715680975 16.4924225025 36.235341864 36.235341864 20.591260282 16.0 34.6698716467 20.6155281281 18.2482875909 17.0 7.07106781187 16.5529453572 15.8113883008 16.1245154966 12.5299640861 10.4403065089 28.8444102037 23.1948270095 19.3132079158 38.0525951809 19.7989898732 57.1401785086 46.0651712251 
406 102.825094213 17.2626765016 15.2970585408 25.495097568 17.2626765016 32.3882694814 23.2594066992 23.3452350599 19.3132079158 20.0249843945 51.7880295049 25.7099202644 23.0867927612 31.7647603485 25.079872408 9.48683298051 8.0 17.4928556845 14.4222051019 24.1867732449 23.1948270095 33.1058907145 30.8058436015 18.0277563773 17.0293863659 29.5465734054 24.4131112315 18.1107702763 15.2643375225 9.89949493661 12.8062484749 17.691806013 20.0249843945 11.7046999107 12.6491106407 30.0 26.4764045897 25.7099202644 44.0454310911 20.2237484162 54.083269132 38.1837661841 
409 113.110565377 19.0262975904 17.2626765016 26.0768096208 20.0997512422 45.0111097397 25.0 26.0768096208 19.4164878389 19.2353840617 55.1452627158 28.8617393793 28.0178514522 34.1320963318 32.0156211872 11.0453610172 9.48683298051 14.1421356237 15.6204993518 20.5182845287 18.0277563773 44.1021541424 43.4165866922 16.4924225025 16.1245154966 27.4590604355 23.0217288664 15.5241746963 16.2788205961 11.1803398875 16.6433169771 19.1049731745 19.2353840617 10.0 9.43398113206 30.2324329157 27.0739727414 26.83281573 38.1182371051 22.8473193176 60.440052945 52.1536192416 
417 106.16967552 18.0277563773 17.0 30.0166620396 24.0208242989 42.0475920833 22.4722050542 22.6715680975 18.973665961 17.1172427686 57.0788927713 25.3179778023 25.079872408 33.1209903234 31.304951685 12.6491106407 12.3693168769 16.2788205961 17.0293863659 20.8086520467 18.973665961 41.3400532172 38.5875627631 14.7648230602 14.3178210633 27.7308492477 24.4131112315 17.1172427686 14.8660687473 13.3416640641 14.8660687473 14.2126704036 17.1172427686 9.89949493661 8.60232526704 28.3019433962 25.0 27.7848879789 33.0605505096 26.0768096208 53.8144961883 46.6904701197 
438 106.075444849 18.1107702763 17.0293863659 25.079872408 19.0262975904 34.0587727319 20.2484567313 21.6333076528 20.2484567313 17.7200451467 48.0936586256 25.495097568 26.0192236625 31.7647603485 31.6227766017 10.4403065089 9.8488578018 14.1421356237 14.2126704036 25.2982212813 24.0416305603 38.0131556175 39.8120584748 14.7648230602 13.0 29.1547594742 24.5967477525 13.9283882772 10.0 12.3693168769 11.401754251 13.4536240471 17.7200451467 8.60232526704 7.81024967591 26.0768096208 24.0831891576 23.7065391823 33.1360830516 27.0185121722 47.8016736109 44.5533388199 
441 101.178060863 19.0262975904 17.1172427686 27.0185121722 18.0277563773 36.0138862107 19.8494332413 20.8086520467 17.0880074906 15.8113883008 52.0864665724 27.2029410175 28.0178514522 35.8468966579 33.2415402772 11.1803398875 8.94427191 18.8679622641 17.0 25.495097568 24.0416305603 42.4852915725 40.718546143 14.7648230602 13.416407865 29.5296461205 25.079872408 17.4642491966 13.4536240471 10.4403065089 9.8488578018 12.5299640861 15.8113883008 11.1803398875 10.7703296143 31.384709653 28.0178514522 26.83281573 36.0138862107 24.6981780705 53.8144961883 49.9299509313 
444 103.17460928 17.1172427686 16.0 25.0199920064 19.0262975904 34.0147027034 17.8044938148 18.6010752377 17.0880074906 15.8113883008 47.0425339454 28.8617393793 28.0178514522 34.4818792991 32.0156211872 10.1980390272 9.48683298051 14.8660687473 15.0 23.4093998214 23.0867927612 39.8120584748 40.718546143 14.8660687473 11.6619037897 29.9666481275 24.1660919472 15.5241746963 8.60232526704 10.4403065089 8.0622577483 13.416407865 15.8113883008 9.43398113206 10.0 26.9258240357 24.0208242989 25.0599281723 39.0512483795 22.803508502 54.2033209315 48.5489443758 
488 112.008928216 19.0262975904 17.4642491966 30.2654919008 21.3775583264 37.483329628 19.7989898732 19.7230829233 15.8113883008 14.7648230602 54.4518135602 32.6955654485 30.2654919008 39.6988664826 34.2344855372 13.0 8.94427191 18.3847763109 18.7882942281 23.4093998214 21.5406592285 41.2310562562 39.5600808897 15.2643375225 13.416407865 30.4138126515 24.3515913238 18.6815416923 12.8062484749 12.0415945788 12.5299640861 13.9283882772 14.7648230602 13.9283882772 11.7046999107 28.1780056072 25.079872408 24.6981780705 41.0121933088 22.825424421 61.5873363607 49.244289009 
