Leaf
360 115.351636313 19.1049731745 18.0 27.0185121722 20.0249843945 41.0121933088 22.6715680975 22.4722050542 19.4164878389 19.9248588452 54.083269132 29.1204395571 28.0178514522 34.1320963318 31.3209195267 10.0498756211 10.1980390272 17.8044938148 17.4928556845 20.591260282 21.0950231097 45.0 39.5600808897 17.4642491966 17.4642491966 31.6227766017 29.6816441593 15.6524758425 11.401754251 14.3178210633 11.6619037897 15.2315462117 19.9248588452 12.6491106407 12.5299640861 40.5215991787 40.3112887415 43.8292140016 38.0788655293 30.0665927567 54.5893762558 44.687805943 
117 106.230880633 20.0249843945 16.0 27.0 18.0 36.0 27.2029410175 24.6981780705 23.3452350599 21.2132034356 56.0089278598 33.2415402772 31.1448230048 39.6610640301 33.3766385366 10.1980390272 8.24621125124 18.8679622641 17.88854382 27.2946881279 24.5153013443 42.4852915725 41.629316593 19.3132079158 18.1107702763 33.0151480384 25.4558441227 18.4390889146 17.8044938148 9.8488578018 15.6524758425 17.4928556845 21.2132034356 13.0 13.6014705087 35.3553390593 31.1448230048 29.1204395571 44.1814440687 18.3575597507 59.640590205 49.193495505 
96 107.074740252 18.0 16.0312195419 25.079872408 15.0332963784 34.0587727319 25.8069758011 24.1867732449 21.2132034356 20.3960780544 52.038447325 21.9317121995 21.0237960416 26.9072480941 23.0867927612 9.0 6.0827625303 15.5563491861 12.6491106407 23.4093998214 23.7065391823 36.235341864 38.0131556175 17.1172427686 15.1327459504 26.2488094968 22.803508502 15.6524758425 15.6204993518 12.0830459736 13.4536240471 14.8660687473 20.3960780544 10.4403065089 10.8166538264 33.2866339542 30.0665927567 30.4630924235 41.1096095822 22.2036033112 49.9299509313 43.0116263352 
180 102.591422643 18.1107702763 17.0293863659 26.1725046566 17.1172427686 33.1360830516 24.5967477525 24.8394846967 21.1896201004 20.0249843945 53.3385414124 30.0 30.3644529014 33.9558536927 34.9857113691 8.54400374532 9.05538513814 17.88854382 16.6433169771 25.079872408 24.7386337537 38.6264158317 38.0788655293 18.7882942281 18.4390889146 30.0166620396 28.319604517 13.3416640641 14.8660687473 14.3178210633 15.0 13.4536240471 20.0249843945 13.0 13.6014705087 29.1547594742 28.0713376952 30.083217913 30.2654919008 32.0156211872 48.2700735446 49.6789693935 
204 111.004504413 23.1948270095 20.0249843945 26.0768096208 22.0907220344 47.1699056603 26.4007575649 25.495097568 19.3132079158 20.2237484162 59.1354377679 26.3058928759 26.0 34.0 29.7321374946 12.6491106407 10.1980390272 16.9705627485 14.1421356237 25.0 24.1660919472 46.3249392876 41.3400532172 19.3132079158 19.2353840617 33.5410196625 30.4795013083 16.7630546142 15.8113883008 12.2065556157 13.8924439894 14.3178210633 20.2237484162 8.48528137424 10.0 32.2490309932 29.0 30.4138126515 37.6563407675 20.2237484162 55.4707129934 45.607017004 
245 102.078401241 18.0277563773 16.0312195419 28.0178514522 20.0249843945 38.1182371051 25.6124969497 23.6008474424 19.1049731745 20.0997512422 58.0344725142 32.2800247831 31.0161248385 41.6773319683 35.6931365951 13.0 8.94427191 19.2353840617 19.4164878389 22.6715680975 19.2353840617 46.0651712251 41.629316593 19.9248588452 19.1049731745 30.0 26.9072480941 18.4390889146 19.2093727123 11.1803398875 16.1245154966 15.2315462117 20.0997512422 13.4536240471 11.1803398875 35.77708764 33.0605505096 33.5261092285 35.3553390593 19.9248588452 54.6717477313 49.244289009 
322 111.0 19.0 19.0262975904 29.0172362571 20.0 33.0151480384 21.400934559 23.4307490277 18.0277563773 19.4164878389 57.0 27.6586333719 26.1725046566 33.6154726279 30.4630924235 11.1803398875 9.21954445729 17.2046505341 17.2046505341 26.2488094968 24.5153013443 38.9486841883 37.6961536499 15.2643375225 15.5241746963 29.9666481275 28.0178514522 16.4924225025 12.0415945788 13.9283882772 13.4536240471 14.4222051019 19.4164878389 11.6619037897 11.1803398875 28.6530975638 27.0185121722 29.1547594742 37.1214223865 30.4138126515 53.9073278878 48.4148737476 
325 105.118980208 19.0262975904 16.0312195419 25.0 20.0 36.0138862107 21.9317121995 20.6155281281 17.4642491966 17.2626765016 53.0 31.5753068077 31.0161248385 38.9101529167 35.902646142 11.7046999107 9.8488578018 19.7230829233 19.7230829233 24.1660919472 23.769728648 46.0977222865 44.3846820423 14.7648230602 13.0 29.5296461205 24.6981780705 15.5241746963 12.0415945788 10.7703296143 9.43398113206 14.8660687473 17.2626765016 12.5299640861 12.0830459736 34.4818792991 31.0161248385 30.4138126515 37.2155881319 26.0768096208 60.207972894 56.3648826842 
364 100.019998 17.0 16.0312195419 28.0178514522 16.0 36.0138862107 23.6008474424 22.6715680975 19.2353840617 18.0277563773 57.0788927713 31.6227766017 29.0688837075 37.2155881319 32.2800247831 9.21954445729 7.28010988928 20.6155281281 20.6155281281 26.4196896272 25.0 45.1884941108 43.4626276242 19.6977156036 17.2626765016 30.8058436015 26.1725046566 17.7200451467 15.8113883008 12.5299640861 13.6014705087 13.152946438 18.0277563773 16.1554944214 16.4924225025 40.249223595 37.0540146273 36.6878726557 36.4965751818 22.0907220344 51.7397332811 47.7074417675 
378 106.569226327 20.0997512422 18.0277563773 25.079872408 19.0262975904 38.3275357935 27.0185121722 24.4131112315 23.1948270095 19.4164878389 56.0089278598 30.083217913 30.0665927567 37.2155881319 34.5253530033 11.401754251 8.94427191 19.2093727123 17.4642491966 24.6981780705 21.4709105536 44.6542271235 43.965895874 18.6815416923 17.7200451467 32.0156211872 28.0178514522 15.2315462117 15.0 11.7046999107 14.3178210633 14.7648230602 19.4164878389 11.7046999107 12.5299640861 34.1760149813 32.0624390838 31.7647603485 37.1214223865 26.6833281283 58.8217646794 51.1077293567 
381 105.118980208 17.0293863659 17.0293863659 28.0 17.0293863659 36.0 22.0227155455 23.0217288664 18.2482875909 18.4390889146 55.0363516233 30.083217913 28.1602556807 34.4818792991 31.9530906173 9.05538513814 8.24621125124 16.6433169771 17.0 23.769728648 25.079872408 43.8292140016 42.1544778167 14.5602197786 15.8113883008 25.8069758011 26.0768096208 15.5241746963 14.8660687473 13.6014705087 13.6014705087 13.0384048104 18.4390889146 13.0 13.0 30.8706980809 30.0665927567 31.384709653 30.1496268634 29.8328677804 53.1507290637 53.0094331228 
384 100.019998 18.0277563773 17.0 26.0192236625 18.0277563773 40.049968789 26.6270539114 25.0 21.2132034356 20.0997512422 56.0089278598 30.083217913 29.0 34.9857113691 32.0156211872 10.0498756211 8.24621125124 16.4012194669 16.1245154966 20.0 18.0277563773 42.7200187266 41.629316593 17.7200451467 16.2788205961 28.0178514522 25.6124969497 15.8113883008 15.6204993518 11.7046999107 14.4222051019 15.2643375225 20.0997512422 12.5299640861 11.7046999107 34.9284983931 34.0 33.6154726279 30.1496268634 21.8403296678 53.7587202229 48.0208288142 
393 111.758668568 19.1049731745 18.2482875909 26.3058928759 21.0950231097 35.2278299076 19.7230829233 19.2093727123 17.4928556845 15.2970585408 51.7880295049 30.0166620396 28.2842712475 36.6878726557 34.4383507154 11.1803398875 11.401754251 17.4928556845 17.691806013 23.2594066992 23.3452350599 41.7851648316 40.3112887415 14.8660687473 13.0 30.3644529014 27.4590604355 15.0332963784 11.1803398875 12.0830459736 9.21954445729 12.2065556157 15.2970585408 10.0 10.295630141 33.2866339542 31.1448230048 32.6955654485 36.1247837364 32.0 53.0754180389 49.5176736126 
431 97.0051545022 16.0312195419 16.0 26.0192236625 21.0237960416 41.0 20.8086520467 22.6715680975 18.4390889146 17.0293863659 53.0094331228 28.2842712475 28.0178514522 35.77708764 32.5729949498 12.6491106407 9.48683298051 17.8044938148 16.4012194669 24.5967477525 22.8473193176 43.0464865001 41.5932686862 14.3178210633 13.152946438 26.0768096208 22.2036033112 15.2970585408 13.4536240471 11.7046999107 12.7279220614 13.0384048104 17.0293863659 11.401754251 9.8488578018 36.7695526217 35.0 35.4682957019 30.0665927567 20.0249843945 50.9901951359 44.4072066223 
