Leaf
156 94.0212741883 16.2788205961 16.1245154966 26.0192236625 20.0 44.0 20.1246117975 18.8679622641 16.5529453572 15.2315462117 45.0998891351 29.0688837075 28.2842712475 35.1140997322 34.9284983931 10.7703296143 10.7703296143 13.0384048104 11.401754251 13.4536240471 16.6433169771 43.0464865001 43.0464865001 12.5299640861 12.5299640861 23.4093998214 23.769728648 12.1655250606 10.8166538264 14.3178210633 11.313708499 13.6014705087 15.2315462117 6.32455532034 8.0622577483 17.8044938148 17.0 19.2093727123 21.1896201004 21.3775583264 51.4003891036 49.8196748283 
19 105.233074649 18.0 19.1049731745 29.0172362571 18.0277563773 48.0416485979 22.6715680975 23.8537208838 17.2626765016 18.973665961 57.1401785086 28.6356421266 28.4429253067 34.4383507154 34.9284983931 9.48683298051 9.8488578018 13.4536240471 12.8062484749 18.4390889146 19.4164878389 44.4072066223 43.9089968002 15.1327459504 16.4924225025 25.0 26.9258240357 14.5602197786 16.2788205961 15.2970585408 17.0293863659 14.8660687473 18.973665961 7.81024967591 8.60232526704 25.0599281723 23.0867927612 25.8069758011 22.0907220344 24.3310501212 50.2493781056 51.8555686499 
142 90.3548559846 16.1245154966 17.0293863659 23.0217288664 17.0293863659 42.1070065429 19.4164878389 19.1049731745 14.8660687473 15.5241746963 47.0956473573 21.0950231097 22.4722050542 24.5153013443 29.206163733 7.61577310586 10.1980390272 12.7279220614 11.313708499 16.1245154966 23.3452350599 39.3954312072 42.0119030752 12.1655250606 13.6014705087 20.591260282 25.2388589282 9.8488578018 10.6301458127 14.8660687473 12.8062484749 10.6301458127 15.5241746963 5.83095189485 9.43398113206 19.7230829233 20.0 23.3238075794 15.1327459504 23.769728648 40.8166632639 45.8039299624 
4 94.0478601564 16.0312195419 17.1172427686 25.0 15.0 40.0 26.4007575649 25.2388589282 20.0 19.2353840617 55.0 23.3452350599 23.769728648 27.3130005675 28.6530975638 7.28010988928 8.24621125124 12.8062484749 12.2065556157 17.2046505341 20.5182845287 36.3593179254 37.4432904537 17.2626765016 18.0 20.6155281281 23.3452350599 12.0830459736 18.4390889146 14.8660687473 19.1049731745 16.4012194669 19.2353840617 8.0622577483 9.89949493661 23.769728648 23.0217288664 25.0599281723 20.0 24.0208242989 41.7252920901 44.687805943 
7 94.0212741883 15.0332963784 16.1245154966 26.0192236625 17.0293863659 39.0128184063 19.1049731745 21.0950231097 15.1327459504 16.7630546142 50.2493781056 26.0768096208 26.9258240357 30.3644529014 34.4818792991 7.61577310586 10.7703296143 15.0 15.2643375225 16.1554944214 21.9317121995 39.8120584748 43.0464865001 11.0 15.6524758425 19.2093727123 25.9422435421 10.7703296143 12.2065556157 16.2788205961 14.2126704036 11.313708499 16.7630546142 8.54400374532 11.313708499 22.360679775 22.0227155455 24.1867732449 18.0277563773 27.0185121722 46.1410879802 51.6623654124 
25 103.585713301 18.0 18.2482875909 24.1867732449 19.1049731745 43.1856457634 22.0227155455 20.0 14.0356688476 14.3178210633 53.2353266168 28.1602556807 29.0688837075 32.6955654485 34.7850542619 10.1980390272 9.8488578018 14.1421356237 15.0 15.8113883008 18.6010752377 46.872166581 46.2385120868 12.0415945788 12.5299640861 20.8086520467 25.2982212813 10.7703296143 13.6014705087 14.0356688476 12.8062484749 12.5299640861 14.3178210633 9.43398113206 9.21954445729 29.1204395571 29.4278779391 30.8058436015 20.0249843945 29.1547594742 51.0881590978 53.4134814443 
29 88.955044826 14.0356688476 13.3416640641 26.3058928759 19.2353840617 37.6563407675 21.9317121995 21.9544984001 16.1245154966 16.1245154966 53.600373133 27.6586333719 28.0178514522 33.1209903234 34.4818792991 10.1980390272 10.295630141 16.2788205961 15.6524758425 15.8113883008 17.0293863659 38.6005181312 40.4969134626 16.0 16.1554944214 22.0227155455 22.4722050542 13.0 16.2788205961 14.0356688476 16.1245154966 10.1980390272 16.1245154966 9.48683298051 9.89949493661 26.5706605112 25.3179778023 27.0185121722 22.0907220344 25.495097568 45.9673797382 46.872166581 
49 96.8762096699 17.4642491966 18.0 27.0739727414 19.1049731745 41.1096095822 20.591260282 20.5182845287 15.6524758425 15.5241746963 51.2445119013 28.0713376952 29.7321374946 32.7566787083 36.0555127546 9.8488578018 10.1980390272 15.2643375225 15.5563491861 19.4164878389 20.2484567313 39.8497176903 45.4532727095 11.1803398875 11.1803398875 20.2484567313 22.825424421 12.0 14.8660687473 15.1327459504 15.8113883008 12.5299640861 15.5241746963 9.21954445729 9.43398113206 21.9317121995 20.6155281281 20.6155281281 25.2388589282 23.0867927612 51.8941229813 53.0754180389 
51 95.2575456329 17.0 18.1107702763 26.0768096208 18.0277563773 40.1123422403 20.5182845287 20.0 14.1421356237 15.2315462117 53.1507290637 27.2946881279 28.2842712475 33.6154726279 35.4682957019 9.8488578018 10.295630141 15.6204993518 15.2643375225 17.4642491966 20.5182845287 42.4381903478 41.2310562562 11.0 12.0830459736 20.2484567313 24.6981780705 11.7046999107 13.0384048104 15.1327459504 13.4536240471 12.2065556157 15.2315462117 8.0622577483 8.48528137424 27.2029410175 27.4590604355 30.61045573 20.3960780544 29.2745623366 49.040799341 49.8196748283 
52 97.0206163658 18.1107702763 19.2353840617 27.0 18.0277563773 46.0108682813 19.2093727123 19.8494332413 14.3178210633 13.416407865 52.0 29.6141857899 28.1602556807 35.3411940941 34.1760149813 9.48683298051 9.8488578018 12.7279220614 13.4536240471 17.4928556845 15.8113883008 44.418464629 45.2769256907 10.1980390272 10.1980390272 21.5406592285 22.1359436212 14.0356688476 15.0 13.0384048104 14.2126704036 14.2126704036 13.416407865 7.81024967591 8.0622577483 22.803508502 19.0262975904 20.8086520467 21.3775583264 21.5870331449 51.4003891036 52.2015325446 
137 100.717426496 16.0312195419 16.1245154966 26.1725046566 18.0277563773 42.2965719651 19.8494332413 20.1246117975 16.2788205961 17.4642491966 48.3735464898 23.5372045919 25.179356624 28.6530975638 30.4630924235 9.21954445729 9.48683298051 14.8660687473 13.0384048104 18.3847763109 21.400934559 43.8292140016 44.3846820423 13.0384048104 14.4222051019 22.0227155455 26.0 10.7703296143 12.7279220614 16.0312195419 13.6014705087 12.7279220614 17.4642491966 8.0622577483 10.0 22.803508502 23.5372045919 26.4007575649 21.0237960416 29.0172362571 48.795491595 51.6623654124 
138 102.122475489 18.1107702763 18.1107702763 28.0 17.0293863659 42.0 22.0227155455 23.3238075794 15.5241746963 18.973665961 54.083269132 29.1547594742 31.0483493925 34.7850542619 37.1214223865 8.94427191 9.48683298051 14.2126704036 12.8062484749 14.2126704036 18.8679622641 38.275318418 38.275318418 11.1803398875 14.3178210633 21.9317121995 26.4007575649 11.401754251 12.0415945788 17.2626765016 14.8660687473 14.1421356237 18.973665961 7.21110255093 9.21954445729 21.0237960416 22.2036033112 25.8069758011 21.1896201004 29.8328677804 46.2276973253 53.7401153702 
139 99.0050503762 15.1327459504 16.1245154966 29.0 18.0 39.0 20.591260282 21.0950231097 16.7630546142 16.7630546142 50.0 26.1725046566 27.2029410175 30.083217913 33.2866339542 8.24621125124 10.1980390272 18.3575597507 18.3575597507 21.0237960416 22.4722050542 36.7151195014 38.275318418 14.3178210633 13.416407865 23.7065391823 24.1660919472 13.3416640641 12.2065556157 16.2788205961 13.4536240471 15.0 16.7630546142 13.9283882772 14.3178210633 22.825424421 22.0 23.0217288664 20.6155281281 29.2745623366 46.0434577329 49.578221025 
140 97.7394495585 16.0 15.2970585408 24.0831891576 19.1049731745 35.2278299076 19.1049731745 17.88854382 13.152946438 14.7648230602 46.270941205 29.0688837075 29.1547594742 33.8378486314 36.4005494464 9.48683298051 11.1803398875 14.8660687473 15.8113883008 15.5241746963 17.691806013 34.6698716467 36.6742416418 9.48683298051 13.4536240471 21.0237960416 25.7099202644 9.48683298051 8.48528137424 15.0332963784 9.43398113206 11.1803398875 14.7648230602 8.94427191 9.89949493661 22.8473193176 21.2132034356 24.7588368063 18.7882942281 34.9284983931 44.1021541424 52.3450093132 
141 92.1954445729 15.2970585408 16.4924225025 22.360679775 20.3960780544 34.3656805549 20.0 20.1246117975 15.0332963784 15.6524758425 48.0520551069 26.0768096208 26.0 31.0161248385 34.7850542619 9.48683298051 13.0384048104 17.0293863659 16.5529453572 16.0 20.5182845287 34.4093010682 35.8468966579 13.152946438 15.2643375225 20.6155281281 25.632011236 8.60232526704 12.0415945788 15.0332963784 13.8924439894 9.48683298051 15.6524758425 8.0622577483 10.0 22.803508502 22.5610283454 24.8394846967 19.0262975904 32.5576411922 40.3112887415 50.2095608425 
157 97.0206163658 16.0 16.0312195419 26.0192236625 18.0277563773 39.0512483795 16.2788205961 17.2046505341 13.0 14.3178210633 47.0956473573 27.4590604355 27.1661554144 32.2024843762 32.3109888428 9.21954445729 9.48683298051 16.4012194669 16.1245154966 19.2353840617 20.0 41.1825205639 42.4852915725 10.8166538264 11.401754251 23.769728648 24.3515913238 13.3416640641 9.21954445729 13.152946438 9.21954445729 11.6619037897 14.3178210633 10.7703296143 10.8166538264 24.1867732449 23.0 23.3238075794 24.5153013443 24.5153013443 50.4479930225 50.6063237155 
166 92.7200086281 17.1172427686 17.7200451467 23.0867927612 23.5372045919 45.607017004 20.591260282 17.88854382 12.0415945788 14.2126704036 49.7292670366 26.4764045897 28.6356421266 32.7566787083 35.3553390593 12.1655250606 13.0384048104 18.6010752377 17.88854382 19.4164878389 20.8086520467 46.8614980554 50.0 11.0 12.8062484749 21.400934559 27.1661554144 10.0 9.43398113206 14.0356688476 9.8488578018 10.0 14.2126704036 9.48683298051 10.0 28.4604989415 27.6586333719 29.7321374946 20.2237484162 23.5372045919 48.1040538832 53.2259335287 
178 93.0215028905 16.0312195419 17.0 25.0199920064 21.0237960416 43.1045241245 21.6333076528 22.4722050542 19.4164878389 19.6468827044 49.040799341 25.0199920064 25.179356624 29.1547594742 31.304951685 10.1980390272 11.401754251 17.691806013 16.6433169771 25.9615099715 27.4590604355 44.418464629 45.6179789118 15.8113883008 16.6433169771 26.4007575649 29.5296461205 11.7046999107 12.5299640861 14.3178210633 12.0830459736 10.6301458127 19.6468827044 10.7703296143 12.0415945788 23.2594066992 22.2036033112 24.0831891576 19.3132079158 26.4764045897 52.1536192416 53.4134814443 
205 100.079968026 17.0 18.1107702763 29.0172362571 16.0312195419 42.1070065429 20.6155281281 21.6333076528 16.4924225025 17.0880074906 54.083269132 26.2488094968 25.495097568 30.5286750449 29.9666481275 8.0622577483 8.24621125124 12.7279220614 12.2065556157 18.8679622641 21.2602916255 37.4432904537 39.9624824054 13.3416640641 14.3178210633 23.8537208838 26.4007575649 14.8660687473 13.6014705087 15.5241746963 12.7279220614 14.1421356237 17.0880074906 8.0622577483 9.89949493661 23.3238075794 21.0237960416 24.4131112315 24.1867732449 24.0831891576 45.9673797382 47.4236228055 
224 92.5418824101 16.0312195419 15.2970585408 23.0867927612 21.0237960416 41.1946598481 20.5182845287 18.0277563773 13.0384048104 13.0 48.0936586256 27.1661554144 28.0178514522 33.6154726279 34.4818792991 10.7703296143 12.0830459736 16.2788205961 15.0 12.2065556157 14.7648230602 42.7200187266 43.8634243989 11.1803398875 11.401754251 20.591260282 22.803508502 9.05538513814 12.2065556157 14.0356688476 12.2065556157 11.7046999107 13.0 8.0622577483 10.0 21.0237960416 22.2036033112 24.0831891576 21.8403296678 25.0 50.4479930225 51.8652099196 
229 100.498756211 16.0 16.0312195419 27.0739727414 20.0249843945 44.0454310911 21.2132034356 18.8679622641 15.0332963784 16.1554944214 52.0864665724 27.2946881279 28.1602556807 31.7804971641 34.0147027034 9.21954445729 11.401754251 16.2788205961 15.8113883008 16.1245154966 20.6155281281 42.7200187266 43.4165866922 10.0498756211 10.295630141 18.0277563773 22.4722050542 11.1803398875 14.4222051019 16.0 14.2126704036 12.0415945788 16.1554944214 9.8488578018 12.0415945788 21.9317121995 22.2036033112 24.8394846967 19.6468827044 31.4006369362 49.2036584006 55.8659108939 
232 94.1328847959 15.2970585408 16.1245154966 27.0185121722 18.0 48.0 20.591260282 21.0950231097 15.8113883008 16.7630546142 48.0104155366 28.1602556807 27.6586333719 33.2415402772 33.5410196625 9.48683298051 9.48683298051 14.1421356237 12.8062484749 17.8044938148 19.4164878389 46.1410879802 47.1699056603 13.152946438 13.6014705087 19.7230829233 22.825424421 13.152946438 15.5563491861 14.3178210633 14.1421356237 15.2643375225 16.7630546142 8.48528137424 9.21954445729 20.8086520467 20.0 21.6333076528 17.0880074906 20.0 50.7740090991 50.3289181286 
234 95.0841732361 16.0312195419 17.1172427686 25.0199920064 17.0293863659 32.0624390838 17.691806013 15.8113883008 12.6491106407 13.6014705087 46.0108682813 29.2745623366 29.2745623366 34.1760149813 35.4682957019 8.54400374532 9.8488578018 14.1421356237 13.0384048104 18.4390889146 20.2484567313 36.6742416418 38.4837628098 10.4403065089 10.8166538264 21.0237960416 24.0416305603 11.1803398875 11.313708499 14.0356688476 11.313708499 11.313708499 13.6014705087 6.7082039325 9.21954445729 21.4709105536 22.0227155455 23.8537208838 22.8473193176 29.8328677804 46.872166581 51.8555686499 
239 89.2020179144 14.0 17.0293863659 24.0831891576 20.0997512422 34.2344855372 20.0 19.7230829233 16.1245154966 17.4642491966 46.0977222865 28.0178514522 28.1602556807 31.6227766017 34.9284983931 9.21954445729 11.7046999107 15.5563491861 15.8113883008 17.2626765016 18.6010752377 39.1152144312 39.2173431023 13.3416640641 13.8924439894 21.400934559 26.4007575649 9.48683298051 11.6619037897 15.0332963784 13.6014705087 9.21954445729 17.4642491966 9.21954445729 9.21954445729 18.973665961 20.6155281281 23.3452350599 17.0880074906 33.0605505096 45.2216762184 50.2095608425 
241 98.1274681218 18.0277563773 18.2482875909 27.0185121722 17.0293863659 39.3192065027 18.4390889146 17.8044938148 11.7046999107 13.0384048104 52.0864665724 27.2946881279 27.6586333719 31.384709653 33.5410196625 8.24621125124 9.48683298051 16.4012194669 15.6524758425 19.3132079158 20.5182845287 38.9486841883 43.8292140016 10.295630141 12.7279220614 24.3515913238 27.6586333719 11.1803398875 9.21954445729 16.0312195419 10.6301458127 10.1980390272 13.0384048104 11.401754251 12.0415945788 28.231188427 28.0 27.7308492477 21.2132034356 27.0185121722 45.4532727095 49.4974746831 
257 95.2575456329 14.0356688476 16.0 24.0208242989 16.1245154966 34.0587727319 20.0 21.2602916255 15.1327459504 16.1245154966 50.0099990002 29.0172362571 31.3209195267 33.5410196625 36.7151195014 8.0622577483 9.21954445729 14.7648230602 14.2126704036 18.0277563773 20.8086520467 37.3363094052 39.1152144312 12.1655250606 14.8660687473 19.4164878389 25.2388589282 9.21954445729 12.2065556157 15.2970585408 14.8660687473 10.6301458127 16.1245154966 8.0622577483 10.0 21.0950231097 21.0 23.8537208838 21.0950231097 33.0605505096 47.4236228055 53.2634959423 
282 93.1933474021 17.0 16.2788205961 24.1867732449 18.2482875909 40.3112887415 19.7989898732 18.3575597507 14.3178210633 14.7648230602 47.2652091924 31.5753068077 31.0 35.3411940941 36.1386219992 9.05538513814 9.8488578018 15.6204993518 17.0 18.0277563773 17.691806013 40.2243707222 41.629316593 9.8488578018 11.401754251 22.8473193176 23.769728648 12.3693168769 10.0 12.0 10.295630141 13.0384048104 14.7648230602 11.1803398875 11.401754251 22.825424421 21.0237960416 20.8086520467 24.1660919472 22.360679775 53.4134814443 51.1077293567 
312 89.1403387923 13.0384048104 14.0356688476 22.0227155455 19.0 35.0142828 19.1049731745 16.6433169771 13.0 13.9283882772 44.0113621693 28.0178514522 29.0688837075 34.7850542619 35.7351367704 11.1803398875 10.295630141 15.6204993518 15.0 12.5299640861 14.1421356237 40.7062648741 40.3112887415 10.0498756211 9.43398113206 16.6433169771 20.2484567313 9.05538513814 12.0415945788 13.0 11.313708499 10.295630141 13.9283882772 7.21110255093 7.81024967591 22.8473193176 24.0831891576 25.2388589282 21.8403296678 27.892651362 48.6004115209 51.4003891036 
319 93.0053761887 18.1107702763 18.0277563773 27.0185121722 20.0 46.0108682813 21.0950231097 21.0950231097 17.4642491966 18.3847763109 49.0102030194 27.0739727414 28.4429253067 32.8937684068 35.77708764 9.8488578018 11.7046999107 14.1421356237 14.1421356237 15.6204993518 20.6155281281 44.2944691807 45.4862616622 12.1655250606 13.416407865 22.360679775 26.4007575649 12.3693168769 13.4536240471 15.1327459504 13.4536240471 12.5299640861 18.3847763109 6.40312423743 9.43398113206 22.2036033112 21.0 23.8537208838 20.6155281281 22.0907220344 49.6487663492 51.7397332811 
338 95.0841732361 16.1245154966 18.2482875909 25.0 17.0 39.0 22.2036033112 22.4722050542 16.2788205961 17.0880074906 50.0099990002 30.1496268634 30.4138126515 35.1140997322 35.4682957019 9.48683298051 8.54400374532 12.0415945788 11.313708499 13.8924439894 19.2093727123 43.4165866922 42.0475920833 14.0 14.8660687473 20.0 25.495097568 12.1655250606 16.9705627485 13.152946438 14.4222051019 12.8062484749 17.0880074906 5.83095189485 7.21110255093 20.2484567313 22.360679775 25.6124969497 20.6155281281 28.6356421266 51.8652099196 54.0370243444 
342 89.0898422942 16.0 16.1245154966 27.0739727414 21.0237960416 38.0131556175 15.6204993518 15.6204993518 10.7703296143 11.6619037897 49.1629942131 27.2946881279 28.0713376952 33.5410196625 34.1760149813 11.401754251 10.7703296143 18.6010752377 18.8679622641 20.6155281281 21.0237960416 40.4969134626 38.4837628098 7.61577310586 8.60232526704 20.2484567313 21.5870331449 13.152946438 11.1803398875 14.0 11.401754251 10.8166538264 11.6619037897 12.0830459736 11.7046999107 24.1660919472 24.1867732449 25.8069758011 24.6981780705 29.5465734054 52.0096144958 53.8237865632 
358 98.0612053771 16.4924225025 16.2788205961 25.7099202644 21.3775583264 36.8781778292 21.2602916255 21.1896201004 18.0 19.2353840617 49.4772675074 28.6356421266 30.0665927567 33.1209903234 36.1386219992 10.0498756211 12.0830459736 17.0293863659 17.0 15.1327459504 17.0293863659 38.4187454246 39.8497176903 14.1421356237 15.6204993518 25.4558441227 27.5136329844 12.5299640861 12.0415945788 14.0 12.6491106407 11.1803398875 19.2353840617 9.05538513814 11.313708499 26.6833281283 26.6833281283 27.8028775489 24.0 28.6356421266 46.8614980554 49.4064773081 
363 90.0499861188 16.1245154966 16.0 26.0192236625 20.0 44.0 25.0599281723 23.8537208838 20.3960780544 20.2237484162 51.0881590978 23.0 22.803508502 27.5136329844 30.2324329157 9.48683298051 11.401754251 13.6014705087 12.0415945788 15.0 19.2093727123 39.8246155035 43.0116263352 16.0312195419 15.1327459504 22.0227155455 23.4307490277 11.401754251 16.4012194669 15.5241746963 17.0293863659 17.0 20.2237484162 6.40312423743 9.43398113206 18.4390889146 17.0293863659 18.6010752377 17.0880074906 21.0 44.9444101085 47.3814309619 
370 99.0454441153 18.1107702763 17.0293863659 24.0 19.0 38.0 22.803508502 24.6981780705 16.4924225025 20.3960780544 51.0881590978 28.0178514522 28.6356421266 32.0156211872 34.885527085 9.48683298051 10.4403065089 14.8660687473 14.2126704036 15.6524758425 18.4390889146 40.3112887415 43.0464865001 16.1245154966 19.9248588452 24.4131112315 29.206163733 11.7046999107 15.0 13.6014705087 16.5529453572 10.8166538264 20.3960780544 8.0622577483 9.89949493661 25.5538646784 24.0208242989 25.9422435421 24.5153013443 28.0 48.8262224629 51.6236379966 
390 94.0850678907 16.0312195419 17.1172427686 22.0907220344 19.0 40.049968789 19.8494332413 21.0237960416 14.3178210633 18.7882942281 44.4072066223 26.0 28.1602556807 30.083217913 34.0147027034 8.54400374532 11.401754251 13.4536240471 14.1421356237 14.7648230602 17.8044938148 42.0475920833 45.6508488421 12.3693168769 15.2643375225 21.9544984001 27.3130005675 9.48683298051 10.8166538264 13.0384048104 13.0 9.43398113206 18.7882942281 7.21110255093 9.43398113206 22.360679775 24.0208242989 25.2388589282 19.9248588452 28.0713376952 47.7074417675 53.7587202229 
434 87.0229854694 17.1172427686 17.2626765016 24.0 15.0 33.0 22.4722050542 23.7065391823 17.7200451467 18.973665961 47.0425339454 30.1496268634 30.5941170816 34.7850542619 35.4682957019 8.54400374532 7.61577310586 14.7648230602 15.2643375225 17.4642491966 19.4164878389 37.1214223865 36.6742416418 14.0356688476 15.5241746963 21.6333076528 24.1867732449 11.7046999107 14.1421356237 13.6014705087 14.2126704036 10.8166538264 18.973665961 9.43398113206 9.8488578018 22.8473193176 24.0831891576 26.0768096208 20.591260282 26.9258240357 46.6476151588 50.219518118 
451 97.3242004848 17.0293863659 16.4924225025 24.3310501212 19.2353840617 39.4588393139 20.0 21.4709105536 13.0384048104 16.1554944214 51.1957029447 26.4764045897 27.0 30.886890423 32.2800247831 10.0498756211 9.8488578018 16.2788205961 15.6524758425 18.3847763109 19.1049731745 40.0 40.8533964316 12.0415945788 12.5299640861 22.2036033112 23.0867927612 12.0830459736 12.2065556157 13.0384048104 12.2065556157 10.1980390272 16.1554944214 10.7703296143 10.0 26.5706605112 26.1725046566 26.6270539114 26.0192236625 26.9258240357 48.4148737476 50.219518118 
465 91.0219753686 17.1172427686 17.2626765016 21.0237960416 17.0293863659 39.0128184063 20.8086520467 21.6333076528 15.8113883008 15.8113883008 45.0 27.1661554144 25.0199920064 31.384709653 29.4108823397 9.21954445729 8.54400374532 12.8062484749 14.2126704036 17.691806013 16.4012194669 39.8246155035 41.1825205639 12.3693168769 14.1421356237 22.360679775 21.9544984001 12.3693168769 12.7279220614 9.8488578018 12.2065556157 14.8660687473 15.8113883008 9.21954445729 8.60232526704 22.2036033112 20.0997512422 20.1246117975 26.6833281283 20.8806130178 51.7397332811 49.4064773081 
467 95.0473566176 16.0312195419 15.0 25.0199920064 21.0237960416 41.0121933088 22.2036033112 22.803508502 17.2626765016 18.0277563773 52.0096144958 25.0199920064 25.179356624 31.9530906173 32.2024843762 11.1803398875 11.7046999107 15.5563491861 14.1421356237 15.2643375225 17.691806013 39.3573373083 41.0487515035 13.3416640641 14.5602197786 22.4722050542 23.6008474424 12.1655250606 14.2126704036 13.3416640641 14.2126704036 11.313708499 18.0277563773 6.40312423743 8.60232526704 24.6981780705 23.0217288664 25.5538646784 21.3775583264 27.0185121722 45.8039299624 49.5176736126 
