Leaf
251 93.9414711403 14.8660687473 16.0312195419 21.3775583264 15.1327459504 30.4138126515 24.2074368738 22.8473193176 20.6155281281 21.1896201004 50.0099990002 25.079872408 27.2946881279 29.4108823397 34.1760149813 7.61577310586 9.43398113206 15.6204993518 14.8660687473 22.0 24.2074368738 40.249223595 42.7200187266 15.5241746963 18.4390889146 22.360679775 30.8706980809 7.07106781187 13.4536240471 16.0312195419 13.6014705087 10.7703296143 21.1896201004 9.21954445729 11.313708499 30.8058436015 32.3882694814 34.6698716467 20.0997512422 40.1995024845 44.4072066223 56.639209034 
78 100.04498988 16.0 17.0293863659 30.0665927567 20.0 40.0124980475 19.2093727123 20.0 15.5241746963 17.7200451467 54.083269132 27.0739727414 30.083217913 32.8937684068 38.0788655293 9.8488578018 11.7046999107 15.6204993518 15.6204993518 16.1554944214 21.2602916255 37.5765884561 40.8044115262 11.7046999107 14.2126704036 22.825424421 28.6356421266 12.6491106407 10.6301458127 18.1107702763 12.7279220614 10.0 17.7200451467 8.0622577483 9.89949493661 25.9422435421 25.0 28.3019433962 21.5870331449 34.1320963318 44.6542271235 55.4436651025 
102 90.7964757025 14.0356688476 14.3178210633 25.179356624 15.2970585408 33.5410196625 17.2046505341 16.9705627485 13.6014705087 15.1327459504 47.2652091924 25.079872408 27.7308492477 29.2745623366 33.4215499341 7.21110255093 9.05538513814 17.4642491966 17.8044938148 18.8679622641 20.6155281281 38.8973006776 37.4432904537 10.295630141 11.6619037897 20.6155281281 23.8537208838 10.0498756211 9.43398113206 15.5241746963 10.8166538264 8.60232526704 15.1327459504 12.5299640861 12.6491106407 30.083217913 31.0 33.1058907145 17.7200451467 36.0555127546 42.9534631898 51.3127664427 
126 94.0478601564 14.3178210633 16.2788205961 23.1948270095 19.2353840617 40.0249921924 19.2093727123 19.2353840617 15.0332963784 15.6524758425 47.6759897642 26.1725046566 26.0192236625 29.9666481275 31.6227766017 10.0498756211 9.8488578018 17.0293863659 15.2315462117 17.1172427686 21.0950231097 44.9444101085 49.3355855342 12.0415945788 14.4222051019 19.8494332413 25.632011236 8.94427191 12.0415945788 15.0332963784 13.0384048104 9.43398113206 15.6524758425 10.1980390272 11.313708499 30.5941170816 30.5941170816 33.0151480384 16.0312195419 31.5753068077 46.4004310325 50.3289181286 
129 95.0052630121 14.0 16.0 24.0 21.0 36.0 20.0 20.0 16.1245154966 16.4924225025 48.0 25.079872408 25.495097568 29.8328677804 33.6154726279 9.8488578018 12.6491106407 15.6204993518 16.2788205961 17.7200451467 19.7230829233 39.0 41.6773319683 12.1655250606 14.3178210633 20.0 25.5538646784 9.48683298051 11.401754251 15.2970585408 13.4536240471 10.6301458127 16.4924225025 8.94427191 9.89949493661 25.9422435421 26.0 28.6530975638 20.6155281281 33.0151480384 46.5295604965 53.8144961883 
133 96.0208310733 16.0312195419 16.0 24.0208242989 20.0 39.0128184063 22.2036033112 23.8537208838 17.2626765016 20.2237484162 50.0099990002 25.0199920064 24.5153013443 29.1204395571 31.384709653 9.48683298051 11.401754251 14.2126704036 15.5563491861 17.0 19.4164878389 41.2310562562 43.5660418216 16.2788205961 19.6468827044 24.2074368738 28.319604517 10.7703296143 13.8924439894 14.8660687473 16.6433169771 10.6301458127 20.2237484162 8.60232526704 9.21954445729 24.1867732449 24.0 26.4196896272 21.3775583264 31.064449134 46.3249392876 53.2634959423 
160 100.04498988 17.0 17.0 25.0 17.0 34.0 21.2602916255 20.6155281281 16.2788205961 16.4924225025 52.0 26.0192236625 26.9258240357 30.3644529014 33.1209903234 8.54400374532 9.48683298051 15.8113883008 15.2643375225 19.9248588452 21.9544984001 37.1214223865 37.1214223865 13.3416640641 15.2643375225 23.8537208838 28.1780056072 9.8488578018 10.8166538264 16.4924225025 12.0415945788 11.1803398875 16.4924225025 9.8488578018 10.295630141 25.495097568 25.079872408 28.3019433962 22.360679775 35.0570962859 43.6004587132 49.2036584006 
186 96.0832971957 16.0 17.0293863659 24.0208242989 18.0277563773 34.0587727319 23.0217288664 23.0217288664 19.2353840617 18.4390889146 50.0099990002 26.0192236625 26.4764045897 30.3644529014 31.7647603485 8.54400374532 10.1980390272 14.7648230602 16.2788205961 20.6155281281 21.5406592285 39.3573373083 36.6742416418 18.1107702763 18.973665961 25.4558441227 28.6006992922 12.0830459736 15.8113883008 14.3178210633 13.8924439894 11.313708499 18.4390889146 9.43398113206 9.8488578018 25.632011236 27.1661554144 30.0166620396 20.6155281281 33.0 45.2216762184 48.9182992345 
189 96.0208310733 15.0 16.0 26.0768096208 20.0249843945 35.0142828 18.6010752377 18.8679622641 15.5241746963 17.0880074906 47.0956473573 25.0199920064 26.9258240357 30.083217913 35.8468966579 9.8488578018 12.0830459736 18.6010752377 18.3575597507 21.0950231097 24.6981780705 32.2024843762 36.6196668472 12.3693168769 15.0 21.6333076528 27.7308492477 9.8488578018 10.0 17.1172427686 12.8062484749 10.6301458127 17.0880074906 10.4403065089 12.2065556157 27.3130005675 27.0185121722 30.0166620396 19.6977156036 36.0555127546 40.3112887415 50.7740090991 
213 93.0859817588 13.0384048104 15.0332963784 25.0199920064 19.0262975904 39.1152144312 20.5182845287 20.8086520467 16.0312195419 16.2788205961 51.0881590978 29.0688837075 29.2745623366 32.5729949498 35.3411940941 8.24621125124 11.401754251 17.0293863659 16.1245154966 19.4164878389 23.3452350599 40.718546143 45.6508488421 12.0415945788 13.8924439894 19.1049731745 24.5967477525 9.48683298051 12.0415945788 16.1245154966 13.4536240471 10.4403065089 16.2788205961 10.1980390272 12.7279220614 28.231188427 28.0178514522 30.0166620396 20.2484567313 28.0713376952 48.3735464898 53.8144961883 
308 84.0238061504 13.0 14.0356688476 24.0 17.0293863659 36.0 21.6333076528 20.8086520467 18.0277563773 18.1107702763 48.0104155366 24.0208242989 25.7099202644 30.3644529014 32.6496554346 9.43398113206 9.8488578018 16.1245154966 15.8113883008 20.6155281281 21.0950231097 38.4837628098 40.3112887415 16.0312195419 15.1327459504 21.2602916255 22.627416998 10.7703296143 15.0 14.5602197786 16.2788205961 10.6301458127 18.1107702763 9.43398113206 10.0 25.5538646784 24.0 26.0768096208 20.8806130178 28.1602556807 45.2769256907 49.5176736126 
323 94.3716058992 15.8113883008 16.2788205961 24.5153013443 18.4390889146 32.7566787083 21.0950231097 19.6977156036 16.2788205961 17.0 51.4198405287 28.4604989415 28.1602556807 33.0151480384 32.3882694814 10.0 8.94427191 17.691806013 18.0277563773 21.0950231097 21.6333076528 36.8781778292 35.902646142 13.152946438 15.0 22.2036033112 26.5706605112 12.5299640861 14.7648230602 13.0384048104 11.7046999107 12.6491106407 17.0 13.3416640641 13.0384048104 25.495097568 25.0 27.6586333719 25.3179778023 25.2982212813 44.6542271235 45.1774279923 
435 97.0051545022 15.0 16.0312195419 26.0192236625 17.0293863659 36.0138862107 19.8494332413 20.5182845287 15.1327459504 16.1245154966 53.0094331228 24.0831891576 25.0 28.4604989415 31.064449134 7.61577310586 10.1980390272 13.6014705087 13.4536240471 17.0 18.6010752377 42.5440947724 42.4852915725 10.4403065089 11.7046999107 20.591260282 23.3238075794 11.1803398875 11.313708499 15.2970585408 13.6014705087 10.7703296143 16.1245154966 7.61577310586 10.0 29.7321374946 30.0665927567 32.6496554346 22.0907220344 33.3766385366 44.2040722106 50.4479930225 
456 94.7048045244 16.1554944214 17.4642491966 24.1660919472 18.3847763109 34.1760149813 24.1867732449 23.0867927612 18.973665961 17.4928556845 53.8516480713 25.2982212813 27.1661554144 27.8028775489 32.3882694814 9.21954445729 9.43398113206 17.0293863659 18.4390889146 20.0249843945 21.9317121995 33.4215499341 33.5410196625 16.7630546142 16.4012194669 24.1660919472 26.6833281283 10.6301458127 14.4222051019 15.1327459504 15.8113883008 13.3416640641 17.4928556845 13.0384048104 12.8062484749 22.2036033112 21.9317121995 25.0 22.0227155455 31.7647603485 43.2666153056 48.7647413609 
470 101.004950374 16.0312195419 17.0293863659 27.0 22.0 37.0540146273 22.0227155455 21.6333076528 18.1107702763 17.7200451467 53.0094331228 26.0192236625 26.6833281283 31.3209195267 34.9857113691 10.7703296143 12.6491106407 18.6010752377 18.6010752377 22.803508502 21.9317121995 35.8468966579 38.0788655293 13.152946438 14.8660687473 22.803508502 25.5538646784 10.4403065089 12.8062484749 17.2626765016 16.2788205961 12.0415945788 17.7200451467 10.7703296143 11.401754251 29.5465734054 29.0172362571 30.4138126515 19.9248588452 37.0 42.4381903478 53.0094331228 
