Leaf
334 111.287914887 19.0262975904 19.0262975904 29.0172362571 18.1107702763 33.1360830516 18.4390889146 18.3847763109 14.7648230602 15.2315462117 54.0370243444 30.0665927567 32.2800247831 35.4400902933 38.0788655293 8.94427191 10.1980390272 16.1245154966 15.6204993518 22.1359436212 23.4093998214 39.0 37.5898922584 12.2065556157 13.6014705087 27.5136329844 29.5465734054 13.3416640641 9.21954445729 16.4924225025 10.6301458127 10.8166538264 15.2315462117 10.295630141 11.1803398875 28.6356421266 29.0688837075 31.384709653 29.7321374946 37.3363094052 51.8652099196 54.5618914628 
42 109.114618636 17.0 19.0262975904 27.0185121722 18.0 39.0128184063 22.803508502 21.9317121995 18.2482875909 17.4642491966 56.0089278598 28.0713376952 29.8328677804 31.6227766017 35.3553390593 8.24621125124 10.1980390272 16.1245154966 17.2046505341 18.3575597507 20.8086520467 37.5898922584 38.275318418 15.8113883008 16.5529453572 26.6270539114 30.5286750449 12.0830459736 11.6619037897 16.4924225025 14.2126704036 11.1803398875 17.4642491966 10.7703296143 11.1803398875 29.5465734054 28.0178514522 30.886890423 22.360679775 38.2099463491 45.0 52.4785670536 
79 110.018180316 18.0 19.0 29.0 22.0 43.0 22.0227155455 20.5182845287 17.4642491966 15.8113883008 57.0350769264 27.1661554144 27.2946881279 32.6955654485 34.0 10.4403065089 12.3693168769 18.6010752377 18.6010752377 22.360679775 22.825424421 37.4432904537 38.0131556175 15.2315462117 16.1245154966 27.7848879789 30.4138126515 14.5602197786 12.8062484749 15.5241746963 12.2065556157 12.0830459736 15.8113883008 11.7046999107 13.0384048104 28.1780056072 27.0 29.5296461205 26.1725046566 32.0 46.6904701197 50.0 
121 103.57605901 16.2788205961 19.4164878389 24.3310501212 23.1948270095 43.4165866922 20.0 19.6977156036 15.0 17.8044938148 49.0306026885 27.0185121722 28.0713376952 30.6757233004 35.8468966579 11.1803398875 13.0 19.8494332413 17.88854382 20.0249843945 27.0185121722 40.0 42.4852915725 11.1803398875 15.6204993518 19.7989898732 31.5753068077 7.21110255093 10.6301458127 18.0 11.6619037897 10.6301458127 17.8044938148 11.1803398875 12.7279220614 25.495097568 27.892651362 32.6496554346 16.1554944214 38.2099463491 45.0 58.7281874401 
158 108.0 17.0293863659 17.0 30.0166620396 20.0 40.0124980475 18.6010752377 17.2046505341 15.2315462117 15.6524758425 51.0392006207 28.6356421266 27.2946881279 35.77708764 34.0147027034 10.7703296143 10.7703296143 18.8679622641 18.8679622641 21.4709105536 20.591260282 39.1152144312 38.9486841883 13.0384048104 13.6014705087 26.0 27.3130005675 15.2970585408 11.313708499 15.5241746963 9.89949493661 12.8062484749 15.6524758425 11.7046999107 12.0830459736 29.0688837075 28.0178514522 30.0166620396 29.8328677804 31.5753068077 52.3450093132 52.3450093132 
182 107.004672795 19.0262975904 18.1107702763 28.0 17.0 38.0 20.5182845287 20.6155281281 14.8660687473 14.8660687473 55.0090901579 30.5941170816 30.4138126515 35.3411940941 34.5398320783 9.21954445729 8.24621125124 15.2643375225 15.8113883008 21.9544984001 21.4709105536 40.3112887415 39.3573373083 14.3178210633 14.7648230602 27.7308492477 27.3130005675 14.3178210633 12.8062484749 14.3178210633 12.2065556157 13.0 14.8660687473 12.2065556157 11.1803398875 29.9666481275 28.0178514522 29.5296461205 29.0 30.1496268634 48.795491595 50.2095608425 
197 109.658560997 18.1107702763 18.2482875909 25.179356624 19.1049731745 41.1946598481 22.6715680975 22.825424421 19.2353840617 18.3847763109 51.3517283059 30.5941170816 31.0 36.6742416418 37.1079506306 10.4403065089 10.295630141 17.2046505341 18.3575597507 23.2594066992 22.4722050542 41.2310562562 39.0 13.3416640641 14.3178210633 25.8069758011 26.0 13.0 12.0415945788 13.152946438 13.0384048104 14.2126704036 18.3847763109 11.1803398875 8.94427191 29.7321374946 29.4278779391 31.4006369362 27.0739727414 33.5410196625 50.3289181286 50.9901951359 
266 104.172933145 17.0293863659 17.0293863659 26.0192236625 21.0237960416 42.1070065429 22.6715680975 21.0950231097 18.1107702763 18.0277563773 52.038447325 30.2654919008 30.0166620396 37.1618083521 36.6878726557 11.7046999107 11.1803398875 18.6010752377 18.8679622641 21.0237960416 20.8086520467 40.0 39.3573373083 13.6014705087 14.4222051019 25.2388589282 27.3130005675 13.0 11.313708499 14.5602197786 10.0 13.0 18.0277563773 11.6619037897 10.8166538264 28.6356421266 27.1661554144 30.2324329157 25.495097568 29.6141857899 49.5176736126 51.0881590978 
413 100.975244491 17.1172427686 18.4390889146 22.5610283454 21.2132034356 35.5105618091 21.9317121995 21.0237960416 18.1107702763 17.4928556845 46.6904701197 30.0665927567 32.0156211872 33.2415402772 37.3630833845 10.0498756211 11.7046999107 16.9705627485 17.4928556845 21.0950231097 21.6333076528 36.6196668472 38.6264158317 14.0356688476 13.8924439894 24.0831891576 26.2488094968 10.295630141 12.0415945788 13.0 13.416407865 10.6301458127 17.4928556845 11.401754251 10.8166538264 31.0483493925 30.4138126515 32.4499614792 25.179356624 35.6931365951 46.6690475583 53.8144961883 
423 103.004854255 15.0332963784 17.0293863659 26.0 19.0262975904 34.0147027034 19.1049731745 20.5182845287 14.0356688476 16.2788205961 54.0370243444 24.0 25.9615099715 29.4108823397 32.7566787083 9.8488578018 10.4403065089 15.6204993518 14.2126704036 19.4164878389 20.2484567313 41.7851648316 44.283179651 9.48683298051 12.2065556157 20.591260282 26.4007575649 10.4403065089 9.21954445729 16.2788205961 11.401754251 10.1980390272 16.2788205961 8.54400374532 9.21954445729 27.7308492477 28.0178514522 30.5286750449 23.3452350599 39.1152144312 47.1699056603 55.4436651025 
449 106.230880633 15.0 17.2626765016 28.0713376952 21.0237960416 43.1856457634 20.6155281281 18.7882942281 16.1245154966 16.6433169771 49.0917508345 24.1867732449 25.3179778023 29.9666481275 32.6496554346 10.4403065089 11.7046999107 16.9705627485 15.8113883008 19.9248588452 22.627416998 39.9624824054 43.9089968002 10.4403065089 13.4536240471 20.591260282 27.6586333719 11.7046999107 10.0 17.1172427686 9.89949493661 14.1421356237 16.6433169771 8.94427191 11.313708499 25.495097568 25.079872408 27.8028775489 23.3452350599 36.0138862107 47.5078940809 56.0802995712 
474 103.237590053 18.0277563773 18.0277563773 25.0199920064 21.0237960416 36.0555127546 16.9705627485 17.2046505341 14.3178210633 15.2643375225 47.0956473573 30.2654919008 30.0 36.2491379208 35.4400902933 11.401754251 10.7703296143 17.8044938148 18.0277563773 20.8806130178 21.0237960416 38.275318418 37.1618083521 11.1803398875 13.4536240471 25.495097568 28.4604989415 12.3693168769 9.89949493661 13.152946438 8.94427191 10.295630141 15.2643375225 11.1803398875 10.295630141 28.231188427 28.0713376952 29.6816441593 27.1661554144 33.7342555869 48.1040538832 50.9901951359 
475 104.235310716 16.4924225025 15.1327459504 28.4429253067 21.3775583264 37.6563407675 17.691806013 18.0277563773 16.2788205961 17.4928556845 48.0520551069 27.2029410175 27.0185121722 33.8378486314 34.205262753 11.1803398875 11.6619037897 18.3847763109 18.7882942281 22.360679775 22.4722050542 33.3016516107 35.3411940941 11.6619037897 12.8062484749 26.0768096208 25.7099202644 13.9283882772 8.60232526704 15.0 9.43398113206 11.6619037897 17.4928556845 11.7046999107 11.313708499 29.0688837075 25.079872408 27.8028775489 30.2654919008 31.3209195267 47.6340214553 48.4148737476 
