Leaf
306 91.6624241442 16.0312195419 15.1327459504 24.1867732449 22.2036033112 33.5410196625 22.0227155455 20.0 15.0332963784 14.3178210633 53.2353266168 27.6586333719 27.2946881279 34.1320963318 32.5576411922 12.1655250606 11.1803398875 17.0293863659 16.6433169771 20.3960780544 18.3847763109 41.1825205639 43.965895874 11.1803398875 10.295630141 21.6333076528 21.1896201004 12.3693168769 12.8062484749 12.0 11.401754251 13.0384048104 14.3178210633 9.8488578018 9.43398113206 37.947331922 37.0135110466 36.7695526217 30.0166620396 22.2036033112 50.2493781056 47.4130783645 
74 100.004999875 18.0277563773 16.0 25.0199920064 19.0 39.0 21.2602916255 21.2132034356 15.5241746963 15.0332963784 54.0370243444 27.892651362 26.0192236625 34.9857113691 29.8328677804 11.401754251 8.54400374532 15.8113883008 16.4012194669 23.6008474424 19.9248588452 44.2944691807 42.9534631898 15.6524758425 14.0356688476 28.1780056072 22.0227155455 17.2626765016 14.8660687473 8.94427191 12.2065556157 13.6014705087 15.0332963784 11.401754251 9.8488578018 35.77708764 33.0605505096 32.8937684068 37.2155881319 19.1049731745 55.6057550978 45.7930125674 
111 99.0807751282 18.0 18.2482875909 26.0768096208 17.1172427686 42.1070065429 20.5182845287 22.2036033112 15.5241746963 15.8113883008 53.2353266168 27.892651362 27.0739727414 33.1209903234 32.5729949498 9.21954445729 8.94427191 13.4536240471 14.4222051019 18.4390889146 18.3847763109 41.6173040934 41.1460812229 12.3693168769 12.1655250606 24.1867732449 21.9317121995 14.5602197786 13.6014705087 12.1655250606 14.1421356237 14.2126704036 15.8113883008 8.60232526704 8.60232526704 27.3130005675 25.079872408 26.0768096208 27.0739727414 23.3452350599 52.3450093132 47.8016736109 
27 100.004999875 17.0 17.0293863659 27.0 19.0262975904 40.0 22.803508502 22.6715680975 18.2482875909 18.1107702763 56.0089278598 26.3058928759 27.2946881279 32.2024843762 31.7804971641 10.4403065089 9.21954445729 16.6433169771 16.4012194669 21.9544984001 20.591260282 41.1825205639 41.1825205639 15.2970585408 15.1327459504 25.0 24.8394846967 14.3178210633 16.2788205961 13.3416640641 16.2788205961 13.4536240471 18.1107702763 10.8166538264 10.295630141 29.9666481275 29.0 29.9666481275 24.0831891576 25.0 47.5078940809 46.6904701197 
84 100.124921973 17.1172427686 15.1327459504 24.1867732449 20.2237484162 40.4474968323 19.7230829233 20.5182845287 16.5529453572 16.0 49.3659801888 25.495097568 25.0199920064 34.0 28.1602556807 12.0830459736 9.21954445729 16.6433169771 15.5563491861 22.6715680975 20.6155281281 44.2944691807 38.0788655293 14.4222051019 14.0356688476 26.9258240357 22.627416998 17.1172427686 13.4536240471 8.60232526704 10.8166538264 12.2065556157 16.0 9.89949493661 8.94427191 30.2324329157 28.0713376952 28.231188427 38.0131556175 17.4642491966 56.2227711875 43.9089968002 
86 100.079968026 18.2482875909 17.0 25.079872408 21.0950231097 39.2045915678 22.2036033112 22.6715680975 15.8113883008 17.1172427686 53.0848377599 27.0739727414 27.0739727414 32.6955654485 30.4630924235 11.401754251 10.0498756211 17.2046505341 16.2788205961 19.4164878389 19.3132079158 40.249223595 38.275318418 15.2315462117 15.1327459504 26.4007575649 24.2074368738 14.3178210633 13.6014705087 12.0830459736 13.4536240471 11.6619037897 17.1172427686 11.6619037897 11.7046999107 33.6154726279 31.064449134 32.3109888428 32.0 22.0907220344 48.795491595 43.931765273 
100 96.2548700067 17.1172427686 16.0312195419 24.0831891576 17.0293863659 39.1152144312 22.825424421 22.803508502 18.973665961 19.1049731745 49.1629942131 26.1725046566 25.3179778023 32.3109888428 30.4630924235 9.8488578018 8.54400374532 15.2643375225 15.0 19.7989898732 17.88854382 39.3573373083 38.275318418 13.9283882772 15.1327459504 24.5967477525 24.0831891576 13.3416640641 12.8062484749 12.0830459736 13.4536240471 15.6204993518 19.1049731745 10.0 8.54400374532 28.0178514522 26.1725046566 26.9258240357 27.2946881279 22.0227155455 48.1663783152 43.8634243989 
196 98.7319603776 16.2788205961 15.1327459504 25.3179778023 20.0997512422 38.4707681233 19.2353840617 19.1049731745 15.6524758425 15.0332963784 48.6621002424 29.1547594742 27.0739727414 34.9284983931 30.083217913 11.401754251 9.05538513814 15.6204993518 14.1421356237 20.5182845287 19.4164878389 47.539457296 42.9418211072 14.2126704036 12.1655250606 26.2488094968 22.0227155455 16.0312195419 13.8924439894 9.48683298051 11.401754251 13.0384048104 15.0332963784 9.21954445729 8.94427191 29.4108823397 27.1661554144 26.9258240357 34.1320963318 20.8806130178 58.137767415 49.9299509313 
198 101.242283657 17.1172427686 17.0 26.0768096208 20.0249843945 39.0512483795 21.2602916255 21.2132034356 14.3178210633 15.1327459504 55.0817574157 28.0178514522 27.4590604355 31.9530906173 31.7647603485 10.1980390272 10.0498756211 18.8679622641 18.0277563773 21.4709105536 21.9317121995 40.718546143 41.3400532172 12.6491106407 13.6014705087 23.2594066992 24.6981780705 13.152946438 13.4536240471 13.6014705087 12.7279220614 12.5299640861 15.1327459504 13.9283882772 13.9283882772 30.0166620396 29.0688837075 29.7321374946 27.892651362 26.1725046566 51.4003891036 51.6236379966 
200 103.097041665 17.1172427686 15.1327459504 26.3058928759 18.2482875909 38.3275357935 19.2353840617 19.8494332413 17.0 15.0 50.6359556047 31.064449134 30.5941170816 37.947331922 34.9284983931 11.1803398875 8.24621125124 16.1245154966 14.8660687473 19.2093727123 14.8660687473 39.9249295554 39.4081209905 15.0 14.0356688476 27.8567765544 22.627416998 16.0 13.8924439894 10.7703296143 13.4536240471 12.7279220614 15.0 9.89949493661 9.21954445729 30.8058436015 28.4429253067 28.1602556807 32.7566787083 23.5372045919 53.2634959423 48.8364617883 
230 96.0832971957 18.0 17.0293863659 27.0 20.0249843945 39.0512483795 20.0 18.0277563773 17.0880074906 15.6524758425 49.0102030194 32.0156211872 30.0166620396 38.0788655293 33.9558536927 11.1803398875 9.48683298051 17.0293863659 16.6433169771 21.4709105536 20.1246117975 38.6005181312 36.6742416418 13.8924439894 13.0384048104 27.7308492477 26.0 15.2970585408 12.0415945788 12.3693168769 9.43398113206 12.8062484749 15.6524758425 11.6619037897 10.295630141 30.8706980809 29.0172362571 29.5296461205 31.2569992162 21.9317121995 52.4976189936 45.2769256907 
314 99.0807751282 17.0 17.1172427686 25.0199920064 22.0227155455 38.0131556175 20.6155281281 19.7989898732 16.4924225025 16.2788205961 52.0864665724 24.0 24.1867732449 30.083217913 30.4138126515 11.7046999107 11.401754251 17.8044938148 17.0293863659 20.2484567313 21.0237960416 44.7772263545 44.72135955 13.6014705087 14.4222051019 27.3130005675 28.6530975638 13.6014705087 8.60232526704 13.0 8.0622577483 11.1803398875 16.2788205961 10.295630141 10.8166538264 36.7695526217 36.0 36.7695526217 28.0178514522 27.0739727414 49.6789693935 48.8364617883 
431 97.0051545022 16.0312195419 16.0 26.0192236625 21.0237960416 41.0 20.8086520467 22.6715680975 18.4390889146 17.0293863659 53.0094331228 28.2842712475 28.0178514522 35.77708764 32.5729949498 12.6491106407 9.48683298051 17.8044938148 16.4012194669 24.5967477525 22.8473193176 43.0464865001 41.5932686862 14.3178210633 13.152946438 26.0768096208 22.2036033112 15.2970585408 13.4536240471 11.7046999107 12.7279220614 13.0384048104 17.0293863659 11.401754251 9.8488578018 36.7695526217 35.0 35.4682957019 30.0665927567 20.0249843945 50.9901951359 44.4072066223 
480 104.479663093 18.1107702763 18.0 24.1867732449 16.1245154966 40.049968789 21.400934559 21.2602916255 15.8113883008 14.1421356237 53.3385414124 26.0768096208 25.7099202644 31.6227766017 30.4138126515 8.94427191 8.24621125124 14.7648230602 14.2126704036 23.6008474424 21.4709105536 38.0788655293 37.4432904537 13.416407865 13.3416640641 26.0 24.6981780705 13.3416640641 11.401754251 12.5299640861 10.6301458127 13.8924439894 14.1421356237 9.21954445729 10.0 28.3019433962 26.0192236625 29.0688837075 28.8617393793 27.0739727414 50.3289181286 47.3814309619 
