Leaf
311 108.226614102 17.0 18.0277563773 29.0 23.0217288664 42.0119030752 17.691806013 16.2788205961 12.6491106407 14.7648230602 53.0 31.0 30.5941170816 37.1079506306 41.1825205639 10.295630141 15.2315462117 18.4390889146 18.6010752377 14.5602197786 21.9317121995 40.8166632639 39.9624824054 8.94427191 14.4222051019 22.4722050542 31.3209195267 10.1980390272 8.48528137424 19.1049731745 9.21954445729 10.8166538264 14.7648230602 8.24621125124 12.8062484749 17.88854382 19.4164878389 24.7588368063 22.1359436212 37.8549864615 49.2036584006 60.8769250209 
63 97.3293378175 17.1172427686 19.0 28.0178514522 20.0249843945 36.0138862107 17.2046505341 16.9705627485 13.8924439894 13.8924439894 50.0899191455 33.0151480384 33.7342555869 38.3275357935 40.249223595 9.8488578018 11.401754251 16.6433169771 17.0293863659 18.3847763109 19.2353840617 37.5765884561 38.5875627631 11.313708499 11.401754251 25.7099202644 28.8617393793 13.0384048104 8.60232526704 15.1327459504 7.81024967591 8.94427191 13.8924439894 10.295630141 10.295630141 27.7308492477 28.0178514522 31.7647603485 24.1867732449 29.1547594742 49.244289009 50.2095608425 
120 113.017697729 17.0 19.0 28.0178514522 22.0 40.0124980475 19.1049731745 18.4390889146 13.3416640641 13.0 56.0357029045 32.0624390838 31.2569992162 37.0 37.5765884561 10.4403065089 12.3693168769 21.6333076528 20.591260282 25.0 25.495097568 41.1825205639 42.0594816896 10.295630141 13.6014705087 23.769728648 29.1547594742 13.152946438 10.6301458127 15.2970585408 10.6301458127 13.0 13.0 14.3178210633 15.6524758425 33.1058907145 32.0156211872 34.4818792991 27.6586333719 38.0131556175 51.2249938995 55.3172667438 
9 108.166538264 17.0293863659 17.0293863659 26.0768096208 21.0237960416 39.0512483795 19.1049731745 18.0277563773 14.3178210633 15.6524758425 50.1597448159 31.0161248385 32.2490309932 36.4005494464 40.3112887415 9.8488578018 13.0 17.8044938148 18.0277563773 17.0880074906 19.2093727123 41.1825205639 42.4852915725 11.7046999107 14.1421356237 24.1867732449 28.4604989415 10.7703296143 9.21954445729 16.1245154966 10.0 10.7703296143 15.6524758425 9.48683298051 11.313708499 27.8567765544 29.1547594742 32.4499614792 23.769728648 37.3363094052 49.2036584006 57.9827560573 
113 110.018180316 16.1245154966 17.0 29.0172362571 22.0227155455 41.0121933088 22.2036033112 21.2602916255 16.2788205961 16.2788205961 56.0802995712 32.0156211872 32.5576411922 38.6005181312 40.249223595 11.1803398875 12.6491106407 16.4012194669 16.9705627485 17.4928556845 18.0277563773 40.7062648741 41.3400532172 14.8660687473 16.1554944214 24.1867732449 27.4590604355 13.152946438 14.4222051019 16.2788205961 15.6204993518 12.5299640861 16.2788205961 8.48528137424 9.89949493661 26.9258240357 25.0 28.3019433962 25.495097568 38.0525951809 49.2036584006 57.6281181369 
136 105.546198416 16.0312195419 17.4642491966 24.3310501212 21.2132034356 42.2965719651 22.0227155455 21.4709105536 15.0332963784 16.5529453572 51.7880295049 29.2745623366 30.0166620396 34.9284983931 37.3630833845 10.4403065089 12.5299640861 16.2788205961 16.6433169771 16.1554944214 19.8494332413 44.1021541424 45.6946386352 13.0 15.8113883008 21.2602916255 27.5136329844 10.295630141 12.0415945788 15.0332963784 13.416407865 12.3693168769 16.5529453572 8.0622577483 10.8166538264 28.4604989415 28.2842712475 30.0 20.0997512422 34.7131099154 49.040799341 58.8982172905 
174 106.301458127 17.2626765016 18.0277563773 28.2842712475 17.2626765016 39.3192065027 22.825424421 20.5182845287 18.0277563773 16.4924225025 53.7587202229 31.2569992162 30.8058436015 37.947331922 35.77708764 9.43398113206 9.21954445729 17.88854382 15.8113883008 21.6333076528 22.360679775 40.3112887415 39.4081209905 13.0 13.0 23.769728648 26.4196896272 14.0356688476 14.2126704036 14.8660687473 11.401754251 14.2126704036 16.4924225025 10.8166538264 12.0830459736 25.0 24.0831891576 25.9422435421 28.7923600978 31.7804971641 52.4309069157 55.1724568965 
184 108.041658632 18.0277563773 18.0277563773 29.0172362571 20.0 38.0131556175 19.1049731745 18.0277563773 13.9283882772 16.1245154966 52.038447325 31.4006369362 32.2490309932 37.1618083521 37.6961536499 10.4403065089 10.4403065089 16.4012194669 16.4012194669 19.3132079158 21.9544984001 41.1825205639 39.3573373083 12.5299640861 13.6014705087 26.0 27.8567765544 14.3178210633 11.313708499 15.1327459504 11.401754251 11.6619037897 16.1245154966 10.295630141 10.295630141 28.231188427 28.1602556807 31.064449134 29.1204395571 32.9848450049 54.0370243444 54.5618914628 
190 105.0428484 17.2626765016 17.0 27.1661554144 23.0867927612 39.1152144312 19.4164878389 17.8044938148 14.3178210633 15.2315462117 49.2544414241 30.0665927567 29.6141857899 36.8781778292 38.0788655293 11.6619037897 13.6014705087 20.2484567313 19.2093727123 17.7200451467 21.0950231097 38.9101529167 38.8329756779 11.401754251 14.1421356237 24.7386337537 28.7923600978 11.0453610172 8.94427191 16.4924225025 8.48528137424 11.401754251 15.2315462117 10.7703296143 12.8062484749 25.0599281723 25.079872408 30.2324329157 24.6981780705 36.4005494464 51.0 59.3969696197 
315 100.179838291 16.0 17.2626765016 26.0192236625 22.0227155455 34.1320963318 19.7989898732 18.3575597507 14.1421356237 15.2643375225 49.0917508345 31.064449134 31.064449134 37.0 38.6264158317 10.7703296143 13.0 18.4390889146 18.0277563773 19.4164878389 18.7882942281 39.3573373083 41.2310562562 10.8166538264 15.0 23.769728648 29.6141857899 10.1980390272 8.0622577483 16.0312195419 8.94427191 12.6491106407 15.2643375225 9.8488578018 11.401754251 27.3130005675 27.0739727414 27.7848879789 26.0 35.1710107901 51.8652099196 58.137767415 
415 101.493842178 18.6815416923 19.0262975904 26.1725046566 18.2482875909 39.6232255123 20.8086520467 21.2602916255 13.416407865 15.8113883008 52.1536192416 31.0161248385 32.2800247831 36.6742416418 38.0788655293 9.43398113206 10.1980390272 14.7648230602 14.8660687473 17.691806013 19.2353840617 39.8120584748 36.4005494464 11.1803398875 13.416407865 23.5372045919 27.3130005675 11.0453610172 10.8166538264 15.5241746963 12.0415945788 11.401754251 15.8113883008 8.48528137424 8.94427191 23.3238075794 23.0 26.4196896272 23.2594066992 30.083217913 50.2493781056 53.0377224247 
455 105.0 15.0332963784 18.0 23.0 20.0 39.0512483795 17.691806013 17.2046505341 14.3178210633 16.1245154966 45.0111097397 33.0605505096 33.3766385366 37.483329628 40.718546143 8.94427191 12.6491106407 17.8044938148 16.6433169771 20.3960780544 23.4307490277 45.1884941108 47.4236228055 11.401754251 15.6204993518 21.6333076528 30.4630924235 7.61577310586 8.94427191 16.2788205961 10.8166538264 9.21954445729 16.1245154966 9.21954445729 11.313708499 30.6757233004 32.14031736 36.3593179254 19.4164878389 43.0116263352 53.712196008 62.3698645181 
