Leaf
281 100.019998 15.1327459504 19.2353840617 25.3179778023 25.0199920064 40.1123422403 20.0 20.2484567313 14.0356688476 16.1245154966 52.7730992078 28.0178514522 31.0161248385 36.4005494464 39.8497176903 13.416407865 14.7648230602 19.2093727123 16.4012194669 10.0498756211 16.1245154966 41.0487515035 40.718546143 9.05538513814 12.0415945788 19.4164878389 27.6586333719 10.1980390272 11.401754251 15.1327459504 13.0384048104 13.8924439894 16.1245154966 5.83095189485 8.94427191 23.769728648 25.7099202644 29.7321374946 17.4642491966 31.0161248385 45.607017004 55.2177507691 
23 97.5141015443 18.0277563773 17.7200451467 25.079872408 20.2237484162 38.3275357935 19.1049731745 19.7230829233 13.9283882772 13.8924439894 48.2597140481 30.4138126515 29.0 36.2491379208 36.4005494464 10.4403065089 11.6619037897 14.4222051019 13.6014705087 13.0384048104 14.2126704036 41.0487515035 41.7851648316 10.4403065089 11.6619037897 22.8473193176 23.5372045919 12.3693168769 11.401754251 13.0384048104 11.401754251 12.2065556157 13.8924439894 6.40312423743 7.61577310586 24.5967477525 24.0831891576 23.6008474424 25.9615099715 25.495097568 52.4022900263 51.9711458407 
152 100.004999875 18.0277563773 18.0277563773 32.0 28.0178514522 45.0444225182 23.0217288664 22.2036033112 18.6815416923 17.7200451467 58.0086200491 30.0665927567 29.0688837075 40.3112887415 40.3112887415 15.6524758425 16.1245154966 19.7989898732 20.5182845287 16.5529453572 17.2046505341 42.7200187266 43.9089968002 14.3178210633 14.7648230602 26.83281573 27.7308492477 15.2970585408 13.4536240471 17.2626765016 14.1421356237 11.401754251 17.7200451467 8.48528137424 8.48528137424 27.7308492477 27.0185121722 29.1547594742 21.1896201004 26.4764045897 50.8035431835 53.2634959423 
161 107.079409785 17.1172427686 16.2788205961 26.4764045897 20.2237484162 42.7551166529 19.4164878389 19.2353840617 13.0384048104 15.6524758425 52.172789843 28.1602556807 29.0688837075 34.6698716467 34.7131099154 11.1803398875 10.295630141 16.4012194669 14.7648230602 16.5529453572 18.0277563773 43.4165866922 44.598206242 9.48683298051 11.313708499 22.825424421 24.5153013443 12.3693168769 10.8166538264 14.1421356237 11.6619037897 12.6491106407 15.6524758425 8.0622577483 10.295630141 26.5706605112 26.3058928759 27.0185121722 27.0185121722 29.1204395571 53.2634959423 54.083269132 
236 96.0052081921 17.0293863659 17.1172427686 24.0208242989 20.0249843945 45.0 19.7989898732 18.3847763109 13.3416640641 11.7046999107 51.0 28.0 28.2842712475 33.2415402772 36.2491379208 9.8488578018 12.0830459736 16.4012194669 17.2046505341 16.4012194669 20.5182845287 45.6179789118 48.0208288142 11.0453610172 12.0830459736 20.591260282 23.769728648 10.1980390272 12.7279220614 14.0356688476 13.4536240471 10.295630141 11.7046999107 8.60232526704 10.6301458127 28.1780056072 27.0185121722 28.1780056072 20.0997512422 26.0192236625 49.6487663492 53.0377224247 
264 97.1287804927 16.0312195419 16.0312195419 26.0192236625 22.0227155455 41.1096095822 21.2602916255 22.2036033112 17.1172427686 17.2626765016 53.0848377599 30.0665927567 30.0665927567 36.0555127546 37.6961536499 10.7703296143 13.0 16.2788205961 17.0293863659 15.6524758425 16.9705627485 42.7200187266 42.9534631898 13.0384048104 13.6014705087 22.0227155455 23.3238075794 11.401754251 14.1421356237 15.1327459504 15.5563491861 13.4536240471 17.2626765016 8.94427191 9.89949493661 29.7321374946 30.2654919008 32.7566787083 20.2484567313 30.2654919008 49.6487663492 53.9073278878 
354 99.4082491547 16.0312195419 16.1245154966 25.079872408 23.0867927612 45.0998891351 20.0 21.9317121995 17.4642491966 19.3132079158 46.389654019 28.1602556807 28.0178514522 34.4383507154 34.4818792991 12.3693168769 12.0830459736 15.6204993518 16.2788205961 17.4928556845 19.1049731745 42.201895692 42.0594816896 14.5602197786 15.2315462117 25.0 25.0599281723 13.0 12.0415945788 13.3416640641 13.0384048104 10.6301458127 19.3132079158 8.48528137424 8.60232526704 26.4007575649 25.179356624 28.0178514522 24.0 26.1725046566 48.1040538832 50.3289181286 
397 101.019800039 16.0 18.0 24.0 21.0 44.0 19.7989898732 18.3847763109 14.1421356237 13.9283882772 51.0098029794 26.0 26.1725046566 31.3209195267 33.5410196625 9.8488578018 12.6491106407 15.6204993518 13.4536240471 13.8924439894 20.0 47.4130783645 47.4130783645 9.05538513814 10.0 19.2353840617 25.2982212813 9.21954445729 10.6301458127 15.1327459504 10.8166538264 10.295630141 13.9283882772 5.83095189485 10.295630141 25.079872408 26.1725046566 29.4108823397 19.1049731745 31.064449134 49.6487663492 54.4518135602 
436 96.0832971957 16.1245154966 17.0293863659 24.0831891576 23.0217288664 46.0977222865 16.2788205961 17.691806013 11.1803398875 13.0 47.0106370942 30.0665927567 29.1547594742 35.902646142 36.6742416418 11.1803398875 13.6014705087 17.0293863659 16.9705627485 12.0415945788 18.6010752377 47.9270278653 49.0917508345 8.94427191 12.0415945788 20.8806130178 26.2488094968 9.05538513814 8.60232526704 15.2970585408 9.21954445729 9.43398113206 13.0 7.81024967591 9.89949493661 27.7308492477 30.0166620396 34.0 18.3847763109 27.0185121722 51.4295634825 55.8659108939 
473 99.7246208316 15.8113883008 18.0 26.1725046566 20.0997512422 42.2965719651 22.8473193176 20.6155281281 17.0880074906 16.7630546142 48.6621002424 30.0166620396 29.8328677804 34.9284983931 35.8468966579 9.8488578018 11.1803398875 17.0 17.691806013 15.6204993518 16.4012194669 45.6179789118 42.1900462195 13.6014705087 13.9283882772 20.6155281281 26.4196896272 12.0415945788 14.4222051019 14.5602197786 12.7279220614 16.1245154966 16.7630546142 10.8166538264 10.7703296143 21.9544984001 23.0217288664 25.2388589282 22.2036033112 28.1602556807 56.3560112144 55.3172667438 
487 99.0454441153 17.1172427686 17.0 26.0192236625 23.0217288664 43.1045241245 16.9705627485 14.8660687473 11.1803398875 13.0384048104 48.0416485979 29.0688837075 29.4278779391 34.9284983931 37.5898922584 11.1803398875 13.6014705087 15.5563491861 15.6204993518 11.6619037897 18.4390889146 44.598206242 48.0104155366 8.0622577483 14.2126704036 21.5870331449 29.4108823397 9.05538513814 7.81024967591 17.1172427686 9.21954445729 9.8488578018 13.0384048104 6.40312423743 9.43398113206 29.0688837075 29.0688837075 30.083217913 17.7200451467 29.0688837075 48.754486973 56.8506816142 
