Leaf
71 107.228727494 18.0277563773 17.1172427686 29.0688837075 19.1049731745 53.2353266168 22.803508502 23.3238075794 19.4164878389 18.6815416923 55.1452627158 31.0161248385 29.0172362571 37.2021504755 32.7566787083 11.0453610172 8.54400374532 11.401754251 13.4536240471 26.0768096208 16.2788205961 50.2493781056 46.0977222865 16.1554944214 14.1421356237 28.8444102037 22.4722050542 18.6815416923 15.6204993518 11.401754251 14.2126704036 17.2046505341 18.6815416923 11.6619037897 6.40312423743 28.1780056072 26.0768096208 26.6270539114 28.0713376952 18.0277563773 58.0086200491 49.6487663492 
19 105.233074649 18.0 19.1049731745 29.0172362571 18.0277563773 48.0416485979 22.6715680975 23.8537208838 17.2626765016 18.973665961 57.1401785086 28.6356421266 28.4429253067 34.4383507154 34.9284983931 9.48683298051 9.8488578018 13.4536240471 12.8062484749 18.4390889146 19.4164878389 44.4072066223 43.9089968002 15.1327459504 16.4924225025 25.0 26.9258240357 14.5602197786 16.2788205961 15.2970585408 17.0293863659 14.8660687473 18.973665961 7.81024967591 8.60232526704 25.0599281723 23.0867927612 25.8069758011 22.0907220344 24.3310501212 50.2493781056 51.8555686499 
17 110.22250224 20.2237484162 20.0249843945 30.0665927567 17.0293863659 44.0454310911 23.8537208838 24.2074368738 18.3847763109 18.6815416923 58.0775343829 34.3656805549 33.9558536927 40.4969134626 39.3954312072 9.8488578018 8.54400374532 15.8113883008 14.4222051019 20.5182845287 20.6155281281 41.6773319683 41.0487515035 13.9283882772 13.3416640641 26.9258240357 25.9422435421 15.0332963784 15.6204993518 15.2970585408 15.6204993518 16.4012194669 18.6815416923 10.0 9.43398113206 23.6008474424 22.0227155455 23.8537208838 30.8706980809 29.1547594742 58.412327466 56.0802995712 
1 108.664621658 19.2353840617 18.1107702763 28.1602556807 22.0907220344 49.2544414241 21.9544984001 21.2602916255 17.88854382 16.1245154966 55.5787729264 30.0 29.6141857899 36.6878726557 36.235341864 12.0830459736 11.401754251 16.6433169771 17.691806013 24.7588368063 21.9317121995 50.537115074 47.7074417675 13.6014705087 13.152946438 28.1602556807 25.0 16.1245154966 12.0415945788 13.0 12.8062484749 14.1421356237 16.1245154966 12.0415945788 10.8166538264 28.0178514522 26.0768096208 27.7308492477 26.4764045897 25.0199920064 58.6003412959 54.4885309033 
20 111.04053314 18.0277563773 18.0277563773 30.0 25.0199920064 47.0425339454 22.803508502 22.2036033112 19.4164878389 17.7200451467 57.0 30.2654919008 29.0172362571 35.77708764 34.9284983931 12.1655250606 13.3416640641 18.3847763109 18.4390889146 20.591260282 20.8086520467 49.244289009 50.537115074 13.6014705087 14.3178210633 26.0768096208 26.83281573 15.1327459504 15.5563491861 15.1327459504 14.2126704036 15.6204993518 17.7200451467 11.1803398875 12.2065556157 26.9258240357 26.0 25.5538646784 26.3058928759 28.0713376952 56.8506816142 57.3846669416 
30 103.019415646 17.0293863659 16.0312195419 24.0 23.0217288664 45.0111097397 22.4722050542 22.803508502 18.6815416923 17.1172427686 50.0099990002 30.4138126515 29.2745623366 38.4707681233 34.5253530033 13.6014705087 11.1803398875 18.4390889146 18.6010752377 22.6715680975 18.3847763109 51.1077293567 48.8466989673 17.88854382 15.1327459504 29.1547594742 22.803508502 16.4924225025 14.4222051019 8.94427191 12.5299640861 13.0384048104 17.1172427686 12.0415945788 9.8488578018 34.4383507154 32.0156211872 30.083217913 34.1320963318 18.0277563773 60.9590026165 52.7730992078 
54 110.7655181 20.0997512422 19.2353840617 29.1547594742 19.2353840617 49.4974746831 24.0416305603 24.1867732449 19.2353840617 19.3132079158 58.4208866759 29.1547594742 27.0185121722 35.6089876295 31.7804971641 11.0453610172 8.94427191 12.8062484749 14.2126704036 24.0831891576 19.7989898732 48.1663783152 46.2385120868 15.2970585408 14.5602197786 28.6006992922 25.495097568 16.7630546142 16.4012194669 13.152946438 15.0 15.2643375225 19.3132079158 10.6301458127 7.81024967591 27.3130005675 25.179356624 25.8069758011 29.1547594742 23.3452350599 57.4282160614 51.3127664427 
82 107.377837564 16.2788205961 17.0293863659 30.0665927567 23.0217288664 49.0917508345 18.8679622641 19.7989898732 14.3178210633 15.2970585408 54.1479454827 32.0 31.7804971641 38.6005181312 39.8246155035 12.0830459736 12.6491106407 18.4390889146 17.0293863659 17.691806013 20.5182845287 48.3321838944 50.219518118 13.0384048104 12.6491106407 24.3515913238 24.6981780705 14.0356688476 12.2065556157 16.2788205961 15.0 12.8062484749 15.2970585408 10.0 10.6301458127 31.4006369362 29.1547594742 30.8706980809 26.5706605112 28.0713376952 56.9385633819 58.6941223633 
88 112.004464197 19.1049731745 19.0262975904 28.0178514522 20.0 43.0 23.8537208838 24.0416305603 18.973665961 16.1245154966 58.137767415 33.7342555869 32.0156211872 40.249223595 36.4005494464 11.401754251 9.48683298051 15.8113883008 17.0293863659 21.9317121995 17.88854382 45.7930125674 43.382023927 15.2315462117 14.0 27.7308492477 23.0217288664 18.1107702763 16.9705627485 10.4403065089 14.8660687473 15.6204993518 16.1245154966 11.313708499 9.8488578018 27.7848879789 26.0 26.9258240357 34.1320963318 24.6981780705 59.4642749893 53.0 
155 110.018180316 16.0312195419 16.0312195419 28.0178514522 24.0208242989 44.0454310911 22.0227155455 22.2036033112 18.1107702763 17.2626765016 55.0363516233 31.1448230048 31.0161248385 37.1618083521 37.3363094052 12.3693168769 12.6491106407 17.691806013 18.4390889146 21.4709105536 20.591260282 45.2769256907 46.0651712251 14.5602197786 14.5602197786 25.0 23.8537208838 14.1421356237 15.6204993518 14.0356688476 16.4012194669 13.6014705087 17.2626765016 10.8166538264 10.8166538264 31.7647603485 30.0 30.4138126515 32.2490309932 29.4278779391 57.2800139665 56.0802995712 
207 112.160599142 18.4390889146 18.0277563773 26.0768096208 23.0867927612 49.1629942131 24.1867732449 24.2074368738 18.0277563773 18.2482875909 53.1507290637 32.0 32.14031736 39.8497176903 38.6264158317 13.416407865 11.7046999107 16.4012194669 17.0293863659 19.2093727123 17.8044938148 49.7393204618 45.7930125674 15.2315462117 15.2970585408 26.0 25.2388589282 14.1421356237 14.4222051019 12.6491106407 14.2126704036 14.8660687473 18.2482875909 9.43398113206 7.21110255093 25.5538646784 26.0192236625 28.3019433962 26.5706605112 28.8617393793 60.0 58.137767415 
223 105.004761797 17.0293863659 17.0 26.0 19.0262975904 38.0131556175 24.2074368738 24.0831891576 18.1107702763 18.0277563773 57.008771255 30.5941170816 31.0161248385 37.5765884561 35.4400902933 10.7703296143 9.48683298051 17.4928556845 17.2046505341 21.6333076528 19.3132079158 47.0106370942 46.0977222865 17.4642491966 14.5602197786 28.3019433962 25.2388589282 14.3178210633 14.7648230602 12.3693168769 13.6014705087 14.5602197786 18.0277563773 12.2065556157 10.7703296143 28.6530975638 28.0178514522 27.7308492477 34.0587727319 25.7099202644 58.0 54.6443043693 
328 107.912001186 18.0277563773 18.2482875909 29.1547594742 22.0907220344 45.1774279923 26.1725046566 24.6981780705 19.0262975904 18.6815416923 61.2943716829 29.8328677804 30.0 36.7151195014 36.6878726557 11.401754251 12.0830459736 17.0293863659 15.8113883008 17.0 19.8494332413 48.0104155366 46.2385120868 18.0 18.3847763109 26.1725046566 28.6530975638 13.9283882772 18.3847763109 16.1245154966 17.4928556845 15.2315462117 18.6815416923 8.94427191 10.6301458127 24.6981780705 24.5153013443 27.6586333719 23.0 28.4429253067 53.0377224247 55.2177507691 
409 113.110565377 19.0262975904 17.2626765016 26.0768096208 20.0997512422 45.0111097397 25.0 26.0768096208 19.4164878389 19.2353840617 55.1452627158 28.8617393793 28.0178514522 34.1320963318 32.0156211872 11.0453610172 9.48683298051 14.1421356237 15.6204993518 20.5182845287 18.0277563773 44.1021541424 43.4165866922 16.4924225025 16.1245154966 27.4590604355 23.0217288664 15.5241746963 16.2788205961 11.1803398875 16.6433169771 19.1049731745 19.2353840617 10.0 9.43398113206 30.2324329157 27.0739727414 26.83281573 38.1182371051 22.8473193176 60.440052945 52.1536192416 
411 112.53888217 20.0997512422 18.0277563773 29.1547594742 21.0950231097 42.1900462195 23.6008474424 24.0831891576 18.0277563773 17.0 61.2943716829 33.2415402772 32.2490309932 39.9249295554 36.7695526217 11.7046999107 10.1980390272 17.4928556845 17.691806013 21.2132034356 18.0277563773 46.0977222865 44.418464629 13.416407865 14.0356688476 27.8567765544 22.6715680975 18.0 16.9705627485 11.401754251 16.2788205961 15.8113883008 17.0 11.401754251 10.4403065089 33.8378486314 31.2569992162 30.3644529014 38.2099463491 24.5153013443 60.1082357086 53.2634959423 
426 101.004950374 18.0 17.0293863659 24.0208242989 22.0227155455 44.1021541424 22.0227155455 21.9317121995 17.4642491966 15.1327459504 53.0377224247 29.2745623366 29.0688837075 36.6742416418 32.9848450049 12.6491106407 10.4403065089 16.6433169771 18.3847763109 23.4307490277 17.4642491966 50.537115074 46.9574275275 14.3178210633 14.0 27.2946881279 21.400934559 16.2788205961 14.1421356237 8.94427191 12.8062484749 14.3178210633 15.1327459504 12.7279220614 10.4403065089 32.6496554346 31.064449134 31.0161248385 33.2415402772 19.6468827044 58.0517010948 52.4785670536 
457 104.307238483 19.0 17.1172427686 30.1496268634 22.2036033112 45.3982378513 21.9317121995 22.2036033112 16.4924225025 16.4924225025 58.2151183113 34.205262753 33.0151480384 41.6773319683 40.0249921924 12.3693168769 11.6619037897 14.8660687473 17.0293863659 19.7989898732 14.2126704036 46.8614980554 44.598206242 13.8924439894 11.1803398875 28.6356421266 21.0237960416 18.2482875909 14.2126704036 12.0 14.8660687473 15.6524758425 16.4924225025 10.6301458127 7.07106781187 31.0161248385 28.1602556807 26.9258240357 29.1547594742 21.4709105536 60.207972894 52.3259018078 
