Leaf
363 90.0499861188 16.1245154966 16.0 26.0192236625 20.0 44.0 25.0599281723 23.8537208838 20.3960780544 20.2237484162 51.0881590978 23.0 22.803508502 27.5136329844 30.2324329157 9.48683298051 11.401754251 13.6014705087 12.0415945788 15.0 19.2093727123 39.8246155035 43.0116263352 16.0312195419 15.1327459504 22.0227155455 23.4307490277 11.401754251 16.4012194669 15.5241746963 17.0293863659 17.0 20.2237484162 6.40312423743 9.43398113206 18.4390889146 17.0293863659 18.6010752377 17.0880074906 21.0 44.9444101085 47.3814309619 
244 91.6624241442 17.0 18.4390889146 25.3179778023 19.2353840617 47.3814309619 23.4307490277 25.495097568 18.1107702763 20.2484567313 51.7880295049 24.5153013443 25.0199920064 30.886890423 32.5729949498 10.4403065089 10.8166538264 14.4222051019 13.0384048104 18.8679622641 22.2036033112 45.0 46.5188133985 15.0 16.1554944214 22.6715680975 26.4007575649 13.0384048104 13.6014705087 14.3178210633 14.4222051019 13.4536240471 20.2484567313 7.07106781187 9.48683298051 25.079872408 24.1867732449 25.8069758011 19.0262975904 20.0249843945 47.3814309619 47.2016948848 
4 94.0478601564 16.0312195419 17.1172427686 25.0 15.0 40.0 26.4007575649 25.2388589282 20.0 19.2353840617 55.0 23.3452350599 23.769728648 27.3130005675 28.6530975638 7.28010988928 8.24621125124 12.8062484749 12.2065556157 17.2046505341 20.5182845287 36.3593179254 37.4432904537 17.2626765016 18.0 20.6155281281 23.3452350599 12.0830459736 18.4390889146 14.8660687473 19.1049731745 16.4012194669 19.2353840617 8.0622577483 9.89949493661 23.769728648 23.0217288664 25.0599281723 20.0 24.0208242989 41.7252920901 44.687805943 
7 94.0212741883 15.0332963784 16.1245154966 26.0192236625 17.0293863659 39.0128184063 19.1049731745 21.0950231097 15.1327459504 16.7630546142 50.2493781056 26.0768096208 26.9258240357 30.3644529014 34.4818792991 7.61577310586 10.7703296143 15.0 15.2643375225 16.1554944214 21.9317121995 39.8120584748 43.0464865001 11.0 15.6524758425 19.2093727123 25.9422435421 10.7703296143 12.2065556157 16.2788205961 14.2126704036 11.313708499 16.7630546142 8.54400374532 11.313708499 22.360679775 22.0227155455 24.1867732449 18.0277563773 27.0185121722 46.1410879802 51.6623654124 
29 88.955044826 14.0356688476 13.3416640641 26.3058928759 19.2353840617 37.6563407675 21.9317121995 21.9544984001 16.1245154966 16.1245154966 53.600373133 27.6586333719 28.0178514522 33.1209903234 34.4818792991 10.1980390272 10.295630141 16.2788205961 15.6524758425 15.8113883008 17.0293863659 38.6005181312 40.4969134626 16.0 16.1554944214 22.0227155455 22.4722050542 13.0 16.2788205961 14.0356688476 16.1245154966 10.1980390272 16.1245154966 9.48683298051 9.89949493661 26.5706605112 25.3179778023 27.0185121722 22.0907220344 25.495097568 45.9673797382 46.872166581 
142 90.3548559846 16.1245154966 17.0293863659 23.0217288664 17.0293863659 42.1070065429 19.4164878389 19.1049731745 14.8660687473 15.5241746963 47.0956473573 21.0950231097 22.4722050542 24.5153013443 29.206163733 7.61577310586 10.1980390272 12.7279220614 11.313708499 16.1245154966 23.3452350599 39.3954312072 42.0119030752 12.1655250606 13.6014705087 20.591260282 25.2388589282 9.8488578018 10.6301458127 14.8660687473 12.8062484749 10.6301458127 15.5241746963 5.83095189485 9.43398113206 19.7230829233 20.0 23.3238075794 15.1327459504 23.769728648 40.8166632639 45.8039299624 
167 89.5600357302 15.1327459504 14.0356688476 22.0227155455 19.0262975904 39.0512483795 20.6155281281 21.4709105536 18.1107702763 18.4390889146 45.1774279923 24.5153013443 24.0831891576 30.886890423 28.8617393793 10.4403065089 9.8488578018 14.1421356237 14.2126704036 20.0 17.0 46.3249392876 43.3243580449 14.8660687473 15.2315462117 25.6124969497 23.8537208838 13.9283882772 12.0415945788 9.8488578018 10.4403065089 13.8924439894 18.4390889146 8.48528137424 7.81024967591 26.9258240357 26.1725046566 27.4590604355 23.769728648 21.3775583264 47.4236228055 47.8852795753 
205 100.079968026 17.0 18.1107702763 29.0172362571 16.0312195419 42.1070065429 20.6155281281 21.6333076528 16.4924225025 17.0880074906 54.083269132 26.2488094968 25.495097568 30.5286750449 29.9666481275 8.0622577483 8.24621125124 12.7279220614 12.2065556157 18.8679622641 21.2602916255 37.4432904537 39.9624824054 13.3416640641 14.3178210633 23.8537208838 26.4007575649 14.8660687473 13.6014705087 15.5241746963 12.7279220614 14.1421356237 17.0880074906 8.0622577483 9.89949493661 23.3238075794 21.0237960416 24.4131112315 24.1867732449 24.0831891576 45.9673797382 47.4236228055 
250 93.9042065085 17.2626765016 17.0293863659 26.3058928759 18.1107702763 46.0977222865 22.8473193176 22.803508502 19.6977156036 19.2353840617 49.4974746831 27.0185121722 25.9615099715 32.5729949498 31.384709653 9.8488578018 9.21954445729 12.0415945788 12.2065556157 19.4164878389 16.9705627485 41.1825205639 42.0119030752 15.2315462117 15.1327459504 25.495097568 24.8394846967 13.152946438 13.8924439894 14.3178210633 14.2126704036 15.6524758425 19.2353840617 8.0622577483 7.07106781187 23.3452350599 20.2237484162 21.4709105536 21.9317121995 20.0997512422 49.9299509313 47.3814309619 
261 92.0489000477 17.0293863659 16.0312195419 27.0185121722 20.0249843945 35.0142828 24.2074368738 23.3452350599 18.1107702763 18.0 58.0775343829 23.1948270095 23.3452350599 28.1780056072 27.7848879789 10.1980390272 10.0498756211 15.6204993518 14.8660687473 18.7882942281 18.3847763109 34.885527085 35.5105618091 18.2482875909 18.1107702763 26.2488094968 26.1725046566 14.5602197786 17.8044938148 13.9283882772 17.0293863659 11.6619037897 18.0 10.295630141 10.8166538264 24.4131112315 21.0950231097 23.7065391823 27.1661554144 23.0867927612 45.2769256907 43.1856457634 
285 91.2688336728 15.0332963784 15.0332963784 24.1867732449 19.1049731745 34.3656805549 22.803508502 20.591260282 19.0262975904 17.7200451467 48.0936586256 26.6833281283 27.0185121722 33.1209903234 32.9848450049 10.4403065089 10.295630141 16.2788205961 14.7648230602 17.7200451467 17.2046505341 36.0555127546 37.6961536499 13.152946438 12.6491106407 22.0227155455 21.9544984001 12.6491106407 13.4536240471 12.0415945788 13.6014705087 13.4536240471 17.7200451467 7.61577310586 9.21954445729 23.7065391823 23.0867927612 23.8537208838 26.9258240357 22.4722050542 48.1040538832 46.6476151588 
308 84.0238061504 13.0 14.0356688476 24.0 17.0293863659 36.0 21.6333076528 20.8086520467 18.0277563773 18.1107702763 48.0104155366 24.0208242989 25.7099202644 30.3644529014 32.6496554346 9.43398113206 9.8488578018 16.1245154966 15.8113883008 20.6155281281 21.0950231097 38.4837628098 40.3112887415 16.0312195419 15.1327459504 21.2602916255 22.627416998 10.7703296143 15.0 14.5602197786 16.2788205961 10.6301458127 18.1107702763 9.43398113206 10.0 25.5538646784 24.0 26.0768096208 20.8806130178 28.1602556807 45.2769256907 49.5176736126 
467 95.0473566176 16.0312195419 15.0 25.0199920064 21.0237960416 41.0121933088 22.2036033112 22.803508502 17.2626765016 18.0277563773 52.0096144958 25.0199920064 25.179356624 31.9530906173 32.2024843762 11.1803398875 11.7046999107 15.5563491861 14.1421356237 15.2643375225 17.691806013 39.3573373083 41.0487515035 13.3416640641 14.5602197786 22.4722050542 23.6008474424 12.1655250606 14.2126704036 13.3416640641 14.2126704036 11.313708499 18.0277563773 6.40312423743 8.60232526704 24.6981780705 23.0217288664 25.5538646784 21.3775583264 27.0185121722 45.8039299624 49.5176736126 
