Leaf
433 98.3259884263 17.1172427686 17.0293863659 28.1602556807 27.0739727414 54.083269132 15.6204993518 16.4012194669 12.2065556157 11.7046999107 51.2445119013 28.0178514522 27.0739727414 36.0555127546 34.885527085 14.3178210633 14.5602197786 19.1049731745 18.4390889146 18.0277563773 16.2788205961 50.0899191455 52.8015151298 10.8166538264 9.89949493661 26.3058928759 25.2982212813 15.0332963784 9.21954445729 13.152946438 7.81024967591 12.0830459736 11.7046999107 9.89949493661 10.6301458127 27.0185121722 25.3179778023 25.079872408 22.0227155455 19.1049731745 52.2015325446 53.0377224247 
18 102.961157725 18.4390889146 18.2482875909 26.3058928759 23.3452350599 53.600373133 20.0 20.591260282 16.1245154966 17.0 52.9528091795 27.6586333719 27.1661554144 35.8468966579 35.902646142 12.6491106407 13.6014705087 17.8044938148 17.4928556845 17.8044938148 21.4709105536 51.7397332811 50.6951674225 12.3693168769 13.4536240471 26.4007575649 27.892651362 13.416407865 10.8166538264 14.1421356237 9.43398113206 11.401754251 17.0 8.48528137424 9.8488578018 27.2029410175 25.7099202644 28.319604517 18.4390889146 22.5610283454 52.3450093132 55.5697759578 
31 105.019045892 18.0277563773 19.0 29.0172362571 24.0 51.0 19.2093727123 19.8494332413 17.0880074906 16.1554944214 54.0092584656 28.1602556807 27.0739727414 35.3411940941 34.0147027034 12.6491106407 12.6491106407 17.691806013 16.2788205961 19.1049731745 19.7989898732 47.5078940809 49.0917508345 12.2065556157 12.2065556157 27.3130005675 27.8567765544 15.1327459504 11.313708499 14.3178210633 9.89949493661 13.0384048104 16.1554944214 9.89949493661 10.6301458127 27.7848879789 26.0192236625 28.1780056072 24.0831891576 20.0 53.9073278878 51.8555686499 
67 101.019800039 18.0277563773 18.1107702763 28.0 22.0227155455 48.0 21.9317121995 20.6155281281 15.2970585408 14.8660687473 56.0 25.079872408 26.3058928759 30.4630924235 32.2490309932 10.4403065089 12.1655250606 16.2788205961 15.5563491861 18.0277563773 21.2602916255 48.3011387029 50.2493781056 13.152946438 13.9283882772 23.3238075794 25.495097568 13.3416640641 14.8660687473 15.2970585408 14.1421356237 12.8062484749 14.8660687473 10.0 11.313708499 25.495097568 26.0192236625 27.4590604355 21.5870331449 25.0199920064 54.6443043693 53.7587202229 
68 98.0459076147 17.1172427686 18.0 28.0 27.0185121722 49.0102030194 23.6008474424 23.3452350599 17.2626765016 17.1172427686 58.0344725142 25.0199920064 26.0 32.2024843762 32.2024843762 13.6014705087 14.3178210633 18.4390889146 17.0293863659 21.6333076528 18.8679622641 46.3249392876 46.6476151588 15.5241746963 14.1421356237 24.6981780705 24.4131112315 15.2970585408 16.2788205961 13.3416640641 15.5563491861 13.6014705087 17.1172427686 9.21954445729 10.6301458127 23.6008474424 21.0 22.2036033112 20.8806130178 22.360679775 53.0094331228 52.6307894678 
195 94.3398113206 16.1245154966 15.0332963784 28.0713376952 22.0907220344 50.1597448159 20.6155281281 19.7989898732 14.3178210633 15.0332963784 55.1452627158 25.0 25.7099202644 32.5729949498 34.1320963318 11.6619037897 12.6491106407 17.8044938148 16.2788205961 18.3847763109 21.2132034356 50.1597448159 51.6139516023 12.5299640861 13.8924439894 23.769728648 25.5538646784 13.152946438 11.401754251 15.5241746963 11.313708499 10.1980390272 15.0332963784 8.48528137424 10.6301458127 29.6816441593 28.1602556807 28.7923600978 18.0277563773 19.9248588452 50.6063237155 50.2095608425 
301 97.1853898485 17.2626765016 18.0277563773 24.0831891576 24.0831891576 53.0848377599 19.2093727123 19.7989898732 13.0 13.6014705087 50.0899191455 25.079872408 25.079872408 32.5729949498 32.2024843762 13.416407865 12.6491106407 16.2788205961 16.4012194669 18.4390889146 19.8494332413 49.6487663492 50.8035431835 9.8488578018 11.1803398875 21.8403296678 24.6981780705 12.1655250606 10.6301458127 12.6491106407 9.21954445729 10.295630141 13.6014705087 8.94427191 8.60232526704 26.0768096208 25.0199920064 26.83281573 19.2353840617 20.0249843945 52.697248505 53.7587202229 
394 94.0053189984 17.0293863659 17.0293863659 25.079872408 23.0 49.0 19.1049731745 17.8044938148 13.6014705087 14.3178210633 49.040799341 26.0768096208 28.0 33.1058907145 33.8378486314 12.6491106407 11.7046999107 16.2788205961 15.5563491861 18.4390889146 19.7989898732 51.4781507049 51.0 13.0 11.401754251 24.5967477525 25.2982212813 12.3693168769 11.401754251 13.0384048104 10.0 10.7703296143 14.3178210633 8.60232526704 9.21954445729 29.0688837075 29.0172362571 30.886890423 18.0277563773 22.0227155455 51.8652099196 52.8015151298 
395 97.1853898485 16.1245154966 17.1172427686 25.079872408 23.0867927612 49.1629942131 19.4164878389 19.8494332413 14.8660687473 15.1327459504 51.2445119013 25.0199920064 25.179356624 31.6227766017 31.7647603485 12.0830459736 12.3693168769 17.8044938148 16.9705627485 21.2602916255 21.6333076528 52.3927475897 52.1536192416 13.0384048104 12.1655250606 24.6981780705 23.6008474424 14.1421356237 11.401754251 11.7046999107 12.0415945788 11.6619037897 15.1327459504 10.0 11.401754251 31.9061122671 31.1448230048 31.384709653 20.0997512422 19.1049731745 49.9299509313 51.2249938995 
396 95.2575456329 16.0312195419 16.1245154966 28.1602556807 20.0249843945 45.0998891351 21.9317121995 20.8086520467 17.0293863659 15.5241746963 55.1452627158 25.7099202644 27.0739727414 32.2490309932 33.2415402772 10.4403065089 10.7703296143 16.2788205961 15.8113883008 19.7230829233 21.2132034356 46.6476151588 47.853944456 15.2970585408 15.2315462117 24.8394846967 25.0599281723 13.9283882772 14.1421356237 15.1327459504 15.0 10.7703296143 15.5241746963 9.43398113206 10.6301458127 30.8706980809 29.0688837075 30.5286750449 22.0227155455 22.2036033112 50.6063237155 51.8652099196 
429 99.0807751282 16.0312195419 16.0312195419 28.0713376952 21.0237960416 50.0399840128 20.0 19.7989898732 15.5241746963 15.1327459504 54.1479454827 29.1547594742 28.2842712475 36.7695526217 34.9284983931 12.0830459736 10.7703296143 17.2046505341 17.0293863659 20.8086520467 17.691806013 53.66563146 52.8393792545 13.8924439894 13.6014705087 25.495097568 24.4131112315 15.0332963784 13.6014705087 13.3416640641 13.4536240471 13.0 15.1327459504 11.313708499 10.0 29.6816441593 28.0713376952 27.7308492477 24.0208242989 19.0262975904 55.6057550978 53.8237865632 
450 103.0 17.0 18.0 25.0 22.0 45.0111097397 19.1049731745 19.1049731745 14.5602197786 14.8660687473 51.0 25.0199920064 25.079872408 31.384709653 31.7804971641 11.7046999107 11.7046999107 17.0293863659 17.0293863659 21.4709105536 22.2036033112 49.6588360717 51.8844870843 11.6619037897 12.5299640861 25.079872408 26.4007575649 12.6491106407 8.48528137424 13.6014705087 9.89949493661 12.5299640861 14.8660687473 10.0 10.6301458127 27.2946881279 27.0 27.7848879789 23.0867927612 28.0 53.8237865632 57.3846669416 
