Leaf
5 106.677082825 17.0293863659 21.3775583264 24.3310501212 14.1421356237 37.2155881319 23.4307490277 25.495097568 19.1049731745 21.4709105536 50.8035431835 28.1602556807 30.8058436015 30.3644529014 36.2491379208 6.0827625303 8.54400374532 11.401754251 13.0384048104 20.3960780544 26.1725046566 38.9486841883 42.0475920833 14.1421356237 16.1245154966 21.2132034356 30.6757233004 8.0622577483 13.4536240471 17.0 16.6433169771 17.4928556845 21.4709105536 8.54400374532 9.21954445729 22.803508502 24.7386337537 29.7321374946 20.1246117975 46.389654019 48.0208288142 65.2993108693 
119 97.0206163658 14.0356688476 16.0312195419 26.0 18.0277563773 32.0 25.079872408 25.495097568 22.360679775 22.5610283454 47.0 28.0178514522 29.8328677804 32.2800247831 35.3553390593 8.54400374532 10.1980390272 13.0384048104 14.8660687473 20.8806130178 20.6155281281 34.4383507154 35.3553390593 18.2482875909 20.2484567313 24.0416305603 29.206163733 11.7046999107 16.1245154966 15.5241746963 17.0 15.2315462117 22.5610283454 8.60232526704 8.0622577483 20.6155281281 22.0907220344 25.0 21.4709105536 39.1152144312 44.9444101085 53.600373133 
101 101.019800039 17.1172427686 17.0293863659 26.0 17.0 39.0128184063 23.0217288664 23.3238075794 17.4642491966 19.6468827044 51.0098029794 29.0688837075 29.8328677804 33.5261092285 35.77708764 8.54400374532 9.48683298051 15.2643375225 15.8113883008 17.4928556845 20.6155281281 40.7062648741 40.3112887415 14.0356688476 16.1554944214 21.6333076528 26.9258240357 10.7703296143 13.4536240471 16.4924225025 14.8660687473 14.2126704036 19.6468827044 9.43398113206 10.0 26.83281573 27.0739727414 30.8058436015 23.2594066992 35.5105618091 50.2493781056 55.1543289326 
144 104.120122935 15.0 16.1245154966 25.0199920064 20.0 37.0 23.6008474424 24.1867732449 19.0262975904 19.4164878389 51.0881590978 29.0172362571 30.5941170816 32.0156211872 36.235341864 9.21954445729 11.1803398875 15.8113883008 17.0293863659 16.2788205961 21.2602916255 39.8246155035 39.3573373083 16.0312195419 18.3847763109 21.2602916255 27.4590604355 9.21954445729 17.2046505341 16.0312195419 18.3575597507 12.2065556157 19.4164878389 10.295630141 11.1803398875 21.1896201004 23.5372045919 28.4253408071 20.6155281281 40.1995024845 47.7074417675 58.8982172905 
173 107.563934476 18.0277563773 19.2353840617 27.0739727414 18.1107702763 33.1360830516 23.3452350599 22.360679775 18.1107702763 19.2353840617 53.2353266168 30.4138126515 30.2654919008 34.5398320783 36.7695526217 8.24621125124 10.7703296143 15.8113883008 17.4928556845 21.3775583264 22.825424421 38.0788655293 38.6264158317 15.0332963784 17.4928556845 24.8394846967 30.4630924235 12.0830459736 14.1421356237 16.2788205961 13.8924439894 12.8062484749 19.2353840617 11.401754251 11.1803398875 25.2982212813 26.4764045897 30.61045573 25.632011236 39.0512483795 50.0 57.3846669416 
188 98.0 15.0332963784 17.0293863659 24.0 16.0 33.0151480384 22.2036033112 23.4307490277 19.1049731745 19.1049731745 52.0 28.0 29.1204395571 30.8058436015 34.4818792991 7.28010988928 9.21954445729 18.3847763109 19.2353840617 26.2488094968 25.632011236 36.7151195014 36.2491379208 16.4924225025 16.1554944214 25.495097568 28.0178514522 9.8488578018 13.0 15.5241746963 14.2126704036 12.0415945788 19.1049731745 14.8660687473 14.5602197786 32.5729949498 31.1448230048 34.4818792991 21.2132034356 40.0 43.6004587132 52.0096144958 
257 95.2575456329 14.0356688476 16.0 24.0208242989 16.1245154966 34.0587727319 20.0 21.2602916255 15.1327459504 16.1245154966 50.0099990002 29.0172362571 31.3209195267 33.5410196625 36.7151195014 8.0622577483 9.21954445729 14.7648230602 14.2126704036 18.0277563773 20.8086520467 37.3363094052 39.1152144312 12.1655250606 14.8660687473 19.4164878389 25.2388589282 9.21954445729 12.2065556157 15.2970585408 14.8660687473 10.6301458127 16.1245154966 8.0622577483 10.0 21.0950231097 21.0 23.8537208838 21.0950231097 33.0605505096 47.4236228055 53.2634959423 
273 105.683489723 17.0293863659 19.2353840617 26.3058928759 19.1049731745 40.1995024845 24.0416305603 23.7065391823 18.0 19.6977156036 54.5893762558 26.0 28.8617393793 29.4108823397 36.235341864 9.21954445729 10.7703296143 14.8660687473 14.4222051019 18.1107702763 24.8394846967 41.5932686862 46.0651712251 14.3178210633 16.1245154966 20.5182845287 29.1547594742 8.94427191 14.8660687473 18.0 17.2046505341 14.2126704036 19.6977156036 7.61577310586 9.21954445729 24.0416305603 25.3179778023 28.6006992922 18.6815416923 38.0 47.7074417675 60.3075451333 
371 101.079176886 16.0312195419 17.1172427686 23.0217288664 18.0 34.0 21.2602916255 20.2484567313 15.1327459504 16.1554944214 48.0416485979 29.0 30.4138126515 33.9558536927 37.1618083521 8.94427191 10.7703296143 18.8679622641 17.88854382 20.2237484162 23.8537208838 39.8120584748 39.8120584748 12.1655250606 14.4222051019 21.0950231097 26.9258240357 8.54400374532 10.8166538264 15.1327459504 12.2065556157 11.401754251 16.1554944214 10.4403065089 12.2065556157 19.6977156036 22.360679775 26.2488094968 23.8537208838 40.0249921924 51.4781507049 60.811183182 
383 115.247559627 17.2626765016 18.6815416923 23.769728648 18.4390889146 39.0512483795 21.6333076528 20.6155281281 15.0332963784 17.2046505341 50.6951674225 26.9258240357 28.0713376952 31.384709653 33.7342555869 9.05538513814 10.295630141 17.691806013 18.0277563773 21.2132034356 23.3452350599 39.5979797464 38.3275357935 10.0498756211 13.4536240471 20.6155281281 28.2842712475 8.60232526704 9.43398113206 16.0312195419 11.6619037897 15.2643375225 17.2046505341 11.1803398875 12.0415945788 21.3775583264 22.8473193176 28.0178514522 20.6155281281 44.598206242 48.1040538832 60.440052945 
388 102.019605959 17.0293863659 17.0 25.0 15.0 29.0172362571 22.6715680975 21.9317121995 16.1245154966 16.1245154966 55.0090901579 31.1448230048 31.7804971641 34.7850542619 35.8468966579 8.24621125124 7.28010988928 13.6014705087 13.0384048104 18.973665961 20.6155281281 38.4837628098 36.4005494464 14.1421356237 16.5529453572 23.0217288664 28.3019433962 11.401754251 14.2126704036 14.3178210633 13.8924439894 11.1803398875 16.1245154966 8.94427191 9.8488578018 28.4604989415 30.1496268634 32.2490309932 27.5136329844 38.3275357935 50.8035431835 53.0377224247 
403 116.0 15.0332963784 18.0277563773 32.0 25.0199920064 48.0104155366 24.0831891576 23.0217288664 19.0262975904 20.6155281281 61.0081961707 27.0185121722 29.1204395571 33.5261092285 38.8329756779 12.0830459736 14.5602197786 20.0 19.8494332413 22.803508502 27.8028775489 49.6588360717 51.6236379966 16.0312195419 18.3575597507 23.3452350599 31.9061122671 11.7046999107 15.6204993518 21.3775583264 16.9705627485 12.2065556157 20.6155281281 10.295630141 12.8062484749 31.9530906173 32.14031736 37.7359245282 18.0277563773 46.389654019 50.6063237155 67.6756972628 
423 103.004854255 15.0332963784 17.0293863659 26.0 19.0262975904 34.0147027034 19.1049731745 20.5182845287 14.0356688476 16.2788205961 54.0370243444 24.0 25.9615099715 29.4108823397 32.7566787083 9.8488578018 10.4403065089 15.6204993518 14.2126704036 19.4164878389 20.2484567313 41.7851648316 44.283179651 9.48683298051 12.2065556157 20.591260282 26.4007575649 10.4403065089 9.21954445729 16.2788205961 11.401754251 10.1980390272 16.2788205961 8.54400374532 9.21954445729 27.7308492477 28.0178514522 30.5286750449 23.3452350599 39.1152144312 47.1699056603 55.4436651025 
424 100.004999875 16.0312195419 18.0277563773 26.0192236625 20.0249843945 36.1247837364 19.1049731745 20.6155281281 15.2970585408 15.8113883008 52.0864665724 25.0 25.7099202644 28.4604989415 32.7566787083 9.21954445729 11.401754251 15.6204993518 16.4012194669 22.803508502 22.360679775 35.77708764 40.3112887415 12.3693168769 13.416407865 23.0217288664 26.4007575649 11.7046999107 11.313708499 15.2970585408 12.7279220614 10.295630141 15.8113883008 9.8488578018 10.8166538264 28.1780056072 26.0 27.7848879789 20.8806130178 36.0138862107 43.5660418216 52.8015151298 
435 97.0051545022 15.0 16.0312195419 26.0192236625 17.0293863659 36.0138862107 19.8494332413 20.5182845287 15.1327459504 16.1245154966 53.0094331228 24.0831891576 25.0 28.4604989415 31.064449134 7.61577310586 10.1980390272 13.6014705087 13.4536240471 17.0 18.6010752377 42.5440947724 42.4852915725 10.4403065089 11.7046999107 20.591260282 23.3238075794 11.1803398875 11.313708499 15.2970585408 13.6014705087 10.7703296143 16.1245154966 7.61577310586 10.0 29.7321374946 30.0665927567 32.6496554346 22.0907220344 33.3766385366 44.2040722106 50.4479930225 
449 106.230880633 15.0 17.2626765016 28.0713376952 21.0237960416 43.1856457634 20.6155281281 18.7882942281 16.1245154966 16.6433169771 49.0917508345 24.1867732449 25.3179778023 29.9666481275 32.6496554346 10.4403065089 11.7046999107 16.9705627485 15.8113883008 19.9248588452 22.627416998 39.9624824054 43.9089968002 10.4403065089 13.4536240471 20.591260282 27.6586333719 11.7046999107 10.0 17.1172427686 9.89949493661 14.1421356237 16.6433169771 8.94427191 11.313708499 25.495097568 25.079872408 27.8028775489 23.3452350599 36.0138862107 47.5078940809 56.0802995712 
455 105.0 15.0332963784 18.0 23.0 20.0 39.0512483795 17.691806013 17.2046505341 14.3178210633 16.1245154966 45.0111097397 33.0605505096 33.3766385366 37.483329628 40.718546143 8.94427191 12.6491106407 17.8044938148 16.6433169771 20.3960780544 23.4307490277 45.1884941108 47.4236228055 11.401754251 15.6204993518 21.6333076528 30.4630924235 7.61577310586 8.94427191 16.2788205961 10.8166538264 9.21954445729 16.1245154966 9.21954445729 11.313708499 30.6757233004 32.14031736 36.3593179254 19.4164878389 43.0116263352 53.712196008 62.3698645181 
