Leaf
404 94.1912947145 17.1172427686 17.0293863659 29.0688837075 22.0227155455 45.1774279923 21.9317121995 23.3238075794 18.1107702763 19.6468827044 56.3205113613 26.1725046566 27.2946881279 30.4138126515 32.6496554346 11.0453610172 11.1803398875 16.9705627485 16.4012194669 22.360679775 21.400934559 42.4381903478 44.2944691807 16.4924225025 19.2353840617 27.6586333719 30.5286750449 14.3178210633 13.4536240471 16.4924225025 14.7648230602 10.7703296143 19.6468827044 11.6619037897 12.2065556157 31.384709653 30.0665927567 32.2490309932 20.0997512422 26.1725046566 43.8634243989 47.3814309619 
299 101.316336294 16.2788205961 17.0293863659 25.179356624 24.0831891576 47.6759897642 19.7989898732 20.2484567313 17.1172427686 17.0880074906 50.3587132481 23.0 24.0208242989 27.7308492477 30.8706980809 12.1655250606 12.6491106407 16.2788205961 17.691806013 23.4093998214 21.9317121995 40.4598566483 44.2944691807 14.5602197786 15.8113883008 26.2488094968 28.6356421266 12.2065556157 9.21954445729 15.5241746963 10.8166538264 8.94427191 17.0880074906 10.8166538264 9.89949493661 29.7321374946 28.2842712475 32.2024843762 17.0 28.2842712475 42.4499705536 47.3814309619 
265 101.597244057 17.2626765016 18.1107702763 25.079872408 19.2353840617 37.483329628 22.360679775 21.2602916255 18.3847763109 18.4390889146 49.3659801888 28.0713376952 30.083217913 31.7804971641 34.1320963318 9.48683298051 10.0 13.0384048104 14.4222051019 22.825424421 24.0416305603 45.2216762184 43.5660418216 14.8660687473 15.8113883008 24.5967477525 28.6006992922 12.1655250606 13.8924439894 13.6014705087 13.6014705087 12.0415945788 18.4390889146 9.89949493661 8.94427191 26.9258240357 28.0713376952 30.4630924235 22.803508502 32.0624390838 50.1198563446 53.9073278878 
304 102.078401241 17.0 17.0 25.0199920064 22.0227155455 40.1123422403 21.9317121995 20.6155281281 15.0332963784 16.4924225025 54.0370243444 27.0185121722 27.0739727414 31.9530906173 34.0147027034 10.4403065089 12.6491106407 16.9705627485 16.4012194669 16.5529453572 17.0293863659 38.5875627631 41.1825205639 12.0415945788 13.416407865 21.6333076528 25.9422435421 11.1803398875 14.1421356237 14.0356688476 13.6014705087 11.1803398875 16.4924225025 9.8488578018 10.6301458127 31.304951685 29.0 30.0166620396 23.0867927612 33.0151480384 44.687805943 50.9901951359 
346 98.1835016691 16.0312195419 17.0293863659 26.1725046566 21.0950231097 42.1900462195 22.627416998 21.400934559 17.0 16.4924225025 55.1452627158 26.1725046566 27.0739727414 31.7804971641 34.5398320783 10.4403065089 12.0830459736 16.2788205961 17.2046505341 17.0 18.3847763109 38.6005181312 39.8246155035 14.1421356237 14.3178210633 23.4307490277 25.9422435421 13.0 13.4536240471 14.1421356237 13.6014705087 11.7046999107 16.4924225025 9.8488578018 10.0 29.7321374946 29.1547594742 31.9061122671 22.0907220344 29.0172362571 45.2548339959 48.0832611207 
373 104.043260233 18.0 19.0262975904 25.0199920064 20.0 40.0 22.0227155455 21.2132034356 17.4642491966 16.4924225025 54.0092584656 24.0208242989 25.3179778023 27.3130005675 29.5296461205 10.0498756211 10.0498756211 15.8113883008 17.0293863659 22.360679775 22.360679775 38.0788655293 39.1152144312 17.0880074906 16.5529453572 28.8444102037 30.5286750449 13.416407865 11.6619037897 13.9283882772 11.6619037897 9.05538513814 16.4924225025 12.5299640861 10.7703296143 34.4383507154 32.0156211872 33.6154726279 23.0867927612 31.7804971641 41.0365690574 45.4862616622 
416 104.120122935 17.0293863659 18.0277563773 30.0166620396 24.0208242989 42.0119030752 22.803508502 21.2602916255 17.2626765016 17.4642491966 58.0775343829 25.0199920064 25.9615099715 31.6227766017 35.2278299076 12.0830459736 13.6014705087 17.691806013 16.9705627485 18.7882942281 19.7230829233 35.8468966579 38.4187454246 13.3416640641 14.7648230602 23.3238075794 28.6530975638 13.3416640641 14.1421356237 17.4642491966 13.4536240471 13.6014705087 17.4642491966 8.60232526704 9.89949493661 28.1780056072 26.0 29.5296461205 21.0950231097 35.2278299076 41.2310562562 51.9711458407 
470 101.004950374 16.0312195419 17.0293863659 27.0 22.0 37.0540146273 22.0227155455 21.6333076528 18.1107702763 17.7200451467 53.0094331228 26.0192236625 26.6833281283 31.3209195267 34.9857113691 10.7703296143 12.6491106407 18.6010752377 18.6010752377 22.803508502 21.9317121995 35.8468966579 38.0788655293 13.152946438 14.8660687473 22.803508502 25.5538646784 10.4403065089 12.8062484749 17.2626765016 16.2788205961 12.0415945788 17.7200451467 10.7703296143 11.401754251 29.5465734054 29.0172362571 30.4138126515 19.9248588452 37.0 42.4381903478 53.0094331228 
489 90.0888450364 15.0332963784 15.0332963784 24.0 21.0237960416 41.0121933088 21.400934559 22.803508502 18.1107702763 19.0262975904 51.0098029794 28.1602556807 29.6141857899 32.7566787083 36.235341864 10.7703296143 11.401754251 16.4012194669 16.2788205961 17.88854382 20.0 46.2385120868 48.3735464898 13.9283882772 16.1245154966 24.4131112315 27.4590604355 10.4403065089 11.1803398875 14.3178210633 12.5299640861 8.54400374532 19.0262975904 10.0 10.0 31.9530906173 33.0 33.6154726279 18.0277563773 26.6833281283 47.5078940809 50.2493781056 
