Leaf
166 92.7200086281 17.1172427686 17.7200451467 23.0867927612 23.5372045919 45.607017004 20.591260282 17.88854382 12.0415945788 14.2126704036 49.7292670366 26.4764045897 28.6356421266 32.7566787083 35.3553390593 12.1655250606 13.0384048104 18.6010752377 17.88854382 19.4164878389 20.8086520467 46.8614980554 50.0 11.0 12.8062484749 21.400934559 27.1661554144 10.0 9.43398113206 14.0356688476 9.8488578018 10.0 14.2126704036 9.48683298051 10.0 28.4604989415 27.6586333719 29.7321374946 20.2237484162 23.5372045919 48.1040538832 53.2259335287 
10 106.004716876 17.0293863659 17.0293863659 27.0185121722 21.0237960416 46.0108682813 19.8494332413 19.2093727123 14.5602197786 14.8660687473 52.0096144958 28.1602556807 28.1602556807 34.9284983931 33.6154726279 11.7046999107 10.4403065089 14.8660687473 14.8660687473 16.2788205961 17.0293863659 47.0106370942 46.1410879802 11.7046999107 13.0 23.2594066992 24.5967477525 13.0384048104 13.4536240471 14.1421356237 13.4536240471 13.6014705087 14.8660687473 9.21954445729 8.60232526704 23.8537208838 23.0217288664 26.6270539114 26.3058928759 28.0713376952 54.6717477313 55.2268050859 
46 103.121287812 17.0293863659 17.1172427686 27.0739727414 24.0208242989 47.0425339454 17.691806013 16.4012194669 11.7046999107 13.0384048104 50.0899191455 29.1547594742 30.0 36.2491379208 37.0 12.6491106407 13.0 16.2788205961 16.9705627485 15.6204993518 17.0293863659 48.5489443758 47.853944456 9.89949493661 10.0 24.7386337537 25.3179778023 13.0384048104 8.48528137424 14.0356688476 9.21954445729 12.3693168769 13.0384048104 8.48528137424 9.21954445729 25.0599281723 24.0831891576 25.8069758011 24.5153013443 25.9615099715 56.8506816142 57.4282160614 
81 100.0 15.0332963784 16.0 27.0185121722 24.0 48.0 16.9705627485 17.8044938148 13.3416640641 14.8660687473 50.0899191455 28.0713376952 29.0172362571 34.9284983931 35.4682957019 12.6491106407 12.6491106407 16.2788205961 16.2788205961 19.7989898732 17.2046505341 48.0208288142 47.0106370942 11.401754251 11.401754251 24.1660919472 24.6981780705 14.5602197786 8.60232526704 13.3416640641 8.48528137424 12.6491106407 14.8660687473 10.0 9.21954445729 27.4590604355 25.0 27.4590604355 24.1867732449 21.3775583264 54.0370243444 51.8652099196 
99 103.07764064 17.0 16.2788205961 28.0713376952 19.1049731745 45.0998891351 19.8494332413 19.4164878389 15.5241746963 13.9283882772 52.0864665724 27.6586333719 27.1661554144 34.0 34.1760149813 10.4403065089 10.295630141 13.4536240471 14.2126704036 17.691806013 18.4390889146 45.4862616622 45.6179789118 10.4403065089 9.48683298051 22.360679775 19.9248588452 14.3178210633 13.0384048104 14.0356688476 13.6014705087 14.1421356237 13.9283882772 9.21954445729 8.60232526704 25.5538646784 24.0208242989 24.4131112315 25.3179778023 24.5153013443 53.8144961883 52.2015325446 
125 106.38138935 17.1172427686 17.1172427686 26.0768096208 23.1948270095 45.0998891351 18.6010752377 17.691806013 14.3178210633 14.5602197786 50.2493781056 29.0172362571 30.2654919008 35.4400902933 35.77708764 12.0830459736 12.1655250606 18.6010752377 16.9705627485 18.4390889146 17.2046505341 39.8246155035 41.2310562562 10.6301458127 10.6301458127 24.7386337537 26.0 14.0356688476 9.89949493661 12.3693168769 7.07106781187 13.8924439894 14.5602197786 10.8166538264 11.6619037897 27.0185121722 24.1867732449 26.4196896272 29.1204395571 28.4429253067 51.8555686499 52.3450093132 
215 98.2496819333 16.0 16.1245154966 24.0831891576 21.0950231097 43.1856457634 17.0293863659 16.2788205961 11.401754251 11.1803398875 48.0936586256 30.2654919008 30.0166620396 36.2491379208 36.1386219992 11.401754251 11.1803398875 16.2788205961 17.2046505341 18.6010752377 17.0293863659 43.8292140016 43.8634243989 9.43398113206 8.60232526704 22.4722050542 21.5870331449 13.152946438 10.0 11.0 9.21954445729 12.6491106407 11.1803398875 10.0 9.21954445729 29.5465734054 29.0172362571 28.6530975638 25.179356624 25.2982212813 52.3259018078 52.697248505 
235 97.5141015443 17.0293863659 16.2788205961 24.0831891576 18.1107702763 43.2897216438 19.7989898732 20.8086520467 15.2970585408 14.5602197786 50.2493781056 28.8617393793 28.0178514522 35.3553390593 33.7342555869 10.4403065089 9.43398113206 13.4536240471 13.6014705087 18.3847763109 15.6204993518 43.2781700168 40.8533964316 12.1655250606 11.401754251 23.0217288664 20.6155281281 12.6491106407 12.8062484749 12.1655250606 12.7279220614 12.5299640861 14.5602197786 9.21954445729 7.07106781187 22.8473193176 21.3775583264 24.7588368063 24.0208242989 22.803508502 51.7397332811 47.5078940809 
294 95.1314879522 16.0 16.0312195419 23.0217288664 19.0 39.0512483795 17.691806013 17.2046505341 13.6014705087 14.3178210633 45.0444225182 29.2745623366 30.0 36.4005494464 36.4005494464 10.295630141 11.1803398875 16.6433169771 17.2046505341 21.0950231097 21.9317121995 47.4236228055 45.1884941108 9.8488578018 10.0 21.9317121995 23.0867927612 12.0415945788 11.313708499 11.0 9.43398113206 12.5299640861 14.3178210633 9.21954445729 10.0 24.6981780705 24.0 25.5538646784 23.5372045919 24.3515913238 54.083269132 55.2268050859 
307 101.118742081 16.2788205961 16.2788205961 23.1948270095 22.2036033112 43.4165866922 19.6977156036 19.7989898732 17.0 17.1172427686 45.5411901469 27.1661554144 27.2946881279 32.7566787083 33.1209903234 11.1803398875 12.1655250606 15.8113883008 16.4012194669 18.4390889146 19.2353840617 42.7200187266 44.0454310911 15.0 14.5602197786 26.5706605112 26.2488094968 12.3693168769 9.48683298051 12.5299640861 10.6301458127 10.6301458127 17.1172427686 9.21954445729 10.0 27.8028775489 26.3058928759 29.7321374946 24.0416305603 25.179356624 49.7393204618 51.0881590978 
316 98.3259884263 16.1245154966 15.0332963784 28.1602556807 19.1049731745 41.1096095822 19.1049731745 18.0277563773 15.1327459504 14.8660687473 52.2398315464 28.6356421266 29.1547594742 34.885527085 36.0555127546 10.4403065089 10.295630141 14.8660687473 14.4222051019 16.4012194669 16.9705627485 45.2769256907 45.6946386352 13.8924439894 14.1421356237 26.9258240357 26.5706605112 14.5602197786 10.6301458127 14.0356688476 9.8488578018 12.1655250606 14.8660687473 9.21954445729 9.21954445729 27.3130005675 26.0192236625 27.2946881279 24.0 25.079872408 51.6623654124 52.2015325446 
347 102.04410811 18.0277563773 18.2482875909 24.0208242989 21.0237960416 47.0106370942 15.0 16.2788205961 10.0 10.0 48.0936586256 30.1496268634 30.0 37.6961536499 37.3630833845 12.0830459736 11.6619037897 15.5563491861 15.6204993518 15.8113883008 15.8113883008 48.0208288142 47.4130783645 6.40312423743 6.40312423743 23.1948270095 23.0217288664 12.0 8.0622577483 12.0415945788 8.60232526704 12.5299640861 10.0 8.60232526704 8.60232526704 22.4722050542 22.0227155455 23.6008474424 24.3515913238 22.4722050542 57.8013840665 55.7584074378 
359 100.019998 17.0293863659 18.1107702763 27.0 21.0237960416 43.0116263352 18.6010752377 19.8494332413 15.2315462117 13.9283882772 51.0 26.1725046566 27.1661554144 34.5398320783 34.9284983931 11.6619037897 12.0830459736 16.2788205961 14.8660687473 16.4012194669 17.691806013 43.0464865001 41.6773319683 10.7703296143 10.7703296143 22.8473193176 23.4093998214 14.3178210633 12.2065556157 13.3416640641 11.401754251 14.1421356237 13.9283882772 7.07106781187 9.21954445729 22.4722050542 21.0237960416 24.2074368738 21.5870331449 24.3310501212 50.0 49.040799341 
