Leaf
479 109.041276588 18.0 18.0277563773 28.0713376952 22.0227155455 47.0425339454 20.6155281281 19.4164878389 16.7630546142 16.5529453572 52.038447325 27.2946881279 28.0713376952 34.0147027034 35.8468966579 10.7703296143 13.0 17.8044938148 18.6010752377 24.5967477525 25.2388589282 42.201895692 42.1900462195 17.0 16.4012194669 30.0166620396 30.4630924235 13.9283882772 11.1803398875 15.2970585408 11.1803398875 11.7046999107 16.5529453572 10.295630141 12.7279220614 27.4590604355 24.0208242989 27.2029410175 27.4590604355 29.2745623366 52.3450093132 52.3450093132 
57 107.517440446 19.4164878389 19.1049731745 25.3179778023 23.1948270095 51.4781507049 18.8679622641 20.8086520467 15.0 14.1421356237 52.6117857519 29.0688837075 28.2842712475 35.1710107901 34.0 12.0830459736 12.1655250606 15.8113883008 17.2046505341 19.6977156036 15.6204993518 49.244289009 49.040799341 11.401754251 9.21954445729 28.1602556807 23.7065391823 15.0 9.21954445729 10.7703296143 9.43398113206 13.6014705087 14.1421356237 10.0 9.43398113206 32.6496554346 29.4278779391 30.6757233004 28.6356421266 21.0237960416 56.8594759033 53.7587202229 
11 104.07689465 18.0 18.0 27.0185121722 23.0217288664 45.0444225182 20.5182845287 19.1049731745 15.5241746963 14.8660687473 54.0 27.1661554144 27.0185121722 34.0147027034 34.5398320783 11.7046999107 13.0 16.2788205961 16.2788205961 16.6433169771 18.3847763109 47.1699056603 46.5188133985 10.4403065089 10.8166538264 23.2594066992 25.632011236 13.3416640641 12.2065556157 14.1421356237 10.6301458127 11.1803398875 14.8660687473 7.81024967591 9.21954445729 27.8567765544 28.1602556807 29.6816441593 23.0217288664 28.0713376952 52.4022900263 53.9073278878 
35 104.809350728 17.2626765016 16.0312195419 26.3058928759 24.1867732449 52.3450093132 21.0950231097 21.2132034356 16.1554944214 16.0312195419 52.4690384894 32.2490309932 31.5753068077 39.8120584748 39.3573373083 13.8924439894 12.6491106407 17.0293863659 16.4012194669 17.4928556845 17.691806013 51.0783711565 52.0096144958 13.6014705087 14.5602197786 26.2488094968 25.0 13.0384048104 11.1803398875 13.9283882772 12.7279220614 12.8062484749 16.0312195419 8.0622577483 9.21954445729 28.6006992922 27.2946881279 29.1547594742 21.5870331449 22.0227155455 55.5697759578 55.8659108939 
218 103.07764064 17.0293863659 17.0293863659 28.0178514522 20.0 46.0108682813 19.7989898732 20.8086520467 15.2970585408 16.7630546142 54.1479454827 28.2842712475 29.2745623366 33.1058907145 34.0147027034 10.1980390272 10.1980390272 19.4164878389 18.3575597507 19.7230829233 24.0831891576 44.1021541424 42.1900462195 13.0 13.6014705087 25.5538646784 26.9258240357 13.6014705087 11.313708499 15.2970585408 10.6301458127 12.0830459736 16.7630546142 13.0 14.7648230602 25.9422435421 25.179356624 28.6006992922 23.769728648 26.2488094968 52.0096144958 53.4134814443 
369 100.124921973 16.0312195419 17.0 27.0739727414 20.0249843945 45.0444225182 21.6333076528 22.6715680975 17.4642491966 17.1172427686 54.083269132 28.2842712475 27.1661554144 35.3411940941 32.3109888428 11.7046999107 9.48683298051 18.6010752377 16.6433169771 22.0227155455 21.0950231097 47.8852795753 45.6508488421 15.2315462117 14.1421356237 25.5538646784 23.6008474424 15.1327459504 15.0 12.6491106407 14.1421356237 13.6014705087 17.1172427686 11.401754251 11.6619037897 32.2490309932 31.0161248385 31.7804971641 26.0192236625 22.0227155455 52.4976189936 49.2036584006 
374 105.171288858 18.1107702763 18.0 28.0178514522 22.0227155455 41.0121933088 21.400934559 20.5182845287 15.8113883008 15.5241746963 55.0817574157 31.064449134 31.2569992162 37.3363094052 37.1618083521 11.7046999107 11.401754251 19.7230829233 20.0 19.7230829233 17.4928556845 39.8246155035 42.1900462195 11.1803398875 10.4403065089 24.3515913238 23.2594066992 15.1327459504 12.8062484749 13.3416640641 12.2065556157 14.2126704036 15.5241746963 13.416407865 13.0 30.0166620396 29.0688837075 29.1547594742 28.8617393793 26.0192236625 51.7397332811 49.4974746831 
418 106.705201373 16.4924225025 16.2788205961 25.3179778023 23.3452350599 47.5184174821 17.88854382 18.6010752377 14.4222051019 14.0356688476 48.8364617883 32.14031736 32.3882694814 39.8120584748 38.9101529167 13.0384048104 12.3693168769 17.4928556845 17.8044938148 18.8679622641 15.2643375225 46.6154480832 46.2276973253 13.6014705087 12.3693168769 25.0 24.2074368738 14.0356688476 11.6619037897 12.0830459736 10.6301458127 12.0415945788 14.0356688476 10.0 8.60232526704 28.319604517 26.3058928759 27.7308492477 29.1547594742 26.3058928759 57.4543296889 55.1543289326 
422 100.04498988 16.1245154966 17.0 27.0185121722 17.0293863659 39.0128184063 18.4390889146 18.4390889146 12.6491106407 12.3693168769 53.0848377599 28.6356421266 28.2842712475 32.6496554346 30.4630924235 9.05538513814 8.0 18.7882942281 18.3575597507 23.6008474424 20.6155281281 42.9534631898 43.4165866922 12.8062484749 10.7703296143 25.2982212813 23.2594066992 15.1327459504 10.6301458127 12.3693168769 10.6301458127 13.6014705087 12.3693168769 15.6524758425 14.5602197786 31.384709653 29.1547594742 28.7923600978 28.0178514522 23.0217288664 50.3289181286 48.2700735446 
447 101.178060863 17.0 17.1172427686 26.1725046566 21.0950231097 44.283179651 20.5182845287 19.7230829233 15.2970585408 16.5529453572 50.2493781056 29.1547594742 30.0665927567 34.5398320783 37.3363094052 10.4403065089 12.0830459736 15.6204993518 15.0 20.6155281281 21.9317121995 44.9444101085 47.4236228055 13.0 13.4536240471 25.0599281723 27.2029410175 12.0830459736 9.21954445729 15.1327459504 10.0 13.416407865 16.5529453572 8.0622577483 10.8166538264 30.4138126515 28.0713376952 30.2324329157 24.5153013443 26.3058928759 52.8015151298 53.8237865632 
454 105.118980208 17.0 18.1107702763 26.0768096208 21.0950231097 43.1856457634 19.1049731745 17.691806013 13.3416640641 12.5299640861 52.038447325 30.2654919008 30.0166620396 35.8468966579 37.0 10.4403065089 12.0830459736 19.1049731745 17.88854382 21.1896201004 23.4307490277 46.1410879802 48.3321838944 9.8488578018 9.89949493661 22.8473193176 25.495097568 12.0415945788 11.313708499 14.0356688476 10.6301458127 12.6491106407 12.5299640861 10.4403065089 13.4536240471 29.0688837075 28.0178514522 28.3019433962 27.4590604355 26.9258240357 56.0802995712 56.8594759033 
459 99.8498873309 17.2626765016 16.1245154966 27.2946881279 23.1948270095 40.3112887415 19.2093727123 18.8679622641 15.1327459504 15.2315462117 52.6117857519 28.6356421266 29.0688837075 34.1320963318 34.205262753 12.0415945788 11.7046999107 17.691806013 18.0277563773 20.8806130178 21.0950231097 46.872166581 46.1735855225 13.6014705087 15.0 26.4007575649 26.9258240357 13.0 11.313708499 15.0332963784 12.5299640861 10.4403065089 15.2315462117 12.0830459736 11.401754251 30.6757233004 30.2654919008 31.064449134 25.079872408 26.9258240357 54.4885309033 54.2033209315 
460 103.019415646 18.0277563773 19.0 30.0 22.0 39.0 19.8494332413 20.5182845287 14.8660687473 15.8113883008 57.0 29.2745623366 29.2745623366 35.3411940941 35.3411940941 11.401754251 11.401754251 18.0277563773 19.2093727123 21.0237960416 20.6155281281 41.5932686862 42.0594816896 12.8062484749 12.2065556157 27.5136329844 27.8567765544 15.2970585408 9.89949493661 15.2970585408 10.6301458127 13.0 15.8113883008 12.5299640861 11.7046999107 28.3019433962 26.0192236625 27.7848879789 28.8617393793 30.4138126515 53.4134814443 53.1507290637 
481 101.400197238 18.2482875909 17.0293863659 28.0713376952 20.0997512422 41.3037528561 22.4722050542 21.9317121995 17.0880074906 16.0312195419 56.3205113613 29.1547594742 29.4278779391 35.4682957019 34.4383507154 10.7703296143 10.1980390272 17.88854382 18.4390889146 22.0227155455 21.1896201004 46.2385120868 44.9444101085 15.6524758425 15.1327459504 27.3130005675 24.8394846967 16.1245154966 15.0 12.6491106407 14.8660687473 12.5299640861 16.0312195419 13.6014705087 12.6491106407 31.384709653 30.1496268634 30.6757233004 27.0739727414 23.0217288664 52.2015325446 50.9901951359 
