Leaf
247 111.072048689 18.1107702763 19.0 27.0185121722 20.0249843945 45.0444225182 24.6981780705 25.8069758011 19.6468827044 21.3775583264 55.0090901579 29.0688837075 30.3644529014 34.7131099154 38.5875627631 10.295630141 11.7046999107 15.6204993518 14.8660687473 18.7882942281 24.7588368063 46.8187996429 51.0392006207 17.1172427686 18.4390889146 25.0 29.206163733 11.401754251 16.6433169771 16.4924225025 18.4390889146 13.6014705087 21.3775583264 7.07106781187 10.0 25.5538646784 26.0192236625 27.7848879789 20.8806130178 35.0142828 51.8844870843 62.6258732474 
78 100.04498988 16.0 17.0293863659 30.0665927567 20.0 40.0124980475 19.2093727123 20.0 15.5241746963 17.7200451467 54.083269132 27.0739727414 30.083217913 32.8937684068 38.0788655293 9.8488578018 11.7046999107 15.6204993518 15.6204993518 16.1554944214 21.2602916255 37.5765884561 40.8044115262 11.7046999107 14.2126704036 22.825424421 28.6356421266 12.6491106407 10.6301458127 18.1107702763 12.7279220614 10.0 17.7200451467 8.0622577483 9.89949493661 25.9422435421 25.0 28.3019433962 21.5870331449 34.1320963318 44.6542271235 55.4436651025 
138 102.122475489 18.1107702763 18.1107702763 28.0 17.0293863659 42.0 22.0227155455 23.3238075794 15.5241746963 18.973665961 54.083269132 29.1547594742 31.0483493925 34.7850542619 37.1214223865 8.94427191 9.48683298051 14.2126704036 12.8062484749 14.2126704036 18.8679622641 38.275318418 38.275318418 11.1803398875 14.3178210633 21.9317121995 26.4007575649 11.401754251 12.0415945788 17.2626765016 14.8660687473 14.1421356237 18.973665961 7.21110255093 9.21954445729 21.0237960416 22.2036033112 25.8069758011 21.1896201004 29.8328677804 46.2276973253 53.7401153702 
268 103.043680059 20.0249843945 19.0262975904 28.0 23.0217288664 37.0135110466 28.8444102037 28.3019433962 23.3452350599 23.3452350599 59.0 29.0688837075 28.1602556807 34.5398320783 35.3411940941 11.401754251 12.6491106407 19.2093727123 19.4164878389 21.5870331449 22.8473193176 39.9624824054 38.4837628098 20.2237484162 20.8806130178 29.8328677804 31.4006369362 13.9283882772 18.0277563773 15.8113883008 17.4928556845 14.8660687473 23.3452350599 10.7703296143 11.6619037897 26.83281573 26.1725046566 29.4108823397 26.9258240357 32.0156211872 50.4479930225 52.6307894678 
278 102.313244499 19.4164878389 18.0277563773 30.0166620396 20.0249843945 51.0881590978 21.0950231097 21.9317121995 16.1245154966 15.2970585408 56.0802995712 31.064449134 32.0156211872 37.0 38.4707681233 10.7703296143 10.4403065089 14.2126704036 14.8660687473 19.2353840617 17.8044938148 46.6476151588 45.8039299624 12.5299640861 12.3693168769 25.9615099715 23.7065391823 15.1327459504 12.7279220614 15.2970585408 15.0 14.1421356237 15.2970585408 8.60232526704 7.81024967591 22.803508502 21.0237960416 23.0217288664 21.8403296678 23.1948270095 53.600373133 52.3450093132 
295 102.176318196 17.0 18.2482875909 29.0688837075 21.0237960416 38.1182371051 25.495097568 26.83281573 19.0 21.8403296678 58.4208866759 29.1547594742 30.4138126515 33.6154726279 36.6742416418 10.1980390272 11.401754251 18.6010752377 18.8679622641 20.6155281281 21.6333076528 39.1152144312 39.8120584748 15.0332963784 18.3575597507 23.4307490277 29.9666481275 11.7046999107 14.8660687473 18.1107702763 16.6433169771 13.6014705087 21.8403296678 12.3693168769 12.0830459736 27.5136329844 28.2842712475 31.064449134 22.8473193176 36.6742416418 49.4064773081 57.2800139665 
344 100.319489632 17.1172427686 18.0 24.1867732449 21.0950231097 37.1214223865 23.3238075794 25.6124969497 18.6815416923 20.0997512422 52.0864665724 29.0688837075 28.4429253067 33.9558536927 34.0 10.7703296143 11.1803398875 15.0 15.6204993518 15.6524758425 17.4928556845 40.3112887415 39.9624824054 16.4924225025 18.4390889146 25.2388589282 28.4253408071 11.1803398875 15.6524758425 13.9283882772 15.8113883008 11.313708499 20.0997512422 8.48528137424 8.60232526704 25.495097568 27.0185121722 28.6530975638 23.0867927612 30.0665927567 47.7074417675 50.9901951359 
348 102.259473889 17.1172427686 18.2482875909 26.3058928759 21.2132034356 37.483329628 21.9317121995 21.1896201004 18.1107702763 20.2484567313 48.6621002424 31.1448230048 32.0624390838 36.4005494464 40.162171256 10.4403065089 12.5299640861 19.1049731745 18.7882942281 19.1049731745 21.2602916255 36.8917334914 40.718546143 12.0 16.4012194669 22.0227155455 31.7804971641 8.94427191 11.313708499 18.0 11.1803398875 13.6014705087 20.2484567313 10.1980390272 11.313708499 25.079872408 25.3179778023 29.8328677804 20.2484567313 43.7378554573 46.1410879802 62.2414652784 
416 104.120122935 17.0293863659 18.0277563773 30.0166620396 24.0208242989 42.0119030752 22.803508502 21.2602916255 17.2626765016 17.4642491966 58.0775343829 25.0199920064 25.9615099715 31.6227766017 35.2278299076 12.0830459736 13.6014705087 17.691806013 16.9705627485 18.7882942281 19.7230829233 35.8468966579 38.4187454246 13.3416640641 14.7648230602 23.3238075794 28.6530975638 13.3416640641 14.1421356237 17.4642491966 13.4536240471 13.6014705087 17.4642491966 8.60232526704 9.89949493661 28.1780056072 26.0 29.5296461205 21.0950231097 35.2278299076 41.2310562562 51.9711458407 
470 101.004950374 16.0312195419 17.0293863659 27.0 22.0 37.0540146273 22.0227155455 21.6333076528 18.1107702763 17.7200451467 53.0094331228 26.0192236625 26.6833281283 31.3209195267 34.9857113691 10.7703296143 12.6491106407 18.6010752377 18.6010752377 22.803508502 21.9317121995 35.8468966579 38.0788655293 13.152946438 14.8660687473 22.803508502 25.5538646784 10.4403065089 12.8062484749 17.2626765016 16.2788205961 12.0415945788 17.7200451467 10.7703296143 11.401754251 29.5465734054 29.0172362571 30.4138126515 19.9248588452 37.0 42.4381903478 53.0094331228 
