Leaf
156 94.0212741883 16.2788205961 16.1245154966 26.0192236625 20.0 44.0 20.1246117975 18.8679622641 16.5529453572 15.2315462117 45.0998891351 29.0688837075 28.2842712475 35.1140997322 34.9284983931 10.7703296143 10.7703296143 13.0384048104 11.401754251 13.4536240471 16.6433169771 43.0464865001 43.0464865001 12.5299640861 12.5299640861 23.4093998214 23.769728648 12.1655250606 10.8166538264 14.3178210633 11.313708499 13.6014705087 15.2315462117 6.32455532034 8.0622577483 17.8044938148 17.0 19.2093727123 21.1896201004 21.3775583264 51.4003891036 49.8196748283 
53 96.0 19.0262975904 18.1107702763 28.0178514522 18.0277563773 47.0106370942 22.2036033112 22.803508502 18.0277563773 16.4924225025 55.0090901579 28.1602556807 27.0739727414 34.9857113691 32.5729949498 10.4403065089 8.94427191 12.0415945788 14.1421356237 24.0831891576 19.4164878389 48.2597140481 45.6179789118 13.6014705087 12.0415945788 25.9422435421 21.4709105536 16.2788205961 15.6204993518 12.1655250606 14.8660687473 14.1421356237 16.4924225025 10.0 7.07106781187 23.0217288664 20.0 20.2484567313 24.0831891576 19.9248588452 55.9016994375 52.1536192416 
32 95.0210502994 15.0 15.0 28.0178514522 18.0277563773 47.0106370942 17.8044938148 18.4390889146 14.5602197786 14.3178210633 51.0098029794 26.4764045897 26.4764045897 32.2024843762 31.304951685 9.48683298051 9.21954445729 15.0 14.2126704036 19.7989898732 20.5182845287 48.7647413609 48.3735464898 11.6619037897 12.5299640861 23.2594066992 23.7065391823 14.3178210633 10.6301458127 14.5602197786 10.6301458127 11.6619037897 14.3178210633 10.6301458127 10.6301458127 26.4196896272 26.0 26.4196896272 20.2237484162 21.0950231097 52.4309069157 52.0096144958 
49 96.8762096699 17.4642491966 18.0 27.0739727414 19.1049731745 41.1096095822 20.591260282 20.5182845287 15.6524758425 15.5241746963 51.2445119013 28.0713376952 29.7321374946 32.7566787083 36.0555127546 9.8488578018 10.1980390272 15.2643375225 15.5563491861 19.4164878389 20.2484567313 39.8497176903 45.4532727095 11.1803398875 11.1803398875 20.2484567313 22.825424421 12.0 14.8660687473 15.1327459504 15.8113883008 12.5299640861 15.5241746963 9.21954445729 9.43398113206 21.9317121995 20.6155281281 20.6155281281 25.2388589282 23.0867927612 51.8941229813 53.0754180389 
50 93.0483745156 17.2626765016 17.0293863659 25.0199920064 21.0237960416 46.0434577329 22.803508502 22.803508502 15.2970585408 17.2626765016 53.0094331228 27.1661554144 27.0185121722 34.0147027034 31.9530906173 11.7046999107 10.4403065089 14.8660687473 14.8660687473 18.4390889146 17.0293863659 49.244289009 46.5295604965 13.6014705087 13.152946438 23.2594066992 22.4722050542 14.1421356237 14.8660687473 11.401754251 13.4536240471 13.416407865 17.2626765016 9.21954445729 8.48528137424 24.6981780705 24.0 25.2388589282 22.2036033112 19.2353840617 54.2033209315 49.0917508345 
52 97.0206163658 18.1107702763 19.2353840617 27.0 18.0277563773 46.0108682813 19.2093727123 19.8494332413 14.3178210633 13.416407865 52.0 29.6141857899 28.1602556807 35.3411940941 34.1760149813 9.48683298051 9.8488578018 12.7279220614 13.4536240471 17.4928556845 15.8113883008 44.418464629 45.2769256907 10.1980390272 10.1980390272 21.5406592285 22.1359436212 14.0356688476 15.0 13.0384048104 14.2126704036 14.2126704036 13.416407865 7.81024967591 8.0622577483 22.803508502 19.0262975904 20.8086520467 21.3775583264 21.5870331449 51.4003891036 52.2015325446 
170 97.0824391947 18.2482875909 19.0262975904 27.0739727414 18.0 44.0454310911 21.0950231097 22.2036033112 16.5529453572 18.0277563773 51.0392006207 30.4138126515 28.2842712475 35.8468966579 33.6154726279 9.48683298051 9.48683298051 14.2126704036 14.2126704036 17.8044938148 17.691806013 44.418464629 41.6773319683 13.0384048104 12.6491106407 26.2488094968 25.495097568 15.0332963784 12.8062484749 12.3693168769 12.0415945788 13.4536240471 18.0277563773 8.60232526704 10.0 22.825424421 22.0 23.7065391823 22.803508502 20.6155281281 54.0370243444 50.0 
227 96.0052081921 17.0293863659 17.1172427686 27.0 22.0 51.0 21.2602916255 20.0 15.2970585408 14.8660687473 53.0 25.079872408 25.179356624 29.9666481275 30.4138126515 11.1803398875 11.1803398875 16.9705627485 15.6204993518 18.4390889146 22.0227155455 44.9444101085 46.6154480832 10.7703296143 13.0384048104 22.8473193176 25.632011236 13.3416640641 11.401754251 14.3178210633 10.6301458127 13.0384048104 14.8660687473 10.295630141 12.0415945788 25.2388589282 23.0217288664 24.6981780705 21.5870331449 22.360679775 52.0096144958 53.1507290637 
232 94.1328847959 15.2970585408 16.1245154966 27.0185121722 18.0 48.0 20.591260282 21.0950231097 15.8113883008 16.7630546142 48.0104155366 28.1602556807 27.6586333719 33.2415402772 33.5410196625 9.48683298051 9.48683298051 14.1421356237 12.8062484749 17.8044938148 19.4164878389 46.1410879802 47.1699056603 13.152946438 13.6014705087 19.7230829233 22.825424421 13.152946438 15.5563491861 14.3178210633 14.1421356237 15.2643375225 16.7630546142 8.48528137424 9.21954445729 20.8086520467 20.0 21.6333076528 17.0880074906 20.0 50.7740090991 50.3289181286 
240 96.0468635615 16.0312195419 15.1327459504 27.0185121722 18.0277563773 46.0434577329 22.2036033112 23.8537208838 17.2626765016 18.1107702763 53.0848377599 26.6833281283 26.1725046566 31.7647603485 31.384709653 9.21954445729 9.48683298051 12.7279220614 13.4536240471 18.6010752377 16.4012194669 46.0434577329 44.72135955 15.2970585408 15.1327459504 23.6008474424 21.400934559 14.5602197786 15.5563491861 13.3416640641 16.2788205961 16.2788205961 18.1107702763 8.48528137424 8.48528137424 22.4722050542 21.0237960416 22.2036033112 24.0208242989 19.4164878389 52.3259018078 49.0917508345 
319 93.0053761887 18.1107702763 18.0277563773 27.0185121722 20.0 46.0108682813 21.0950231097 21.0950231097 17.4642491966 18.3847763109 49.0102030194 27.0739727414 28.4429253067 32.8937684068 35.77708764 9.8488578018 11.7046999107 14.1421356237 14.1421356237 15.6204993518 20.6155281281 44.2944691807 45.4862616622 12.1655250606 13.416407865 22.360679775 26.4007575649 12.3693168769 13.4536240471 15.1327459504 13.4536240471 12.5299640861 18.3847763109 6.40312423743 9.43398113206 22.2036033112 21.0 23.8537208838 20.6155281281 22.0907220344 49.6487663492 51.7397332811 
363 90.0499861188 16.1245154966 16.0 26.0192236625 20.0 44.0 25.0599281723 23.8537208838 20.3960780544 20.2237484162 51.0881590978 23.0 22.803508502 27.5136329844 30.2324329157 9.48683298051 11.401754251 13.6014705087 12.0415945788 15.0 19.2093727123 39.8246155035 43.0116263352 16.0312195419 15.1327459504 22.0227155455 23.4307490277 11.401754251 16.4012194669 15.5241746963 17.0293863659 17.0 20.2237484162 6.40312423743 9.43398113206 18.4390889146 17.0293863659 18.6010752377 17.0880074906 21.0 44.9444101085 47.3814309619 
478 101.004950374 18.0277563773 18.0 27.0 20.0249843945 43.1045241245 22.0227155455 22.6715680975 16.4924225025 17.2626765016 56.0 32.2490309932 31.1448230048 37.6961536499 37.3363094052 10.4403065089 10.7703296143 14.2126704036 13.4536240471 17.8044938148 16.9705627485 43.9089968002 46.0651712251 12.6491106407 13.3416640641 24.5967477525 24.6981780705 14.3178210633 13.4536240471 13.3416640641 14.1421356237 15.0 17.2626765016 7.81024967591 8.60232526704 27.7848879789 25.0199920064 25.9422435421 25.495097568 22.360679775 54.0370243444 52.4309069157 
482 95.0368349641 17.2626765016 20.0249843945 27.1661554144 27.2946881279 52.4690384894 24.5967477525 24.2074368738 19.9248588452 20.6155281281 53.3385414124 26.9258240357 27.892651362 32.3882694814 36.4005494464 13.416407865 15.1327459504 19.2093727123 18.6010752377 18.6010752377 22.803508502 51.4781507049 50.6063237155 16.4924225025 16.7630546142 24.6981780705 30.2324329157 11.401754251 14.7648230602 17.0880074906 14.8660687473 13.0 20.6155281281 9.89949493661 11.401754251 21.0950231097 22.0 26.0768096208 12.8062484749 26.3058928759 54.7813836992 56.0802995712 
