Leaf
322 111.0 19.0 19.0262975904 29.0172362571 20.0 33.0151480384 21.400934559 23.4307490277 18.0277563773 19.4164878389 57.0 27.6586333719 26.1725046566 33.6154726279 30.4630924235 11.1803398875 9.21954445729 17.2046505341 17.2046505341 26.2488094968 24.5153013443 38.9486841883 37.6961536499 15.2643375225 15.5241746963 29.9666481275 28.0178514522 16.4924225025 12.0415945788 13.9283882772 13.4536240471 14.4222051019 19.4164878389 11.6619037897 11.1803398875 28.6530975638 27.0185121722 29.1547594742 37.1214223865 30.4138126515 53.9073278878 48.4148737476 
150 106.230880633 16.0312195419 16.0312195419 27.0739727414 21.0237960416 35.1283361405 24.1867732449 24.1660919472 22.360679775 21.8403296678 49.0917508345 27.4590604355 28.0178514522 34.0 33.8378486314 11.401754251 10.7703296143 18.4390889146 17.4928556845 25.495097568 24.6981780705 38.0788655293 39.3954312072 18.6815416923 17.4642491966 28.319604517 27.4590604355 13.6014705087 16.1245154966 14.1421356237 15.6524758425 14.2126704036 21.8403296678 10.7703296143 10.8166538264 26.9258240357 25.0199920064 25.8069758011 34.7131099154 31.6227766017 53.7401153702 52.8015151298 
172 105.076162853 19.2353840617 18.1107702763 29.0172362571 22.0 43.0116263352 21.9544984001 21.400934559 17.88854382 15.8113883008 53.0848377599 27.1661554144 26.3058928759 34.0147027034 33.5410196625 11.7046999107 11.7046999107 14.8660687473 14.8660687473 19.2093727123 18.3575597507 39.4461658466 40.2243707222 16.1554944214 13.6014705087 27.7308492477 24.5967477525 15.5241746963 14.2126704036 14.8660687473 12.8062484749 12.8062484749 15.8113883008 8.0622577483 7.21110255093 26.6270539114 24.0831891576 24.5967477525 28.4429253067 24.5153013443 50.931326313 49.5176736126 
36 102.239913928 16.1245154966 17.0 27.0 23.0 40.0124980475 22.6715680975 23.3238075794 19.0262975904 20.6155281281 54.083269132 24.5153013443 24.0208242989 31.9061122671 28.7923600978 12.3693168769 11.401754251 16.2788205961 16.9705627485 24.6981780705 23.4093998214 46.3249392876 42.7200187266 16.4924225025 18.3847763109 26.9072480941 29.4108823397 14.7648230602 12.7279220614 15.6524758425 12.2065556157 13.416407865 20.6155281281 10.6301458127 10.0 25.079872408 24.3310501212 28.4253408071 29.4278779391 29.0172362571 51.8555686499 47.6340214553 
151 105.004761797 16.0312195419 16.2788205961 28.0178514522 21.0 37.0 22.4722050542 24.4131112315 18.4390889146 17.1172427686 54.0370243444 30.5941170816 31.0161248385 36.235341864 34.7850542619 11.1803398875 10.1980390272 16.4012194669 17.0293863659 19.7230829233 18.0277563773 36.0555127546 34.4818792991 18.0277563773 17.1172427686 27.2029410175 22.803508502 17.2626765016 17.8044938148 11.1803398875 17.4928556845 14.2126704036 17.1172427686 11.6619037897 10.7703296143 26.6270539114 23.0217288664 24.1867732449 34.3656805549 26.0 52.4976189936 47.2016948848 
159 103.019415646 17.0 16.0312195419 26.0192236625 18.0277563773 34.0587727319 23.0217288664 23.6008474424 19.4164878389 20.0997512422 53.0094331228 31.2569992162 31.2569992162 35.4682957019 34.5398320783 9.21954445729 9.05538513814 15.2643375225 15.6204993518 19.2353840617 19.3132079158 36.6742416418 35.8468966579 14.3178210633 14.5602197786 26.4196896272 25.0 14.0356688476 14.4222051019 12.1655250606 14.4222051019 15.6204993518 20.0997512422 10.295630141 11.1803398875 27.4590604355 25.0199920064 25.9422435421 32.9848450049 28.1602556807 51.7397332811 48.9182992345 
181 103.07764064 18.0277563773 17.0293863659 26.0192236625 20.0 39.0 24.4131112315 24.6981780705 21.3775583264 20.3960780544 53.0377224247 26.9258240357 27.0185121722 34.1320963318 31.0483493925 11.401754251 9.48683298051 17.8044938148 16.6433169771 23.7065391823 22.4722050542 36.6196668472 34.9857113691 16.2788205961 16.1245154966 27.0185121722 24.2074368738 16.4924225025 17.691806013 10.4403065089 15.2643375225 14.8660687473 20.3960780544 11.6619037897 11.1803398875 29.6816441593 26.0192236625 26.83281573 36.3455636908 25.495097568 54.0370243444 48.0104155366 
216 102.122475489 16.0312195419 15.1327459504 27.0739727414 23.0217288664 33.0605505096 19.2353840617 19.8494332413 17.4642491966 17.1172427686 49.1629942131 27.4590604355 26.0192236625 35.3553390593 30.6757233004 12.6491106407 11.401754251 20.8086520467 19.4164878389 23.4093998214 23.0867927612 37.5765884561 36.235341864 19.1049731745 15.8113883008 31.7804971641 26.2488094968 17.2626765016 11.7046999107 11.1803398875 11.1803398875 12.6491106407 17.1172427686 12.0830459736 12.6491106407 31.064449134 28.1602556807 27.8567765544 38.2099463491 23.4093998214 53.8144961883 46.0434577329 
381 105.118980208 17.0293863659 17.0293863659 28.0 17.0293863659 36.0 22.0227155455 23.0217288664 18.2482875909 18.4390889146 55.0363516233 30.083217913 28.1602556807 34.4818792991 31.9530906173 9.05538513814 8.24621125124 16.6433169771 17.0 23.769728648 25.079872408 43.8292140016 42.1544778167 14.5602197786 15.8113883008 25.8069758011 26.0768096208 15.5241746963 14.8660687473 13.6014705087 13.6014705087 13.0384048104 18.4390889146 13.0 13.0 30.8706980809 30.0665927567 31.384709653 30.1496268634 29.8328677804 53.1507290637 53.0094331228 
393 111.758668568 19.1049731745 18.2482875909 26.3058928759 21.0950231097 35.2278299076 19.7230829233 19.2093727123 17.4928556845 15.2970585408 51.7880295049 30.0166620396 28.2842712475 36.6878726557 34.4383507154 11.1803398875 11.401754251 17.4928556845 17.691806013 23.2594066992 23.3452350599 41.7851648316 40.3112887415 14.8660687473 13.0 30.3644529014 27.4590604355 15.0332963784 11.1803398875 12.0830459736 9.21954445729 12.2065556157 15.2970585408 10.0 10.295630141 33.2866339542 31.1448230048 32.6955654485 36.1247837364 32.0 53.0754180389 49.5176736126 
398 98.8584847143 17.2626765016 17.0293863659 25.179356624 18.2482875909 35.3553390593 23.769728648 25.495097568 20.6155281281 20.0 51.3517283059 32.0156211872 32.5576411922 36.4005494464 35.3411940941 9.48683298051 9.0 17.4642491966 17.0293863659 23.3238075794 22.5610283454 41.7851648316 39.4461658466 19.6977156036 19.0262975904 29.1547594742 25.6124969497 15.2970585408 16.5529453572 11.6619037897 17.0293863659 14.7648230602 20.0 12.8062484749 12.3693168769 25.8069758011 25.0199920064 25.9422435421 31.384709653 26.0 55.7584074378 52.2015325446 
400 102.122475489 19.0262975904 16.2788205961 25.079872408 21.2132034356 40.1995024845 23.0217288664 23.6008474424 20.8806130178 16.1245154966 52.038447325 34.205262753 32.3882694814 39.9624824054 36.2215405525 12.0415945788 9.8488578018 16.2788205961 18.0277563773 22.6715680975 16.4924225025 36.235341864 36.235341864 20.591260282 16.0 34.6698716467 20.6155281281 18.2482875909 17.0 7.07106781187 16.5529453572 15.8113883008 16.1245154966 12.5299640861 10.4403065089 28.8444102037 23.1948270095 19.3132079158 38.0525951809 19.7989898732 57.1401785086 46.0651712251 
401 113.039815994 18.0277563773 18.0 28.0 21.0 44.0113621693 20.5182845287 20.5182845287 16.4924225025 15.5241746963 56.0 30.8058436015 30.0 37.5898922584 34.4818792991 11.401754251 10.4403065089 17.2046505341 17.8044938148 21.400934559 18.8679622641 45.7930125674 44.72135955 10.8166538264 9.8488578018 26.0 23.769728648 16.0312195419 12.8062484749 12.0415945788 11.313708499 14.8660687473 15.5241746963 12.2065556157 11.6619037897 33.5410196625 31.0 32.2024843762 36.1247837364 28.0178514522 57.008771255 51.7397332811 
417 106.16967552 18.0277563773 17.0 30.0166620396 24.0208242989 42.0475920833 22.4722050542 22.6715680975 18.973665961 17.1172427686 57.0788927713 25.3179778023 25.079872408 33.1209903234 31.304951685 12.6491106407 12.3693168769 16.2788205961 17.0293863659 20.8086520467 18.973665961 41.3400532172 38.5875627631 14.7648230602 14.3178210633 27.7308492477 24.4131112315 17.1172427686 14.8660687473 13.3416640641 14.8660687473 14.2126704036 17.1172427686 9.89949493661 8.60232526704 28.3019433962 25.0 27.7848879789 33.0605505096 26.0768096208 53.8144961883 46.6904701197 
438 106.075444849 18.1107702763 17.0293863659 25.079872408 19.0262975904 34.0587727319 20.2484567313 21.6333076528 20.2484567313 17.7200451467 48.0936586256 25.495097568 26.0192236625 31.7647603485 31.6227766017 10.4403065089 9.8488578018 14.1421356237 14.2126704036 25.2982212813 24.0416305603 38.0131556175 39.8120584748 14.7648230602 13.0 29.1547594742 24.5967477525 13.9283882772 10.0 12.3693168769 11.401754251 13.4536240471 17.7200451467 8.60232526704 7.81024967591 26.0768096208 24.0831891576 23.7065391823 33.1360830516 27.0185121722 47.8016736109 44.5533388199 
488 112.008928216 19.0262975904 17.4642491966 30.2654919008 21.3775583264 37.483329628 19.7989898732 19.7230829233 15.8113883008 14.7648230602 54.4518135602 32.6955654485 30.2654919008 39.6988664826 34.2344855372 13.0 8.94427191 18.3847763109 18.7882942281 23.4093998214 21.5406592285 41.2310562562 39.5600808897 15.2643375225 13.416407865 30.4138126515 24.3515913238 18.6815416923 12.8062484749 12.0415945788 12.5299640861 13.9283882772 14.7648230602 13.9283882772 11.7046999107 28.1780056072 25.079872408 24.6981780705 41.0121933088 22.825424421 61.5873363607 49.244289009 
