Node
22 110.302271835 18.6877589086 17.7693404172 28.2172180767 23.5976999509 47.9038412909 20.2573920153 20.6958271903 15.9097561254 14.9108306487 54.7493469844 32.5017909748 31.9475782317 40.5934284563 38.3553946214 13.4004964934 12.0633798852 18.1494401558 18.153994319 20.1304226563 17.4328079868 50.3923780738 49.5771100032 12.8356789403 11.7524411751 27.3392243555 23.934783391 16.4239414872 13.0513047886 12.1735652093 11.921125788 14.5694843288 14.9108306487 10.8904985671 9.63995775212 31.1048883658 28.9899599855 29.001315799 31.7231478942 23.9970879412 61.0739018413 56.5055296462 
20 112.495446643 19.2479549999 19.2278944062 28.7651885011 20.6074176102 41.1634337472 24.5945230792 24.8743243297 20.0594258543 20.5056985105 58.6511768258 29.7000609501 30.2478637965 34.7172472328 35.7731640311 10.1634287459 11.0714530694 17.583645151 17.7975640162 23.0196726597 23.4059800777 44.4671994718 44.1996289544 16.7337502459 17.7750130935 28.4196111258 29.9749182643 14.0086036973 14.8168566618 16.2924787127 15.8887084567 14.2880396742 20.5056985105 11.8831964615 12.0403594981 34.8261521557 34.516110607 36.993489716 30.031353753 33.2900064643 53.4885337563 54.201490211 
26 101.829312648 18.2101218771 16.5456665098 26.1923793421 18.2752788587 36.7720922096 23.7933028112 23.2745966068 19.7654969342 18.8995328764 54.1405424131 31.067666186 30.4616715618 37.9070016628 34.7154013543 10.6861974582 8.83092966264 18.7189899508 18.1707334819 24.0509608501 22.1341509035 42.7479743956 41.5468929728 16.8716102982 15.6926257509 28.9928173016 25.0545718568 16.3659040625 15.4782626966 11.0314924773 13.6374613852 14.6186697932 18.8995328764 12.6848301159 12.2478756305 33.7094149724 31.045537391 30.7148083635 36.0020698631 23.3733121801 56.0286117247 50.5048207825 
28 106.709523654 17.754561799 18.3204315321 27.66094558 22.3943360136 48.4101193217 21.3067208207 20.2049303198 14.6424707949 15.5894211672 54.5103578573 29.872366337 30.7610959473 36.1308694053 38.4422360983 11.4078535148 12.7187501686 17.1517567656 16.2328366736 16.9749302589 21.446021067 48.4472293119 49.7731265199 10.8544855954 13.1927699392 22.2987964059 27.3618210759 11.4965387289 12.3402853928 16.4544938304 12.9949985169 12.1966141065 15.5894211672 8.63394582641 10.7072037529 26.9686261731 27.2870756938 29.4569077927 21.2489967149 29.679837399 54.3789431958 59.1533222436 
36 103.65009881 17.4458624938 17.388847565 26.6862038818 21.2301269548 44.4489415083 19.6709963925 19.4574894174 14.8708256388 14.6747367928 52.4188517578 29.8628224613 29.8481132709 35.8558762388 35.8051935066 11.2076927096 11.2366556052 17.4448071735 17.1640530365 19.9271431455 19.8904936982 46.1245729038 46.0302940579 12.3629027016 11.926012632 25.3146749819 25.018219717 13.842290198 11.304339059 13.3971186083 11.0411764063 12.6702699165 14.6747367928 10.6538954735 11.2354961169 30.4478643977 29.075737507 30.2559241218 26.0687877877 25.4585843504 53.7770755408 52.8079219662 
51 104.704995069 17.2279304286 17.7346976781 26.789624774 19.8316224886 36.49437319 23.1147939161 23.6989545343 19.2391929 20.4297197565 53.4190454157 30.3797045535 31.3876132444 34.9133066657 37.1921310989 9.87212391438 10.7469072775 18.5298756359 18.9079633326 23.5336562795 24.4988978132 42.1721012367 42.6711497023 15.2777946883 16.6271596605 25.6511306961 28.8116298436 12.0648691699 13.4926259472 15.8256579327 14.8615226786 13.1093805561 20.4297197565 12.584777718 12.9712324313 27.1893177839 27.7662108192 30.734121362 25.3765941392 36.1697106009 52.2985582957 57.0498796282 
57 100.96995808 17.6586331661 17.923725923 28.2058692962 21.6219730379 49.6889324519 22.3519899128 22.4797927086 17.4768488249 17.8162166877 55.3087010418 27.1693251372 27.4784652056 33.3919913651 33.8528146358 11.1666617572 11.6304599792 16.614300659 15.8978477445 20.243457191 21.8113287473 49.3210606305 49.4423906341 14.5430206262 14.9930184005 25.5261563224 26.6796215309 14.4289220673 14.0513012356 14.7636554246 13.7978338598 12.9140015471 17.8162166877 9.76462200814 11.0021532418 27.3308001106 26.2753740714 27.8593800971 21.8559480128 23.0605149978 53.0703578595 53.2557513859 
63 110.250809303 17.7726397166 17.1239990846 29.6274969745 22.4302616822 38.6209243517 20.4018022333 20.9753641499 17.0798388759 16.0401083711 54.1079856701 33.8240148739 33.412977141 40.855552348 39.6324781272 12.3700909025 11.4640739361 18.9887629353 18.7553113842 20.4192604043 19.876437705 40.9830172448 40.6655663922 13.8109312772 12.4793512497 27.6974670125 24.8690787911 15.9039118604 12.4784547021 14.0105835915 12.4137517196 14.8940723949 16.0401083711 11.2934773803 11.0758180098 27.4746946686 25.5525373827 26.9141395601 35.7007156437 31.1965900284 59.017424758 56.5448721807 
68 107.584966863 16.7082187721 17.4169798241 27.4674021826 21.8360035218 39.2409683989 19.6431720422 18.4478649356 14.737617772 15.7855331421 51.7308461254 30.8196677565 31.3180563729 36.7831388861 40.0142244049 10.386200706 13.4964254722 18.2988668331 18.2332653653 16.9777768955 20.6134745802 39.5701886965 40.0421390263 11.4714202656 14.9346718143 23.6113180704 29.6096920377 10.8221896013 9.77631050387 17.2223004092 10.3855300901 11.5450514787 15.7855331421 9.40770616828 11.7734589928 24.1635730687 24.6332842131 29.2313974498 23.244711941 38.4447556412 48.7775801785 58.80450725 
73 99.4784942138 16.6846303629 16.7529355431 25.9318300599 22.0909827829 44.0401900172 19.4587594103 19.0639004014 14.316236275 14.9943811796 50.9791153735 28.2201049057 28.700866476 34.5196857723 35.4456693562 11.5730745316 12.0234993445 16.5177796602 16.2918359977 17.3129626508 18.5807544162 45.3711259915 46.1327125424 11.5226852015 12.4602836254 23.4473209217 25.2692488301 12.3930917239 11.0666935827 14.0243562143 11.2171069567 11.6525100564 14.9943811796 8.98071317055 9.76059156773 27.5256230523 26.909604695 28.5014166089 22.8947486234 26.5946218296 51.3927210409 53.5679491121 
74 97.6186050145 16.8734953945 16.0680827478 25.2211777526 20.6110975905 39.9034343135 18.8106520268 19.3842341069 14.9950402824 14.0288729581 49.0570310649 29.3869163413 28.8844226085 36.8431099089 34.6632357027 11.993327316 10.4412203892 15.7548993567 15.851113847 18.8507276229 16.2195344784 43.6117649906 42.6631716099 12.1311566927 10.8602376856 24.8707827626 21.0263249515 14.8301698923 12.0212934477 10.774316443 11.3437176356 13.5549253806 14.0288729581 9.3580231863 8.10657720033 25.9169204678 23.5867983964 23.6938035573 29.4264864622 22.1838788507 55.3763586112 50.5104800099 
81 108.330227855 18.334180979 17.791314122 28.0119772288 21.1880824498 45.9600161059 23.0862958033 23.2451461268 18.1325820897 17.5361264346 56.3435909334 31.1023929263 30.3917712583 37.7202179956 35.921244875 11.6757383316 10.6853888728 16.0559011209 16.523321946 21.2374925532 18.8783895853 47.4794360738 45.9748166934 15.1323666857 14.4665802766 27.1509302456 24.370245014 15.8538822946 15.289105835 12.8029376851 14.9164810995 15.1829427948 17.5361264346 10.7553424372 9.55380264335 28.8897232582 27.1600540038 27.7943315604 30.1416244334 24.6864870404 57.8845355655 54.0905603882 
82 102.429979053 17.8503007888 17.2935963779 27.0799805305 20.0656141779 40.6200102357 20.4629450935 20.6003441343 15.8510637518 14.8987235805 53.4338755254 34.0397996191 33.200645852 40.2737792943 38.9570170827 11.2625514182 10.2461600765 17.2146371241 17.7627050692 19.025120249 18.1445312871 42.3818925337 41.9005225954 11.8894427066 11.5475325758 24.7889981905 23.1072644739 14.8739063837 13.5228858104 12.3843040491 12.9191911836 13.7729645657 14.8987235805 11.0601225445 10.7030330455 29.1209678514 27.2898115436 28.6105833093 30.0078222833 25.6784647151 56.8601880791 53.6000213805 
85 107.531388626 17.6842804703 18.3745484139 27.8790867372 20.6778183228 39.7236465074 20.0660572651 19.4550506306 15.4184893276 15.8639941732 53.0642792212 29.561082932 29.8428118873 35.1928734152 36.2432269354 10.4380113986 11.3719004134 18.0198036839 17.997973891 21.8687875448 22.716362687 40.2380356997 40.2083421917 12.9786207437 14.4401196445 25.9731898368 28.8279349815 13.1474653949 10.9003124711 15.4606073192 11.1299743868 12.3240435302 15.8639941732 11.4145607806 11.903346067 28.680681652 27.883183044 30.257272883 27.006077258 33.5154177717 50.7191652725 53.6679552903 
86 102.849789198 17.1574627483 17.7740740854 25.849719397 19.2513464731 39.0178850971 21.7059201735 21.1549860624 16.8890157474 17.182500453 51.8837769183 29.1872422313 29.8779626787 34.2808707043 35.6669627113 9.73798556631 10.5888006048 16.1372172346 16.1560278168 19.1962697593 20.4493130629 40.1789443902 40.5809460645 13.9195216712 15.0985226192 24.7857284982 27.8506012982 12.4660669882 12.240888373 14.4241842734 12.2527505016 11.9597368178 17.182500453 9.76038415556 10.5944221112 27.4265026622 26.7071147232 29.1226027168 24.5683567948 31.0271725161 49.0411293189 52.2406483706 
