Node
60 94.0938216634 16.8048187649 15.830454369 25.0526524667 17.3210906967 32.3633935277 22.656246691 21.9351520536 18.9250545481 17.6192863832 51.0887737401 27.012966876 25.8786323986 32.317485025 29.8123387928 9.68761972637 8.22946410119 15.2685308497 15.1995746706 20.2971872512 18.9571934126 34.3166346447 33.6545305819 15.9814528575 14.5537199824 26.6334806486 23.2200234431 14.8381887665 14.323363143 11.3342658569 13.4359102675 13.386179701 17.6192863832 10.792905097 10.3098978374 25.8832719 22.866251184 23.3172960152 32.6793311471 21.5867048186 49.2880991443 42.0058015366 
31 102.823012434 17.3507156752 17.2131743881 25.6188735382 17.1561755089 34.0002987243 22.7921752023 23.2302525315 19.0177617703 19.2412378425 52.723090197 24.5226443459 24.1787627752 28.8587318788 27.5396346021 9.04154230156 8.28730054135 15.6655212755 15.044045613 23.1241793147 23.2149739921 35.6220098487 35.4628255052 17.8949362943 17.525793394 28.7868856673 27.8152706788 14.8504192686 13.7688925263 13.2850061609 13.2469903709 12.973345195 19.2412378425 11.629797367 11.7644688704 29.6288297453 27.5095402413 29.079921342 32.7375018127 28.3334910536 46.5783046852 44.3327386787 
47 103.584401396 15.8095762963 17.602377285 25.6266455634 18.3572762507 36.7121811654 21.8081609965 21.9247943202 16.9723149678 18.1376848957 51.6309467115 27.7714675371 29.1403776618 31.9951394469 35.4906320102 8.79977093419 10.5111272674 15.8306885803 15.9667482894 20.0922541991 22.6855979017 40.026555251 41.2766857578 13.3525676225 15.5729587269 21.9367129668 28.0474431314 10.1618326101 12.6662477759 16.3103656764 14.1306788751 12.5595854897 18.1376848957 9.63851727091 10.7640657629 25.7500011217 26.4813126948 30.0521827948 21.8341863551 39.305786565 48.0473978441 57.3544438763 
48 105.017610149 17.454168142 17.9821728757 27.0364030004 19.9550798794 37.0215813494 24.1903939867 24.0980407167 19.5296967296 20.1997068625 54.0318970979 30.0423457966 30.7938780909 34.7193741325 36.7685293836 9.75345489229 11.0943360252 17.554682716 17.4466823186 20.7591978913 22.5026124072 37.6716197613 37.6132839975 15.9349313387 17.1674695003 25.8538048473 28.8972595508 12.3397472033 14.353752839 15.7299899769 15.0581640309 13.2613570043 20.1997068625 11.1101223149 12.0594068698 25.1855608661 24.7612459246 27.9690370943 26.2929194563 34.7736247246 49.3711159827 53.9152586954 
58 95.3108620306 17.0910346323 17.3538284842 26.890269975 19.825676232 46.1327521074 21.4758173806 21.5901344444 16.6864253042 16.8928163009 51.5674346245 27.7245228226 27.4517305715 33.2661814941 33.5494612417 10.3074153756 10.5765512768 14.4398048433 14.1402910017 18.0256754073 18.9141801213 45.3312189912 45.689371357 13.0264432112 13.1934608934 23.1255680747 24.0354526316 13.4656245923 13.9423877289 14.0035490131 13.7765369433 13.9378359528 16.8928163009 8.54203935482 9.31167527285 22.6819324889 21.2669092142 22.8040025482 21.1300595241 21.4611886197 52.1277830515 51.3253841957 
61 105.807732784 17.6935768009 17.0449985215 27.3228665644 20.6927413752 37.4169162417 21.9332122304 22.5472776807 18.9227424848 17.9625623371 53.0216220967 28.979399978 28.2864349216 35.2771658609 32.9550968094 11.2726365093 10.208619752 16.9348098226 17.0517263635 22.8542239106 21.5489298391 39.9835517337 38.9008837152 16.2280668269 15.1880506049 28.6650919478 25.2899606839 15.956096538 14.1754891919 12.3604523761 13.6870927781 14.0304877657 17.9625623371 11.2375060823 10.6795405291 28.5640344929 26.078952501 26.9081405671 34.4160435742 26.8877709528 53.8662638433 48.8477245668 
62 97.9828686289 16.8296781073 16.2492422919 25.8691470864 18.5122333461 35.3690413752 22.0332637017 21.8331662961 17.7817386938 17.9190184475 51.3316821793 28.5856421049 28.4777492689 33.9872158132 33.5361677982 10.0105894067 9.46672179541 16.7727555155 16.5879711396 20.7457596507 20.5090581709 37.3292324373 37.241926372 14.3490128306 14.9086878006 25.1574802354 25.1195535719 13.5486525126 13.2538100541 13.2438712582 13.0377002928 13.0846257071 17.9190184475 11.0045467265 10.9052901031 26.7229949973 25.1751525602 26.814843634 28.9293455649 26.7976883623 49.0824309999 48.0922422818 
71 105.593176902 19.0613540118 18.3259959992 27.5531924544 21.1288192018 46.7500387044 24.3616217683 24.3056730475 19.3766096617 19.8630041382 57.0351923573 26.3828729413 25.8066388792 31.9201265005 31.2214502678 11.091628213 10.6683019673 16.4214057608 16.4024495951 23.4225223592 23.7164633657 47.338212933 46.8127630733 16.6645737266 16.8541183776 28.6370393319 28.3443926154 15.0703582684 14.8948269362 14.0526857395 14.2425364622 14.0967970292 19.8630041382 10.550044023 11.0465039801 29.8774435318 28.2544853104 29.902168299 26.8555429719 24.3056476043 52.3453551683 50.7182526782 
72 98.5352081593 17.3117679328 16.32659333 25.3708798262 19.3447314563 40.4896113767 20.8656410018 20.950005796 16.4823797748 16.1824659525 51.3810444268 27.6204241935 26.9690436532 33.7411082562 31.3317314573 10.7105202445 9.49264793687 15.9330504825 15.7170419985 20.8367541941 19.0829702567 42.9390151992 41.0405454756 14.0828470144 13.6025147742 25.8608521107 23.3896258021 14.8948321455 13.2548104382 11.3956862195 12.4066154896 12.8648866829 16.1824659525 10.5525565941 9.82160425126 29.9437213485 28.1776658252 28.793594224 29.883350615 22.0759575151 52.5868708527 47.3618787838 
75 95.6070591952 16.9836750772 16.2621375313 24.5934810614 18.8997208067 33.4128264756 19.5268662172 19.4994625786 14.7873733221 14.4615385139 49.5788692285 31.9040888431 31.929050718 37.6245575371 36.7798705119 10.387278914 9.77806271672 17.2504735425 17.1650084194 20.0166586539 18.9422944908 34.2778864505 33.3640987279 11.68464208 11.5649058131 24.086347846 22.2406791954 13.4583710605 12.1334117477 11.3263043759 12.0998419889 13.0224516881 14.4615385139 11.3949449686 10.8419223854 23.6460012195 21.4283990826 22.8966121421 32.6240554345 27.6326496769 53.6025352854 50.0153986985 
76 103.293903023 16.525978627 16.8254720849 26.1075517544 18.9368604205 34.4103750667 17.8258394109 17.7634926805 12.9842414001 13.6905597496 49.6944702845 31.7096372579 32.191145868 37.4001542823 37.929529339 10.0339392033 10.2752785923 17.1721150435 17.06503582 18.0066190391 18.3839079393 37.0844149372 36.5509812394 9.77530629551 11.0999375053 22.7140847382 24.8312512837 12.3804779258 10.5501662736 13.8722138589 10.4712700022 12.2148252577 13.6905597496 10.417041607 10.7560313137 24.6884061652 24.4371432298 26.5592656858 28.6215716528 33.9214136935 51.698489937 54.4996551571 
