Leaf
356 95.0473566176 17.2626765016 17.0293863659 24.0831891576 18.0277563773 36.0138862107 18.3575597507 19.7989898732 15.2643375225 13.3416640641 47.1699056603 32.14031736 31.1448230048 38.8973006776 37.0 10.295630141 9.8488578018 13.0384048104 14.8660687473 23.0217288664 19.6468827044 44.7772263545 43.8634243989 12.5299640861 12.0415945788 24.3515913238 21.0950231097 15.0332963784 13.4536240471 9.48683298051 12.0415945788 11.313708499 13.3416640641 8.0622577483 6.40312423743 17.8044938148 16.0312195419 15.0 26.5706605112 24.1660919472 58.2494635168 54.918120871 
23 97.5141015443 18.0277563773 17.7200451467 25.079872408 20.2237484162 38.3275357935 19.1049731745 19.7230829233 13.9283882772 13.8924439894 48.2597140481 30.4138126515 29.0 36.2491379208 36.4005494464 10.4403065089 11.6619037897 14.4222051019 13.6014705087 13.0384048104 14.2126704036 41.0487515035 41.7851648316 10.4403065089 11.6619037897 22.8473193176 23.5372045919 12.3693168769 11.401754251 13.0384048104 11.401754251 12.2065556157 13.8924439894 6.40312423743 7.61577310586 24.5967477525 24.0831891576 23.6008474424 25.9615099715 25.495097568 52.4022900263 51.9711458407 
99 103.07764064 17.0 16.2788205961 28.0713376952 19.1049731745 45.0998891351 19.8494332413 19.4164878389 15.5241746963 13.9283882772 52.0864665724 27.6586333719 27.1661554144 34.0 34.1760149813 10.4403065089 10.295630141 13.4536240471 14.2126704036 17.691806013 18.4390889146 45.4862616622 45.6179789118 10.4403065089 9.48683298051 22.360679775 19.9248588452 14.3178210633 13.0384048104 14.0356688476 13.6014705087 14.1421356237 13.9283882772 9.21954445729 8.60232526704 25.5538646784 24.0208242989 24.4131112315 25.3179778023 24.5153013443 53.8144961883 52.2015325446 
194 97.1287804927 16.0312195419 14.0 25.0199920064 24.0208242989 43.0464865001 18.3847763109 17.0 14.3178210633 16.1554944214 46.0977222865 27.4590604355 27.2946881279 36.3593179254 32.5576411922 14.5602197786 11.1803398875 18.3847763109 17.8044938148 23.0217288664 18.973665961 51.3127664427 47.4341649025 12.8062484749 12.8062484749 26.4007575649 24.1660919472 15.1327459504 10.6301458127 10.0498756211 9.21954445729 15.8113883008 16.1554944214 11.313708499 8.60232526704 29.0688837075 27.0739727414 26.6270539114 31.0161248385 22.1359436212 60.141499815 52.3259018078 
235 97.5141015443 17.0293863659 16.2788205961 24.0831891576 18.1107702763 43.2897216438 19.7989898732 20.8086520467 15.2970585408 14.5602197786 50.2493781056 28.8617393793 28.0178514522 35.3553390593 33.7342555869 10.4403065089 9.43398113206 13.4536240471 13.6014705087 18.3847763109 15.6204993518 43.2781700168 40.8533964316 12.1655250606 11.401754251 23.0217288664 20.6155281281 12.6491106407 12.8062484749 12.1655250606 12.7279220614 12.5299640861 14.5602197786 9.21954445729 7.07106781187 22.8473193176 21.3775583264 24.7588368063 24.0208242989 22.803508502 51.7397332811 47.5078940809 
255 96.337946833 16.4924225025 16.0 24.1867732449 22.2036033112 41.3037528561 19.7230829233 22.0227155455 14.3178210633 14.0356688476 51.3517283059 28.0178514522 28.0178514522 36.4005494464 32.8937684068 13.416407865 10.4403065089 17.4928556845 17.691806013 19.2093727123 14.5602197786 41.1460812229 39.4081209905 11.313708499 10.0498756211 24.3310501212 18.0277563773 16.0312195419 12.0415945788 8.24621125124 12.0415945788 13.416407865 14.0356688476 10.8166538264 8.54400374532 25.0 22.2036033112 22.8473193176 29.6141857899 22.360679775 53.9073278878 48.1040538832 
359 100.019998 17.0293863659 18.1107702763 27.0 21.0237960416 43.0116263352 18.6010752377 19.8494332413 15.2315462117 13.9283882772 51.0 26.1725046566 27.1661554144 34.5398320783 34.9284983931 11.6619037897 12.0830459736 16.2788205961 14.8660687473 16.4012194669 17.691806013 43.0464865001 41.6773319683 10.7703296143 10.7703296143 22.8473193176 23.4093998214 14.3178210633 12.2065556157 13.3416640641 11.401754251 14.1421356237 13.9283882772 7.07106781187 9.21954445729 22.4722050542 21.0237960416 24.2074368738 21.5870331449 24.3310501212 50.0 49.040799341 
387 102.04410811 17.0293863659 15.0332963784 27.0185121722 23.0 37.0135110466 17.0293863659 17.0293863659 13.416407865 12.6491106407 49.0102030194 32.3882694814 33.0151480384 42.0475920833 40.0249921924 14.3178210633 11.6619037897 17.8044938148 18.4390889146 17.0293863659 12.3693168769 44.2944691807 43.0813184571 10.0 8.54400374532 24.0416305603 19.3132079158 16.0 12.8062484749 11.0453610172 12.0415945788 13.6014705087 12.6491106407 9.21954445729 7.21110255093 30.5286750449 27.0739727414 26.4007575649 36.6742416418 22.360679775 62.2414652784 52.3259018078 
392 92.9139386745 16.2788205961 16.0312195419 23.1948270095 22.0907220344 44.283179651 16.6433169771 18.6010752377 13.0384048104 12.0415945788 47.3814309619 27.0 26.0192236625 34.1760149813 31.0161248385 13.0 10.4403065089 15.6204993518 15.6204993518 17.4928556845 13.8924439894 47.0106370942 45.4862616622 12.7279220614 10.0498756211 25.7099202644 20.2484567313 14.0 10.295630141 9.48683298051 10.6301458127 11.1803398875 12.0415945788 9.43398113206 7.81024967591 26.9072480941 23.3452350599 22.4722050542 25.495097568 16.2788205961 54.083269132 48.6004115209 
412 100.079968026 18.0277563773 18.0277563773 25.0199920064 20.0249843945 39.0128184063 19.2093727123 20.5182845287 15.2315462117 14.5602197786 51.0098029794 32.14031736 32.0624390838 39.2173431023 37.947331922 11.1803398875 10.7703296143 15.0 15.5563491861 15.6204993518 12.2065556157 42.0475920833 42.5440947724 12.2065556157 9.48683298051 26.5706605112 22.4722050542 14.0356688476 11.401754251 11.1803398875 10.6301458127 15.6204993518 14.5602197786 8.48528137424 7.21110255093 26.6270539114 25.179356624 25.079872408 29.8328677804 23.0867927612 54.6717477313 51.6139516023 
443 86.005813757 17.0293863659 15.0332963784 24.0208242989 18.0 36.0 19.4164878389 19.2093727123 16.1554944214 14.3178210633 47.0425339454 28.6356421266 27.0 35.3553390593 30.8058436015 11.401754251 7.61577310586 18.0277563773 17.0 21.6333076528 18.973665961 38.4707681233 38.4707681233 12.2065556157 11.1803398875 25.632011236 19.7230829233 15.1327459504 11.313708499 9.48683298051 10.6301458127 13.6014705087 14.3178210633 11.6619037897 10.7703296143 27.2029410175 23.1948270095 22.4722050542 32.3882694814 17.8044938148 53.0377224247 47.853944456 
444 103.17460928 17.1172427686 16.0 25.0199920064 19.0262975904 34.0147027034 17.8044938148 18.6010752377 17.0880074906 15.8113883008 47.0425339454 28.8617393793 28.0178514522 34.4818792991 32.0156211872 10.1980390272 9.48683298051 14.8660687473 15.0 23.4093998214 23.0867927612 39.8120584748 40.718546143 14.8660687473 11.6619037897 29.9666481275 24.1660919472 15.5241746963 8.60232526704 10.4403065089 8.0622577483 13.416407865 15.8113883008 9.43398113206 10.0 26.9258240357 24.0208242989 25.0599281723 39.0512483795 22.803508502 54.2033209315 48.5489443758 
446 98.1835016691 15.0 13.3416640641 26.0768096208 23.0867927612 38.3275357935 20.6155281281 19.4164878389 16.1245154966 13.152946438 50.0399840128 32.2800247831 31.5753068077 41.8807831827 37.1214223865 14.5602197786 10.8166538264 16.9705627485 17.8044938148 19.1049731745 11.1803398875 45.2216762184 43.6806593357 15.2315462117 12.0415945788 25.2388589282 16.6433169771 18.2482875909 16.2788205961 8.0622577483 13.0384048104 15.2315462117 13.152946438 11.313708499 6.32455532034 31.384709653 28.0 25.079872408 35.0142828 20.2484567313 61.400325732 51.6236379966 
