Leaf
110 94.0478601564 16.0 14.0 25.0199920064 19.0 41.0121933088 17.8044938148 18.4390889146 14.8660687473 14.1421356237 48.0104155366 25.3179778023 24.0831891576 31.304951685 29.1547594742 10.4403065089 9.48683298051 13.4536240471 14.1421356237 17.8044938148 14.4222051019 42.5440947724 41.1825205639 13.0384048104 12.6491106407 25.495097568 21.6333076528 14.1421356237 11.401754251 11.401754251 11.401754251 11.6619037897 14.1421356237 9.21954445729 7.81024967591 23.8537208838 21.0237960416 21.4709105536 27.0 17.1172427686 50.9116882454 44.4072066223 
76 93.2630687893 16.0 13.6014705087 24.1867732449 21.0950231097 28.4429253067 18.3847763109 20.591260282 13.3416640641 14.3178210633 47.6759897642 26.9258240357 27.2946881279 36.0555127546 33.2415402772 13.6014705087 10.0 17.691806013 17.4928556845 19.9248588452 16.0312195419 38.5875627631 38.8329756779 10.295630141 9.48683298051 22.8473193176 16.7630546142 15.2970585408 11.6619037897 9.0 10.8166538264 13.0 14.3178210633 10.0 7.61577310586 24.1867732449 21.0237960416 18.8679622641 39.3192065027 23.4307490277 59.6657355607 50.9215082259 
21 98.1835016691 17.0293863659 17.2626765016 28.0713376952 19.1049731745 38.2099463491 17.8044938148 19.4164878389 16.1554944214 14.3178210633 50.1597448159 30.6757233004 29.0172362571 38.275318418 34.7131099154 11.401754251 9.43398113206 15.5563491861 15.2643375225 17.8044938148 14.4222051019 41.6173040934 40.4969134626 13.8924439894 12.3693168769 27.2946881279 21.9317121995 18.2482875909 14.2126704036 10.0498756211 13.0384048104 12.8062484749 14.3178210633 10.0 7.21110255093 29.9666481275 27.0 25.9422435421 35.0142828 22.4722050542 57.8013840665 47.8852795753 
106 96.0832971957 17.1172427686 17.0293863659 25.0 15.0332963784 42.0119030752 22.4722050542 20.0 17.7200451467 15.8113883008 49.0917508345 28.6356421266 27.2946881279 34.0147027034 32.8937684068 8.54400374532 8.0622577483 13.8924439894 15.2643375225 21.2132034356 19.2093727123 39.6610640301 39.4461658466 14.8660687473 13.152946438 25.0599281723 22.4722050542 14.3178210633 14.2126704036 11.401754251 13.4536240471 14.1421356237 15.8113883008 10.0 8.60232526704 23.6008474424 21.0237960416 21.6333076528 28.6356421266 21.5870331449 52.3259018078 45.607017004 
192 103.121287812 16.0 13.152946438 25.079872408 20.0997512422 39.4588393139 19.1049731745 17.0293863659 14.3178210633 11.1803398875 49.0102030194 30.083217913 29.1547594742 37.7359245282 34.3656805549 12.3693168769 9.43398113206 16.2788205961 16.6433169771 19.1049731745 11.6619037897 41.6173040934 42.7200187266 12.0830459736 9.21954445729 23.7065391823 16.5529453572 16.1245154966 14.2126704036 9.0 11.401754251 14.7648230602 11.1803398875 11.401754251 8.0622577483 32.6496554346 28.0713376952 26.0 36.0138862107 21.1896201004 59.2030404625 48.7647413609 
259 92.3471710449 16.0312195419 15.0332963784 24.0208242989 18.0277563773 34.1320963318 18.3575597507 19.8494332413 16.5529453572 16.1245154966 46.0434577329 30.1496268634 30.1496268634 36.0555127546 35.1140997322 9.8488578018 9.48683298051 17.0 17.2046505341 20.0 18.4390889146 37.3363094052 38.275318418 14.8660687473 12.3693168769 27.8567765544 22.2036033112 15.2970585408 9.43398113206 9.8488578018 10.0 13.6014705087 16.1245154966 11.401754251 10.7703296143 27.8028775489 24.5153013443 24.0416305603 32.0156211872 19.6977156036 52.0096144958 47.4341649025 
336 93.4344690144 17.7200451467 16.0312195419 25.3179778023 17.2626765016 37.2155881319 17.88854382 18.6010752377 14.2126704036 12.0415945788 48.8364617883 28.4429253067 27.1661554144 35.8468966579 31.0161248385 10.295630141 8.24621125124 15.2315462117 15.5563491861 23.3452350599 17.2626765016 42.1544778167 40.8166632639 12.0415945788 9.0 26.1725046566 18.8679622641 17.0 11.313708499 8.94427191 9.43398113206 11.6619037897 12.0415945788 10.6301458127 8.0622577483 27.0185121722 25.3179778023 24.6981780705 32.7566787083 20.2484567313 54.6717477313 48.2597140481 
351 96.337946833 17.0293863659 15.1327459504 23.3452350599 18.2482875909 42.5793377121 20.5182845287 20.591260282 15.1327459504 16.7630546142 48.6621002424 24.6981780705 24.3310501212 30.61045573 28.2842712475 10.0498756211 8.94427191 13.6014705087 13.0384048104 20.2484567313 18.3847763109 43.8634243989 40.8044115262 15.2970585408 13.6014705087 25.6124969497 21.9544984001 14.3178210633 13.4536240471 10.1980390272 12.5299640861 11.7046999107 16.7630546142 9.21954445729 7.81024967591 26.2488094968 24.7386337537 27.0185121722 27.6586333719 18.4390889146 50.7740090991 44.283179651 
392 92.9139386745 16.2788205961 16.0312195419 23.1948270095 22.0907220344 44.283179651 16.6433169771 18.6010752377 13.0384048104 12.0415945788 47.3814309619 27.0 26.0192236625 34.1760149813 31.0161248385 13.0 10.4403065089 15.6204993518 15.6204993518 17.4928556845 13.8924439894 47.0106370942 45.4862616622 12.7279220614 10.0498756211 25.7099202644 20.2484567313 14.0 10.295630141 9.48683298051 10.6301458127 11.1803398875 12.0415945788 9.43398113206 7.81024967591 26.9072480941 23.3452350599 22.4722050542 25.495097568 16.2788205961 54.083269132 48.6004115209 
443 86.005813757 17.0293863659 15.0332963784 24.0208242989 18.0 36.0 19.4164878389 19.2093727123 16.1554944214 14.3178210633 47.0425339454 28.6356421266 27.0 35.3553390593 30.8058436015 11.401754251 7.61577310586 18.0277563773 17.0 21.6333076528 18.973665961 38.4707681233 38.4707681233 12.2065556157 11.1803398875 25.632011236 19.7230829233 15.1327459504 11.313708499 9.48683298051 10.6301458127 13.6014705087 14.3178210633 11.6619037897 10.7703296143 27.2029410175 23.1948270095 22.4722050542 32.3882694814 17.8044938148 53.0377224247 47.853944456 
465 91.0219753686 17.1172427686 17.2626765016 21.0237960416 17.0293863659 39.0128184063 20.8086520467 21.6333076528 15.8113883008 15.8113883008 45.0 27.1661554144 25.0199920064 31.384709653 29.4108823397 9.21954445729 8.54400374532 12.8062484749 14.2126704036 17.691806013 16.4012194669 39.8246155035 41.1825205639 12.3693168769 14.1421356237 22.360679775 21.9544984001 12.3693168769 12.7279220614 9.8488578018 12.2065556157 14.8660687473 15.8113883008 9.21954445729 8.60232526704 22.2036033112 20.0997512422 20.1246117975 26.6833281283 20.8806130178 51.7397332811 49.4064773081 
486 90.426765949 15.2970585408 14.5602197786 21.3775583264 18.4390889146 38.6393581727 19.8494332413 21.9544984001 16.0 15.2970585408 48.0520551069 26.5706605112 25.7099202644 33.0151480384 31.064449134 10.1980390272 10.0 15.5563491861 16.5529453572 15.8113883008 14.8660687473 40.3608721412 38.6005181312 13.6014705087 13.6014705087 24.8394846967 20.1246117975 13.0 11.313708499 9.05538513814 13.0 11.401754251 15.2970585408 9.8488578018 9.21954445729 27.8567765544 25.3179778023 25.8069758011 28.0178514522 21.9544984001 52.0096144958 47.9270278653 
