Leaf
120 113.017697729 17.0 19.0 28.0178514522 22.0 40.0124980475 19.1049731745 18.4390889146 13.3416640641 13.0 56.0357029045 32.0624390838 31.2569992162 37.0 37.5765884561 10.4403065089 12.3693168769 21.6333076528 20.591260282 25.0 25.495097568 41.1825205639 42.0594816896 10.295630141 13.6014705087 23.769728648 29.1547594742 13.152946438 10.6301458127 15.2970585408 10.6301458127 13.0 13.0 14.3178210633 15.6524758425 33.1058907145 32.0156211872 34.4818792991 27.6586333719 38.0131556175 51.2249938995 55.3172667438 
79 110.018180316 18.0 19.0 29.0 22.0 43.0 22.0227155455 20.5182845287 17.4642491966 15.8113883008 57.0350769264 27.1661554144 27.2946881279 32.6955654485 34.0 10.4403065089 12.3693168769 18.6010752377 18.6010752377 22.360679775 22.825424421 37.4432904537 38.0131556175 15.2315462117 16.1245154966 27.7848879789 30.4138126515 14.5602197786 12.8062484749 15.5241746963 12.2065556157 12.0830459736 15.8113883008 11.7046999107 13.0384048104 28.1780056072 27.0 29.5296461205 26.1725046566 32.0 46.6904701197 50.0 
121 103.57605901 16.2788205961 19.4164878389 24.3310501212 23.1948270095 43.4165866922 20.0 19.6977156036 15.0 17.8044938148 49.0306026885 27.0185121722 28.0713376952 30.6757233004 35.8468966579 11.1803398875 13.0 19.8494332413 17.88854382 20.0249843945 27.0185121722 40.0 42.4852915725 11.1803398875 15.6204993518 19.7989898732 31.5753068077 7.21110255093 10.6301458127 18.0 11.6619037897 10.6301458127 17.8044938148 11.1803398875 12.7279220614 25.495097568 27.892651362 32.6496554346 16.1554944214 38.2099463491 45.0 58.7281874401 
158 108.0 17.0293863659 17.0 30.0166620396 20.0 40.0124980475 18.6010752377 17.2046505341 15.2315462117 15.6524758425 51.0392006207 28.6356421266 27.2946881279 35.77708764 34.0147027034 10.7703296143 10.7703296143 18.8679622641 18.8679622641 21.4709105536 20.591260282 39.1152144312 38.9486841883 13.0384048104 13.6014705087 26.0 27.3130005675 15.2970585408 11.313708499 15.5241746963 9.89949493661 12.8062484749 15.6524758425 11.7046999107 12.0830459736 29.0688837075 28.0178514522 30.0166620396 29.8328677804 31.5753068077 52.3450093132 52.3450093132 
182 107.004672795 19.0262975904 18.1107702763 28.0 17.0 38.0 20.5182845287 20.6155281281 14.8660687473 14.8660687473 55.0090901579 30.5941170816 30.4138126515 35.3411940941 34.5398320783 9.21954445729 8.24621125124 15.2643375225 15.8113883008 21.9544984001 21.4709105536 40.3112887415 39.3573373083 14.3178210633 14.7648230602 27.7308492477 27.3130005675 14.3178210633 12.8062484749 14.3178210633 12.2065556157 13.0 14.8660687473 12.2065556157 11.1803398875 29.9666481275 28.0178514522 29.5296461205 29.0 30.1496268634 48.795491595 50.2095608425 
184 108.041658632 18.0277563773 18.0277563773 29.0172362571 20.0 38.0131556175 19.1049731745 18.0277563773 13.9283882772 16.1245154966 52.038447325 31.4006369362 32.2490309932 37.1618083521 37.6961536499 10.4403065089 10.4403065089 16.4012194669 16.4012194669 19.3132079158 21.9544984001 41.1825205639 39.3573373083 12.5299640861 13.6014705087 26.0 27.8567765544 14.3178210633 11.313708499 15.1327459504 11.401754251 11.6619037897 16.1245154966 10.295630141 10.295630141 28.231188427 28.1602556807 31.064449134 29.1204395571 32.9848450049 54.0370243444 54.5618914628 
197 109.658560997 18.1107702763 18.2482875909 25.179356624 19.1049731745 41.1946598481 22.6715680975 22.825424421 19.2353840617 18.3847763109 51.3517283059 30.5941170816 31.0 36.6742416418 37.1079506306 10.4403065089 10.295630141 17.2046505341 18.3575597507 23.2594066992 22.4722050542 41.2310562562 39.0 13.3416640641 14.3178210633 25.8069758011 26.0 13.0 12.0415945788 13.152946438 13.0384048104 14.2126704036 18.3847763109 11.1803398875 8.94427191 29.7321374946 29.4278779391 31.4006369362 27.0739727414 33.5410196625 50.3289181286 50.9901951359 
315 100.179838291 16.0 17.2626765016 26.0192236625 22.0227155455 34.1320963318 19.7989898732 18.3575597507 14.1421356237 15.2643375225 49.0917508345 31.064449134 31.064449134 37.0 38.6264158317 10.7703296143 13.0 18.4390889146 18.0277563773 19.4164878389 18.7882942281 39.3573373083 41.2310562562 10.8166538264 15.0 23.769728648 29.6141857899 10.1980390272 8.0622577483 16.0312195419 8.94427191 12.6491106407 15.2643375225 9.8488578018 11.401754251 27.3130005675 27.0739727414 27.7848879789 26.0 35.1710107901 51.8652099196 58.137767415 
334 111.287914887 19.0262975904 19.0262975904 29.0172362571 18.1107702763 33.1360830516 18.4390889146 18.3847763109 14.7648230602 15.2315462117 54.0370243444 30.0665927567 32.2800247831 35.4400902933 38.0788655293 8.94427191 10.1980390272 16.1245154966 15.6204993518 22.1359436212 23.4093998214 39.0 37.5898922584 12.2065556157 13.6014705087 27.5136329844 29.5465734054 13.3416640641 9.21954445729 16.4924225025 10.6301458127 10.8166538264 15.2315462117 10.295630141 11.1803398875 28.6356421266 29.0688837075 31.384709653 29.7321374946 37.3363094052 51.8652099196 54.5618914628 
460 103.019415646 18.0277563773 19.0 30.0 22.0 39.0 19.8494332413 20.5182845287 14.8660687473 15.8113883008 57.0 29.2745623366 29.2745623366 35.3411940941 35.3411940941 11.401754251 11.401754251 18.0277563773 19.2093727123 21.0237960416 20.6155281281 41.5932686862 42.0594816896 12.8062484749 12.2065556157 27.5136329844 27.8567765544 15.2970585408 9.89949493661 15.2970585408 10.6301458127 13.0 15.8113883008 12.5299640861 11.7046999107 28.3019433962 26.0192236625 27.7848879789 28.8617393793 30.4138126515 53.4134814443 53.1507290637 
479 109.041276588 18.0 18.0277563773 28.0713376952 22.0227155455 47.0425339454 20.6155281281 19.4164878389 16.7630546142 16.5529453572 52.038447325 27.2946881279 28.0713376952 34.0147027034 35.8468966579 10.7703296143 13.0 17.8044938148 18.6010752377 24.5967477525 25.2388589282 42.201895692 42.1900462195 17.0 16.4012194669 30.0166620396 30.4630924235 13.9283882772 11.1803398875 15.2970585408 11.1803398875 11.7046999107 16.5529453572 10.295630141 12.7279220614 27.4590604355 24.0208242989 27.2029410175 27.4590604355 29.2745623366 52.3450093132 52.3450093132 
