Leaf
483 107.168092266 18.0277563773 16.1245154966 31.064449134 24.0208242989 39.2045915678 21.400934559 18.6010752377 16.7630546142 13.9283882772 55.0 32.0156211872 32.0156211872 40.8166632639 38.3275357935 13.6014705087 12.0830459736 19.8494332413 19.4164878389 19.2353840617 15.2315462117 39.6610640301 40.718546143 12.5299640861 10.295630141 26.0 22.1359436212 18.1107702763 15.0 13.0 12.0415945788 14.4222051019 13.9283882772 11.1803398875 10.8166538264 31.384709653 27.0739727414 26.0 35.3553390593 24.1660919472 57.3846669416 51.6236379966 
28 105.380263807 19.4164878389 18.4390889146 25.3179778023 19.2353840617 36.4965751818 22.2036033112 23.0217288664 17.0293863659 15.8113883008 56.8858506133 31.6227766017 31.2569992162 36.6196668472 34.2344855372 11.0 8.54400374532 17.8044938148 18.7882942281 24.0416305603 22.360679775 38.275318418 40.8533964316 13.152946438 12.3693168769 27.0185121722 22.4722050542 15.8113883008 15.2643375225 10.0498756211 13.0384048104 15.2315462117 15.8113883008 13.9283882772 13.0 26.9258240357 23.0 23.0217288664 40.049968789 22.4722050542 58.0086200491 50.5667875191 
21 98.1835016691 17.0293863659 17.2626765016 28.0713376952 19.1049731745 38.2099463491 17.8044938148 19.4164878389 16.1554944214 14.3178210633 50.1597448159 30.6757233004 29.0172362571 38.275318418 34.7131099154 11.401754251 9.43398113206 15.5563491861 15.2643375225 17.8044938148 14.4222051019 41.6173040934 40.4969134626 13.8924439894 12.3693168769 27.2946881279 21.9317121995 18.2482875909 14.2126704036 10.0498756211 13.0384048104 12.8062484749 14.3178210633 10.0 7.21110255093 29.9666481275 27.0 25.9422435421 35.0142828 22.4722050542 57.8013840665 47.8852795753 
24 95.0052630121 17.1172427686 17.1172427686 22.0227155455 16.0312195419 32.0156211872 22.0227155455 23.4307490277 15.2970585408 16.1245154966 51.0 33.3766385366 33.0151480384 38.6264158317 35.902646142 9.48683298051 7.28010988928 19.6977156036 18.7882942281 21.0237960416 20.2484567313 38.4837628098 37.5765884561 13.6014705087 13.0 23.7065391823 20.2484567313 13.152946438 14.2126704036 9.48683298051 13.4536240471 13.8924439894 16.1245154966 13.9283882772 13.6014705087 28.6530975638 28.0178514522 28.231188427 32.8937684068 25.2388589282 54.8178802947 52.3545604508 
165 102.396288995 19.0 16.2788205961 24.1867732449 18.2482875909 35.2278299076 19.8494332413 19.4164878389 16.1554944214 13.9283882772 48.1663783152 30.6757233004 29.2745623366 38.0131556175 34.0587727319 12.1655250606 7.81024967591 15.6204993518 14.3178210633 19.2353840617 17.88854382 36.235341864 34.1760149813 15.2643375225 12.6491106407 29.9666481275 21.9317121995 16.7630546142 11.313708499 8.24621125124 10.7703296143 14.3178210633 13.9283882772 10.0 7.81024967591 26.0768096208 21.0 21.6333076528 43.0116263352 20.6155281281 60.0333240792 44.9444101085 
192 103.121287812 16.0 13.152946438 25.079872408 20.0997512422 39.4588393139 19.1049731745 17.0293863659 14.3178210633 11.1803398875 49.0102030194 30.083217913 29.1547594742 37.7359245282 34.3656805549 12.3693168769 9.43398113206 16.2788205961 16.6433169771 19.1049731745 11.6619037897 41.6173040934 42.7200187266 12.0830459736 9.21954445729 23.7065391823 16.5529453572 16.1245154966 14.2126704036 9.0 11.401754251 14.7648230602 11.1803398875 11.401754251 8.0622577483 32.6496554346 28.0713376952 26.0 36.0138862107 21.1896201004 59.2030404625 48.7647413609 
276 99.0 18.0277563773 16.0 27.0739727414 19.0 40.049968789 23.0217288664 22.803508502 18.6815416923 18.1107702763 54.083269132 32.0156211872 29.0 39.8246155035 33.9558536927 11.7046999107 8.94427191 18.6010752377 17.0 20.8086520467 17.4928556845 41.0487515035 39.8120584748 15.2315462117 15.1327459504 27.2946881279 23.4307490277 17.1172427686 16.2788205961 10.7703296143 13.6014705087 14.4222051019 18.1107702763 11.6619037897 11.1803398875 29.5296461205 27.0185121722 26.4007575649 34.0 17.4642491966 55.0 45.1774279923 
277 100.319489632 16.2788205961 16.0 24.0831891576 17.0293863659 30.1496268634 24.1867732449 24.0831891576 18.4390889146 18.0 52.2398315464 30.2654919008 29.1547594742 37.3363094052 34.7850542619 10.295630141 8.94427191 17.88854382 17.4928556845 18.8679622641 18.2482875909 34.1760149813 34.1320963318 15.2970585408 15.1327459504 22.4722050542 20.5182845287 15.1327459504 17.691806013 9.8488578018 15.5563491861 16.4012194669 18.0 10.8166538264 10.4403065089 27.0185121722 23.3452350599 22.8473193176 39.0512483795 26.0 53.7587202229 47.0106370942 
283 100.124921973 19.1049731745 17.0 26.0192236625 18.0277563773 40.1995024845 21.9317121995 22.803508502 20.591260282 18.2482875909 49.0917508345 29.8328677804 29.0172362571 37.1214223865 33.2415402772 10.7703296143 8.54400374532 15.2643375225 15.6204993518 22.0227155455 17.7200451467 42.0475920833 40.4969134626 15.2643375225 14.0356688476 29.1547594742 21.2602916255 19.2353840617 14.8660687473 8.0622577483 12.8062484749 16.1245154966 18.2482875909 9.89949493661 8.54400374532 29.0688837075 25.7099202644 23.769728648 36.0555127546 19.6977156036 55.2268050859 48.8262224629 
477 99.1261822124 17.0293863659 15.1327459504 27.0739727414 22.0907220344 40.1123422403 17.8044938148 16.6433169771 14.3178210633 13.416407865 47.0425339454 33.3766385366 33.0 39.8120584748 39.2937654088 12.3693168769 11.1803398875 20.8086520467 21.4709105536 20.1246117975 19.2353840617 35.6089876295 35.8468966579 12.0415945788 10.6301458127 26.2488094968 22.803508502 15.1327459504 9.89949493661 12.0 9.43398113206 12.2065556157 13.416407865 13.416407865 13.416407865 24.6981780705 22.0227155455 23.6008474424 31.7804971641 26.4007575649 54.4885309033 51.1077293567 
