12 93.9996661758 16.0648400276 15.0812194441 23.6325777219 17.3528649694 32.4985327199 18.6898897817 19.1878246201 15.6833888915 14.8015391064 46.3876176707 28.1969360301 27.4417920941 34.13989579 31.8124149933 10.0775296007 8.41947220462 15.8414077633 15.7954528856 20.1607701945 18.3875348108 35.68174281 35.3126669367 12.7530949551 11.6382078703 24.8805611589 21.0009628095 14.4422997133 11.3331691146 9.93241281796 10.6546424277 12.6503137478 14.8015391064 10.5263985543 9.64951570312 26.26666344 23.4678549491 23.2178307575 33.3809335973 22.6089459022 51.2436344401 45.1778706996 
16 108.469403341 17.9387780566 18.8122482193 27.8560667541 20.3204280435 40.6240761896 24.3550358913 24.4282018012 19.5795012393 20.3040824105 56.0621815675 29.7758949346 30.6428995076 34.5851401621 36.9589799432 9.99602129968 11.2414917746 17.2175107539 17.309115941 21.4558863401 23.6004002624 41.6809280865 42.6158371808 16.0846570245 17.3327545552 26.0449169481 29.6154817043 12.4361426621 14.7704925621 16.5256534993 15.8185073892 13.754307488 20.3040824105 10.8397614149 11.6791870721 27.6361346833 27.4015136155 30.3841484253 25.359914631 35.0155985579 51.317273546 56.5699569301 
18 105.962923825 18.1039130288 18.1690983168 28.3253202683 23.4049926231 50.9823666157 21.7474398514 21.4392671726 16.0578355762 16.5667579964 55.5086615739 29.7292877772 29.8864840866 36.6637147861 37.3344704432 12.317236427 12.8172340279 17.355225073 16.7649839896 18.5761552583 20.5537362141 51.5647560546 51.7482558122 12.9827510127 13.7731411934 25.112785493 26.939426503 13.744380612 13.2415881229 15.1513583267 13.0456645926 13.1673402867 16.5667579964 9.25871175057 10.3634451712 28.0682098209 27.4852768715 29.0393065755 23.0161668651 25.2014017031 56.4683704911 57.4612793094 
19 99.3206626201 16.9748535352 17.2010477097 26.601971815 20.0171455518 41.9102831814 22.3296351002 22.570880854 17.9827288056 18.1763562297 54.0011820372 25.8057378454 26.0385769602 31.0241991384 31.5501096411 10.2992356177 10.4880512652 16.2130027895 16.1047160042 21.2639741725 21.8782901469 42.3326412415 42.6227063378 15.1286522824 15.8751541873 25.8267316104 27.0685366797 13.6657724352 13.3338919563 14.3898399056 13.4153288598 12.2958723211 18.1763562297 10.5938780198 10.8970616537 29.0080651113 27.7529507229 29.7197287715 24.0523435682 26.6517390087 47.8878554543 49.1339822367 
20 97.6303842 17.0469185795 16.5809376648 25.5170005236 19.618562169 41.8351002612 20.339677408 20.5570367681 15.8825855974 15.6694622328 50.7189608867 28.3351260941 27.9553773662 34.5552384932 33.299759147 10.7471671525 10.114011363 15.3890989879 15.4033792778 19.4553882594 17.8928176708 43.5285901336 42.7960956436 13.1916488146 12.7260614094 24.8411355735 23.0899369332 14.1790667854 12.8148370429 11.9895010763 12.3872403981 13.1270279535 15.6694622328 9.66720544669 9.11492731657 27.2769248484 25.437671105 26.2239206043 26.5305673777 22.4873873996 52.300189323 49.2850818627 
22 87.4793484464 13.8699662892 15.2483437119 21.5811375583 16.5244117933 31.692892585 19.0853615894 18.4192737657 16.0536394116 16.1441241817 43.0909637215 24.4991992481 25.5106952577 27.463726619 30.6993779034 7.67118116804 9.42918368295 14.1057783893 14.8472676683 18.9783169834 20.2646100485 31.9486966514 33.4693604708 12.6227669528 14.1510261377 21.2317538408 25.4226479355 9.39290352353 9.59270384801 13.6057634625 10.6021019385 10.3399638638 16.1441241817 9.5176384441 10.1952740927 25.7902579674 25.4211416572 27.6120065086 18.7748953822 31.4590529082 39.2292456202 46.1675194031 
23 98.6065378937 15.3944477978 16.5508098325 24.7011213352 17.9084503089 33.8319197614 19.7588029376 19.524938313 15.3093841226 16.3106491674 48.1073279271 28.7473785646 29.6828590872 33.0313277146 35.5816887627 8.68911519268 10.2537614229 16.2580160438 16.4382778284 18.9255917543 20.7401844544 35.7475594349 36.2496930939 12.2808048709 14.2135584231 22.0945591917 26.6862723718 10.4846058481 11.0461139123 14.9870002653 11.8492384458 11.4925002674 16.3106491674 10.2497171692 11.0406423764 24.9544446226 25.2760477487 28.4068389033 23.5506732276 35.8597562936 46.4055202128 53.1581255983 
24 101.038199796 16.8214602991 16.9796104024 26.4933569951 19.3100776904 35.4041485735 20.6595038066 20.6615268242 15.7289623525 16.4134552796 51.323297567 30.074477831 30.3042621342 35.4197652563 35.9118345821 9.95516858064 10.4085702588 17.3584314681 17.3333973117 19.5964554496 20.2138692528 35.7720783942 35.4552695632 12.5978424932 13.7007423886 24.105399474 25.7288252419 12.8477888437 11.992663037 14.2294299805 12.268235892 12.8990641258 16.4134552796 11.0602608616 11.4266760672 23.7609731716 22.5928382642 25.3426502634 28.3109406532 31.7834645688 50.2155772308 52.0064956876 
25 102.919823941 16.7306774671 17.4533327491 25.823927049 21.357821459 42.1035663537 20.6058825139 19.8253415035 15.2763972967 16.0715062593 51.2978392689 28.7042863996 29.4009682495 34.3774359617 36.4397864201 10.7693794152 12.0873476395 16.7438547703 16.2038521667 17.3994208625 20.2513526477 44.0694135982 44.8983900443 11.6869087164 13.5765645505 22.5520985134 26.928251766 11.1644008974 11.6233653632 15.1814652016 12.0206208296 12.2093063539 16.0715062593 8.96798791486 10.4777418724 27.1583500546 27.3105351289 29.7632854098 22.6372422354 31.7641146382 51.2488500591 56.0814923109 
26 107.115381579 17.6397998875 17.8620100558 27.4403829913 20.337444339 37.1199039987 19.502046728 19.2281781138 14.7845689271 15.1767048593 52.0827342204 31.7992559502 32.1022020836 37.7006238465 38.3936703271 10.5811704027 11.1421931929 18.0588742263 17.904637427 19.6873073141 20.2961166975 38.9442115903 38.6913489062 11.4413598299 12.6627467265 24.7283551341 26.8352770699 12.9536522671 10.9147606456 14.876017349 11.0659830605 12.7607215005 15.1767048593 10.9187535068 11.3582225861 26.7396307965 26.146704657 28.6239440507 28.8332860031 35.1578207629 52.6854834551 55.9210957121 
27 102.848153418 17.5402224981 16.4651036737 26.2681502506 18.9968954234 36.5094752775 22.1656304423 22.6396137153 18.6177074502 17.8916352163 52.1007423895 29.7570893594 29.078078639 36.0981421952 33.4034877096 10.7175015001 9.27463681756 17.1726568448 16.7546528343 22.1144254547 20.5316385092 39.1407427379 38.0965842165 16.2689471178 15.1737708586 28.1267269751 24.2203021862 15.9880378669 14.4736949009 11.2559730504 13.6438250701 14.4771063035 17.8916352163 11.4660748076 10.9925343099 28.7138813764 26.1026646858 26.4281742261 35.621230875 24.4105781346 54.589925402 48.483365876 
28 105.781613665 18.698763966 17.1793554895 26.6303464734 18.8923921039 37.5102462005 23.9589284274 23.3090151598 19.7784556997 19.0622370006 55.1121184824 29.44906525 28.3823951842 35.6587819207 32.3104650075 10.7058627734 8.95703590546 17.9584154383 17.1755358817 24.086102927 22.965221222 42.9290836821 41.1034642477 17.2709738203 16.3740902324 29.7877331894 26.5646933323 16.0658539047 14.6234776193 12.2844099712 13.3259287176 14.3819434337 19.0622370006 12.1437216511 12.0617756515 34.2685749135 32.0726499422 32.7586524526 35.792337801 25.1253456103 54.1588794904 48.5695194941 
29 95.128498437 16.3217802474 16.7808728467 25.3153577526 18.667578747 40.1710960652 20.6003435023 20.4973395729 15.3885658823 16.3798163849 49.6848419693 27.2573763772 27.7673730173 32.1813697888 33.9173907305 9.4477361169 10.3415312902 15.070784375 14.6839300534 17.0569283279 19.4178358638 40.582152652 41.8986491307 12.4466330174 13.6535428037 21.7325790056 24.8011113928 11.5761044517 12.8519393058 14.4026119321 13.3315888208 12.126811234 16.3798163849 8.63944829601 9.87295423375 23.1554816704 22.7233455643 24.6270124575 21.2155277038 26.6845119023 48.045035983 50.9729360781 
30 95.0801541548 15.0858190183 16.1039516573 24.9104934597 18.5084576582 35.8129336967 20.9482046131 20.797707394 16.7836679845 17.4105056044 50.4359361284 25.8343578006 26.8973768233 30.323212278 33.4566390434 9.08560031435 10.5558481079 16.3215153739 16.3810629434 19.4301124438 21.5366167772 38.5648567541 40.1287980931 13.5609509547 15.2623835684 22.0620735961 26.4487280878 10.3860112697 12.5220110435 15.6137130396 13.7433668822 10.8709515372 17.4105056044 10.1118493128 11.1080290084 27.1171342121 27.0853546149 29.621098772 20.7060268676 32.9217225423 44.5744552396 51.3620188581 
31 104.577815288 17.6167694345 17.1185072189 27.0562096237 22.4194712551 45.0118688429 18.8849461879 19.1060651511 14.5764030352 13.931576669 51.9548083127 31.3869279929 31.1431918215 38.6016045393 37.3927991653 12.4584959278 11.6248043681 17.2883561023 17.3707093754 19.0125082994 17.4541835134 47.0349657694 46.297387561 11.5203302152 10.7036053274 25.3923386505 23.3285122683 15.0371195499 11.7871604451 12.2917020363 11.0529717482 13.5323832469 13.931576669 10.289426372 9.67344105122 28.1524146872 26.2694855138 26.9490790863 29.2610934365 24.2343229784 57.9040311012 54.4750247042 
32 108.486078004 18.3925361406 17.5338586844 28.6342867568 22.2055574185 44.3311226518 21.932603732 21.8409496301 17.567374374 16.4274589299 55.8594934689 31.1670266534 30.3740755502 38.2895243733 35.9721345811 12.3932955725 11.0257203357 17.5940216206 18.1080361863 21.576842733 18.8755403174 46.1718703061 45.1114897521 14.1529752782 13.1761066286 27.5361868162 24.018495246 16.5080263897 14.1792411896 12.6897298654 13.4680882482 14.8471399322 16.4274589299 11.6043576719 10.4020029543 30.9582278068 28.8420169013 29.2132091374 32.1626442104 24.755666119 57.7797213759 53.1555228331 
