1 0.102405748869 0.0 0.0 0.20409058688 0.00882172166255 0.0 0.00674251087925 0.0301826878598 0.00130181563528 0.0336796275356 0.182616384406 0.000808180424205 2.67698053728e-07 0.0496280067845 0.256796585886 0.00645660935787 0.00399780273438 0.00697487278988 0.0322779605263 0.00842847322163 0.0436832361054 0.000159548040022 5.86258737664e-05 0.000718233878152 0.0201705129523 
2 0.302844238281 0.0 0.0 0.0815212673611 0.000127495659722 0.0 0.00219930013021 0.00122748480903 0.0 0.317113579644 0.028135172526 0.0 6.78168402778e-06 0.115280490451 0.0189636230469 0.0186679416233 0.0111660427517 0.00759412977431 0.00428670247396 0.0126315646701 0.0711805555556 0.000400119357639 4.00119357639e-05 0.00134006076389 0.0052734375 
5 0.270466524012 0.0 0.0 0.2437061983 0.00904995787377 0.0 0.0227385876225 0.00435683306526 0.000110701018689 0.073023777382 0.110844032437 4.36820235907e-05 0.0 0.0431207395067 0.090965719784 0.004508822572 0.00227625229779 0.0121352251838 0.0297875497855 0.00212067248775 0.0378543629366 0.00308586569393 7.36012178309e-05 0.00203450520833 0.037696389591 
6 0.0476573597301 0.0 0.0 0.075961488666 0.00795722730232 0.0 0.017939712062 0.0175036806049 3.09799656723e-05 0.0202548865116 0.167633519028 0.000848018761837 1.29468513258e-05 0.0302128647313 0.50368569114 0.00062422318892 0.00267953583688 0.00358442826705 0.0340784246271 0.000438343394886 0.055810176965 0.00080039284446 1.38716264205e-06 6.14975437973e-05 0.0122232148142 
7 0.0103352864583 0.0 0.0 0.0450541178385 0.342468261719 0.0 0.0818583170573 0.0 0.0 0.00140380859375 0.323069254557 0.0 0.0 0.00175984700521 0.166046142578 0.0 1.01725260417e-05 0.0 0.0158996582031 0.0 0.003173828125 0.0 0.0 0.0 0.00892130533854 
8 0.093944348787 0.0 0.0 0.134337308114 0.211813943428 0.0 0.0811189350329 0.0134941234923 0.00113557514391 0.0315476802357 0.194013093647 0.0 0.0 0.0242459481223 0.121374832956 0.000451874314693 0.00281404194079 0.00399084258498 0.014797813014 0.001350268983 0.0476481119792 0.000188459429825 6.96014939693e-06 0.00101189864309 0.0207139400014 
9 0.114187979483 0.0 0.0 0.161321691565 0.0030138170397 0.0 0.00595807599592 0.00484459679406 1.64959881757e-06 0.140448217993 0.200186239707 6.2134888795e-05 0.0 0.0816999555708 0.0899333782024 0.00309712177998 0.0132850440773 0.0011486706433 0.0249015189506 0.00203010627815 0.122969618789 5.82858248874e-05 0.00011547191723 0.000132792704814 0.0306036321966 
10 0.130669192991 0.0 0.0 0.170768627222 0.0152247332144 0.0 0.209841963174 0.00626406462296 1.32685122283e-06 0.0297610517861 0.227688775546 6.63425611413e-07 2.87484431612e-06 0.0339979088825 0.0978017613508 0.000688414642776 0.00204246631567 0.00112981381624 0.0162979347118 0.00082618602808 0.0353172412817 0.000833262567935 2.45467476223e-05 0.000123176021852 0.0206940139549 
11 0.104017808702 6.103515625e-06 0.0 0.345162963867 0.0194495307075 0.0 0.0242316351997 0.0137902153863 0.000334676106771 0.0263766818576 0.227527872721 3.39084201389e-07 0.000127834743924 0.0176198323568 0.122916327582 0.00229661729601 0.00175476074219 1.08506944444e-05 0.0263163248698 0.000193277994792 0.0136474609375 0.0 0.00747545030382 1.01725260417e-06 0.0467424180773 
12 0.0470623440213 0.0 0.0 0.0762769911024 0.223620096842 0.0 0.0436638726128 0.00763448079427 0.0161887274848 0.0121621025933 0.213710361057 0.0 0.0 0.0206976996528 0.295886569553 0.000182257758247 0.000713772243924 0.00344679090712 0.0136405097114 0.000147501627604 0.0133293999566 3.39084201389e-06 2.54313151042e-06 8.81618923611e-05 0.0115424262153 
13 0.466531790939 0.0 0.0 0.0688590255438 0.0 0.0 0.00159170113358 0.000962201286765 0.0 0.0791039560355 0.00609693340227 0.0 0.0 0.127780689913 0.0136862362132 0.00523765414369 0.00219846239277 0.0953129787071 0.0119718663833 0.0254127652037 0.0374977261412 0.000526577818627 1.19676776961e-05 0.0503097234988 0.00690774356618 
14 0.273714971881 0.0 0.0 0.162390742742 0.0185018769393 0.0 0.0136376779976 0.00356081698803 2.68381538121e-05 0.0996370789007 0.112637350745 0.0 0.000366427374224 0.0523893748615 0.0732389409491 0.0183360864085 0.0116800078264 0.00855119854 0.0324007940631 0.0145508245373 0.0587078121537 0.00063004730441 0.000111681349734 0.00580851236979 0.0391209379156 
15 0.18664211697 2.23795572917e-05 0.0 0.144147745768 0.0221733940972 0.0 0.00796474880642 0.0147691514757 0.000508287217882 0.0840664333767 0.124957614475 0.0 0.00153164333767 0.0142242431641 0.0571974012587 0.218335639106 0.0110165066189 0.00159606933594 0.0201036241319 0.0233842637804 0.0283935546875 3.69601779514e-05 0.00721367730035 0.00171067979601 0.0300038655599 
16 0.123647589433 0.0 0.0 0.170484576309 0.00487290767201 0.0 0.0073276988247 0.0244555556983 2.67698053728e-07 0.0505146227385 0.127518770988 0.000532986824973 1.07079221491e-06 0.062425044545 0.140521668551 0.0116962633635 0.00456478721217 0.00917749237596 0.0905740302906 0.00446199115954 0.0675597609135 0.000389768366228 3.66746333607e-05 0.00105365953947 0.0981828120717 
17 0.0247509526271 0.0 0.0 0.0520426432292 0.0 0.0 0.000700707529105 0.00260356828278 0.0 0.0332007314645 0.0480466356464 2.39353553922e-06 0.0 0.0172017415365 0.0380530263863 8.5568895527e-05 0.00170778760723 0.000685747931985 0.209119011374 1.43612132353e-05 0.0137867647059 0.0 0.0 0.0 0.557998358035 
18 0.0135443793403 0.0 0.0 0.0340223524306 5.59488932292e-05 0.0 0.00174221462674 0.00340067545573 0.0 0.0233625623915 0.0315046522352 3.0517578125e-06 0.0 0.0247846815321 0.0248867458767 0.0 0.00079583062066 0.0009765625 0.142061021593 0.000151909722222 0.0162339952257 2.37358940972e-06 0.0 4.98453776042e-05 0.682421196832 
19 0.0204718453544 0.0 0.0 0.036497933524 6.1761765253e-06 0.0 0.000613984607515 0.000781831287202 0.0 0.0358461652483 0.0254941667829 0.0 0.0 0.0293146769206 0.0192794799805 0.0 0.000331697009859 0.00048573811849 0.0386247180757 3.30607096354e-05 0.195021856399 0.0 0.0 3.66937546503e-05 0.597159976051 
20 0.0138979311343 0.0 0.0 0.0245417842159 7.42217640818e-05 0.0 0.00144562897859 0.00218860013985 0.0 0.0307895990066 0.020267062717 2.26056134259e-06 0.0 0.0259523744936 0.0175223644869 7.53520447531e-06 0.000510510103202 0.000896689332562 0.0386360074267 9.00456934799e-05 0.0722230510947 0.0 0.0 3.76760223765e-06 0.750950566045 
21 0.0885281032986 0.0 0.0 0.112611428285 0.000868055555556 0.0 0.00166881593884 0.0115875504975 4.69501201923e-06 0.170559353299 0.0807289058327 6.26001602564e-06 5.99918202457e-06 0.199683295356 0.0613575470753 0.00508156800881 0.0196293235844 0.0242325220353 0.0264936919905 0.0111404810196 0.150549212073 0.000395163511619 1.5128372062e-05 0.00381808810764 0.0310348119491 
22 0.0526358864524 0.0 0.0 0.0970546838009 3.56038411458e-05 0.0 0.00121469208688 0.0104966597124 0.0 0.0495439009233 0.146137584339 9.24775094697e-07 0.0 0.0626179088246 0.129900845614 0.00238730690696 0.00648822206439 0.00217322147254 0.0727483575994 0.00148056492661 0.328259092389 0.000197439482718 3.23671283144e-06 0.000211311109138 0.0364125569661 
23 0.0646464029948 0.0 0.0 0.0788252981086 0.0199306554962 0.0 0.0391433448122 0.000265556469298 0.0 0.0147046540913 0.590840657552 0.0 3.21237664474e-06 0.00940905119243 0.137618215461 0.000465259217379 0.000739382024397 0.000266091865406 0.00833129882812 0.000455622087445 0.0227216754043 1.65972793311e-05 9.20881304825e-05 7.81678316886e-05 0.0114467687774 
24 0.413772271604 5.19006430697e-06 0.0 0.206288240394 0.00203388240062 0.0 0.00804356166295 0.00549627810108 1.03801286139e-06 0.0621412627551 0.0523833190503 5.60526945153e-06 0.00711620097258 0.0200529552641 0.0243899806016 0.0541836485571 0.0266468281649 0.00522078948767 0.0105837867374 0.038340250651 0.0366869037654 0.000172725340136 0.00411302216199 0.00751168387277 0.0148105751089 
25 0.108575282953 0.0 0.0 0.277455126118 0.00350300063435 0.0 0.00360733423478 0.140967996711 2.79092381143e-05 0.0657596425114 0.0811929295206 0.000865186381544 0.00127208742321 0.0857510036892 0.0846390683427 0.01025129791 0.00979483840812 0.0253285465077 0.0243222489316 0.00212944878472 0.0455283140525 0.00116305881076 0.000279092381143 0.000435331947783 0.0271512545072 
26 0.22201944987 0.0 0.0 0.418919677734 0.00623819986979 0.0 0.0126383463542 0.0322041829427 1.66829427083e-05 0.0428165690104 0.0849430338542 3.70279947917e-05 0.000443522135417 0.0319620768229 0.0589050292969 0.00767496744792 0.0101379394531 0.00139729817708 0.0130480957031 0.00234456380208 0.0364640299479 0.0 0.000614420572917 0.000437825520833 0.0167370605469 
27 0.0463511149089 0.0 0.0 0.164780680339 2.23795572917e-05 0.0 0.000427585177951 0.44951171875 6.17133246528e-05 0.0430284288194 0.0377899169922 0.00548638237847 0.0 0.074016655816 0.0752166748047 3.39084201389e-07 0.00488111707899 0.0526743570964 0.0107486300998 0.00177985297309 0.0185424804688 0.00357666015625 0.0 0.0 0.0111033121745 
28 0.120080963383 0.000291281599339 0.0 0.516423171129 0.00818119204141 0.0 0.0015841848482 0.148278213129 8.5846195376e-05 0.0397405856993 0.0360514322917 0.000140430481453 0.0025860546081 0.0276350315993 0.0190625694709 0.0146521591559 0.00974230262322 0.00497858311103 0.00600625635163 0.00229551733994 0.0240982179719 0.00063193716654 0.00351398747142 0.00141001135353 0.0125300709794 
29 0.0901134459953 0.0 0.0 0.129126323917 0.00938824909489 0.0 0.0407997689596 0.0124449691152 1.98488313008e-06 0.0228901684769 0.411759043128 1.31498507368e-05 1.73677273882e-06 0.0266378759369 0.170249132606 0.000552045620554 0.00267636679052 0.00375614321329 0.0191853841146 0.000160527423145 0.0392461016895 0.000194022325965 2.62997014736e-05 9.22970655488e-05 0.0206849633194 
30 0.0507402420044 0.0 0.0 0.0974861780802 0.000708262125651 0.0 0.0283473332723 0.0456247329712 6.67572021484e-06 0.0266412099202 0.162308375041 0.0059289932251 3.17891438802e-07 0.0477170944214 0.361113230387 3.46501668294e-05 0.00275770823161 0.0130020777384 0.0612465540568 0.00190385182699 0.0598805745443 0.00104427337646 0.0 3.01996866862e-05 0.0334774653117 
31 0.0374784923735 0.0 0.0 0.0797874813988 0.00111316499256 0.0 0.0820574079241 0.00258236839658 0.000238327752976 0.139878045945 0.31064860026 0.000180199032738 0.0 0.0602707635789 0.155972435361 0.00041998000372 0.00255766369048 0.000950404575893 0.0279235839844 0.00381905691964 0.0376121884301 0.000111897786458 0.0 0.0001220703125 0.0562758672805 
32 0.0901443019058 0.0 0.0 0.107449618253 0.0107599894206 0.0 0.0412743308327 0.00607230446555 0.00224396676728 0.0373107447769 0.212209759337 1.64147579309e-05 3.93029415246e-06 0.0352764707623 0.265649275346 0.0130280003403 0.00465947931463 0.00417050448331 0.0620868567264 0.00126000606652 0.0380750713926 0.000520185990767 0.000202294551965 0.000864202325994 0.0667222918886 
33 0.0770390828451 0.0 0.0 0.158827887641 0.0006103515625 0.0 0.0152392917209 0.00906117757161 0.0 0.0328699747721 0.33672926161 3.39084201389e-06 0.0 0.0329301622179 0.181014166938 0.0105633205838 0.00298817952474 6.103515625e-05 0.0656890869141 0.000454372829861 0.0353622436523 0.0 6.103515625e-05 0.0 0.0404959784614 
34 0.303892589751 0.0 0.0 0.15100562686 0.0102332705543 0.0 0.0188435872396 0.000951857793899 0.000406029110863 0.0328107561384 0.193722679501 2.9064360119e-07 3.1970796131e-06 0.0231538318452 0.15330984933 0.00595121837798 0.00197114490327 0.00707339332217 0.0243989490327 0.00106172107515 0.0375395275298 0.0014404296875 2.26702008929e-05 0.00251668294271 0.0296906970796 
35 0.171932192202 0.0 0.0 0.105088975694 0.00190520109954 0.0 0.00319010416667 0.00280942563657 0.000111219618056 0.226199679905 0.0671307599103 0.000125461154514 0.0049962926794 0.0986839011863 0.0468634711372 0.0302420156973 0.0332415545428 0.0180736400463 0.0245998806424 0.0224521213108 0.107225658275 0.00162014431424 0.000805890118634 0.00572419343171 0.0269782172309 
36 0.071641031901 0.0 0.0 0.0866529676649 0.000722249348958 0.0 0.00131022135417 0.0156175401476 0.0 0.0878438313802 0.074068874783 4.74717881944e-06 0.0 0.272075737847 0.14396633572 0.000290934244792 0.00422092013889 0.0363661024306 0.0344021267361 0.00419921875 0.114034016927 3.39084201389e-05 0.0 0.00798000759549 0.0445692274306 
37 0.574658861347 0.0 0.0 0.0646302466299 0.000235763250613 0.0 0.00124134736903 0.00262540929458 0.0 0.0734243953929 0.0349357455384 6.88141467525e-06 0.00354153502221 0.0275771197151 0.0384668088427 0.029296875 0.0476920931947 0.00841267903646 0.00449296539905 0.012866749483 0.0670426312615 0.000222000421262 0.000649545706955 0.00360735724954 0.00437298943015 
