Leaf
138 102.122475489 18.1107702763 18.1107702763 28.0 17.0293863659 42.0 22.0227155455 23.3238075794 15.5241746963 18.973665961 54.083269132 29.1547594742 31.0483493925 34.7850542619 37.1214223865 8.94427191 9.48683298051 14.2126704036 12.8062484749 14.2126704036 18.8679622641 38.275318418 38.275318418 11.1803398875 14.3178210633 21.9317121995 26.4007575649 11.401754251 12.0415945788 17.2626765016 14.8660687473 14.1421356237 18.973665961 7.21110255093 9.21954445729 21.0237960416 22.2036033112 25.8069758011 21.1896201004 29.8328677804 46.2276973253 53.7401153702 
15 99.5037687728 16.1245154966 17.1172427686 27.0739727414 17.1172427686 33.2415402772 21.2602916255 23.3238075794 18.1107702763 18.6815416923 53.3385414124 29.8328677804 29.1547594742 33.5410196625 34.1760149813 8.0622577483 9.48683298051 15.6204993518 15.6524758425 18.6815416923 19.4164878389 30.8058436015 32.6496554346 15.2970585408 16.5529453572 25.495097568 27.2946881279 13.416407865 12.7279220614 15.5241746963 13.6014705087 10.8166538264 18.6815416923 10.4403065089 10.8166538264 24.1660919472 23.0867927612 25.2388589282 26.9258240357 32.2800247831 44.5533388199 49.5176736126 
70 104.580112832 15.0332963784 18.1107702763 26.0192236625 17.0293863659 39.1152144312 20.5182845287 21.0950231097 14.0356688476 17.4642491966 51.1566222497 30.1496268634 30.5941170816 35.4400902933 38.4837628098 8.0622577483 11.1803398875 14.8660687473 13.8924439894 13.6014705087 21.0950231097 35.2278299076 37.2155881319 11.0453610172 13.8924439894 17.2046505341 26.9258240357 9.05538513814 14.1421356237 17.0 15.6204993518 15.8113883008 17.4642491966 7.28010988928 10.0 17.7200451467 20.6155281281 24.7588368063 20.591260282 37.8549864615 45.607017004 58.137767415 
3 100.498756211 17.0293863659 17.2626765016 26.0768096208 18.0277563773 32.14031736 20.6155281281 21.0950231097 14.0356688476 16.1554944214 53.4602656185 29.6141857899 30.0665927567 34.4383507154 34.7850542619 9.21954445729 9.48683298051 17.8044938148 16.5529453572 17.2626765016 18.6010752377 33.2866339542 34.0147027034 11.1803398875 13.0384048104 22.4722050542 25.2982212813 11.7046999107 11.401754251 15.1327459504 12.0415945788 13.0 16.1554944214 11.401754251 12.2065556157 23.2594066992 22.0907220344 24.4131112315 29.1204395571 31.9530906173 48.795491595 51.2249938995 
78 100.04498988 16.0 17.0293863659 30.0665927567 20.0 40.0124980475 19.2093727123 20.0 15.5241746963 17.7200451467 54.083269132 27.0739727414 30.083217913 32.8937684068 38.0788655293 9.8488578018 11.7046999107 15.6204993518 15.6204993518 16.1554944214 21.2602916255 37.5765884561 40.8044115262 11.7046999107 14.2126704036 22.825424421 28.6356421266 12.6491106407 10.6301458127 18.1107702763 12.7279220614 10.0 17.7200451467 8.0622577483 9.89949493661 25.9422435421 25.0 28.3019433962 21.5870331449 34.1320963318 44.6542271235 55.4436651025 
89 99.0454441153 17.0293863659 18.0277563773 25.079872408 20.0997512422 38.1182371051 22.803508502 22.0227155455 17.2626765016 18.4390889146 53.0848377599 29.0172362571 29.6141857899 33.9558536927 35.3553390593 9.8488578018 11.1803398875 17.4928556845 17.0293863659 17.88854382 19.7230829233 37.1214223865 36.6196668472 11.7046999107 15.2643375225 23.2594066992 29.5296461205 11.0453610172 12.2065556157 14.3178210633 11.6619037897 13.0384048104 18.4390889146 10.295630141 11.1803398875 21.9544984001 22.0227155455 26.6270539114 24.1867732449 33.5410196625 49.3963561409 53.8144961883 
127 105.076162853 18.1107702763 18.0277563773 25.079872408 22.0227155455 41.1096095822 19.8494332413 20.5182845287 13.9283882772 14.5602197786 52.038447325 27.0185121722 26.3058928759 33.5261092285 33.5410196625 12.0830459736 11.7046999107 16.2788205961 15.5563491861 15.0 17.2046505341 35.8468966579 36.235341864 12.2065556157 13.6014705087 26.2488094968 27.8567765544 11.1803398875 8.94427191 14.5602197786 9.21954445729 10.4403065089 14.5602197786 7.81024967591 8.48528137424 25.0 22.0227155455 26.0768096208 27.2029410175 32.3882694814 47.6340214553 51.8555686499 
131 98.7319603776 18.0277563773 18.973665961 26.1725046566 18.1107702763 35.3553390593 22.0227155455 21.5406592285 16.4924225025 17.2046505341 48.3735464898 29.6141857899 30.0665927567 33.1058907145 35.1140997322 8.0622577483 10.4403065089 13.4536240471 13.6014705087 16.4924225025 18.3847763109 32.8024389337 34.4383507154 12.1655250606 14.4222051019 22.825424421 26.6833281283 11.1803398875 10.6301458127 16.1245154966 12.8062484749 14.2126704036 17.2046505341 8.24621125124 9.21954445729 21.9317121995 20.3960780544 24.0416305603 26.5706605112 32.3109888428 47.4236228055 51.2249938995 
139 99.0050503762 15.1327459504 16.1245154966 29.0 18.0 39.0 20.591260282 21.0950231097 16.7630546142 16.7630546142 50.0 26.1725046566 27.2029410175 30.083217913 33.2866339542 8.24621125124 10.1980390272 18.3575597507 18.3575597507 21.0237960416 22.4722050542 36.7151195014 38.275318418 14.3178210633 13.416407865 23.7065391823 24.1660919472 13.3416640641 12.2065556157 16.2788205961 13.4536240471 15.0 16.7630546142 13.9283882772 14.3178210633 22.825424421 22.0 23.0217288664 20.6155281281 29.2745623366 46.0434577329 49.578221025 
147 98.0459076147 15.0332963784 15.0332963784 27.0185121722 17.0293863659 34.0147027034 20.2484567313 21.4709105536 18.4390889146 18.6815416923 48.0936586256 27.4590604355 27.4590604355 30.8706980809 32.2024843762 8.0622577483 9.21954445729 14.2126704036 14.4222051019 18.973665961 21.0950231097 36.7151195014 36.6742416418 15.6524758425 16.1245154966 26.6270539114 26.4196896272 13.6014705087 11.6619037897 14.3178210633 12.5299640861 11.401754251 18.6815416923 9.8488578018 11.6619037897 23.2594066992 23.1948270095 25.8069758011 25.7099202644 32.2490309932 46.8614980554 50.2095608425 
160 100.04498988 17.0 17.0 25.0 17.0 34.0 21.2602916255 20.6155281281 16.2788205961 16.4924225025 52.0 26.0192236625 26.9258240357 30.3644529014 33.1209903234 8.54400374532 9.48683298051 15.8113883008 15.2643375225 19.9248588452 21.9544984001 37.1214223865 37.1214223865 13.3416640641 15.2643375225 23.8537208838 28.1780056072 9.8488578018 10.8166538264 16.4924225025 12.0415945788 11.1803398875 16.4924225025 9.8488578018 10.295630141 25.495097568 25.079872408 28.3019433962 22.360679775 35.0570962859 43.6004587132 49.2036584006 
243 102.239913928 17.2626765016 17.1172427686 24.0208242989 18.0 37.0135110466 19.7989898732 18.0277563773 11.401754251 14.7648230602 48.0416485979 29.0 30.5941170816 32.9848450049 36.6742416418 8.54400374532 10.4403065089 16.4012194669 15.2643375225 14.5602197786 19.8494332413 35.8468966579 37.2155881319 11.0 13.0384048104 18.7882942281 25.632011236 7.28010988928 11.401754251 17.0293863659 14.1421356237 11.313708499 14.7648230602 8.54400374532 10.6301458127 20.2484567313 22.360679775 27.0185121722 21.9544984001 36.6742416418 46.872166581 56.639209034 
253 101.597244057 16.2788205961 18.4390889146 28.0178514522 18.0 36.0555127546 20.5182845287 19.7230829233 12.1655250606 15.2643375225 52.0864665724 30.5941170816 31.2569992162 35.8468966579 36.7695526217 8.54400374532 10.4403065089 15.0 15.0 17.0880074906 18.4390889146 33.4215499341 31.7647603485 9.05538513814 12.7279220614 18.0277563773 27.4590604355 11.0453610172 12.8062484749 17.0 12.0415945788 13.0384048104 15.2643375225 8.54400374532 10.0 16.7630546142 18.6815416923 24.0416305603 22.2036033112 38.6264158317 47.0106370942 56.5862174032 
300 103.696673042 15.1327459504 16.0312195419 27.1661554144 18.1107702763 34.3656805549 21.5406592285 22.4722050542 19.3132079158 20.3960780544 47.1699056603 32.0156211872 32.5729949498 35.5105618091 38.275318418 7.61577310586 11.0453610172 18.973665961 20.0 22.8473193176 25.0 31.7804971641 31.8904374382 15.2643375225 17.4928556845 25.495097568 29.6816441593 11.401754251 10.4403065089 17.0880074906 11.401754251 12.2065556157 20.3960780544 13.9283882772 14.5602197786 23.3238075794 24.0 29.1547594742 26.1725046566 42.2965719651 47.4236228055 56.6038867923 
368 102.019605959 16.0312195419 17.0293863659 26.0192236625 16.0 33.0151480384 19.8494332413 19.2093727123 14.3178210633 14.8660687473 51.0098029794 29.1547594742 30.8058436015 33.5261092285 36.6742416418 7.61577310586 9.48683298051 16.6433169771 15.6524758425 13.9283882772 18.4390889146 36.2491379208 36.7151195014 11.7046999107 12.8062484749 22.360679775 26.5706605112 11.401754251 10.6301458127 15.1327459504 10.6301458127 11.6619037897 14.8660687473 9.48683298051 11.6619037897 26.0 27.0185121722 28.6530975638 27.2029410175 37.6563407675 48.4148737476 55.9732078766 
385 101.242283657 15.0332963784 16.1245154966 25.079872408 18.1107702763 32.2490309932 18.0277563773 17.691806013 14.8660687473 15.5241746963 47.1699056603 34.0147027034 34.5253530033 40.2616442784 39.9249295554 10.295630141 9.48683298051 17.4642491966 17.8044938148 19.2353840617 19.6468827044 35.3411940941 32.7566787083 12.2065556157 12.5299640861 23.769728648 25.5538646784 13.0384048104 10.8166538264 12.3693168769 10.0 12.2065556157 15.5241746963 11.401754251 10.7703296143 23.6008474424 22.0 24.6981780705 31.9061122671 35.8468966579 53.8516480713 55.2268050859 
405 100.717426496 16.0312195419 17.4642491966 26.1725046566 19.1049731745 36.2215405525 19.7989898732 21.4709105536 15.1327459504 16.5529453572 50.6359556047 30.5941170816 31.0161248385 35.3411940941 36.6878726557 9.21954445729 10.7703296143 14.8660687473 15.8113883008 16.7630546142 18.4390889146 37.2021504755 36.7695526217 12.1655250606 12.5299640861 22.2036033112 24.0416305603 12.3693168769 13.4536240471 14.0 13.6014705087 13.4536240471 16.5529453572 9.8488578018 9.89949493661 20.8806130178 21.5870331449 24.7588368063 22.1359436212 32.6955654485 48.1663783152 53.0094331228 
421 98.2496819333 18.0277563773 16.2788205961 25.079872408 17.0293863659 37.1214223865 22.627416998 22.825424421 17.1172427686 17.7200451467 52.3450093132 27.4590604355 28.1602556807 32.6955654485 34.1760149813 8.54400374532 9.8488578018 15.0 15.2643375225 16.6433169771 16.2788205961 35.6089876295 34.4383507154 14.0 14.8660687473 23.4307490277 23.7065391823 11.7046999107 14.8660687473 14.1421356237 15.0 14.8660687473 17.7200451467 8.54400374532 9.21954445729 22.360679775 20.2237484162 23.4307490277 23.769728648 29.4108823397 46.6904701197 49.040799341 
476 104.479663093 15.0 15.2970585408 26.1725046566 20.0249843945 32.0156211872 17.691806013 18.0277563773 12.1655250606 13.0 49.3659801888 29.6141857899 31.0 34.885527085 35.4400902933 10.1980390272 10.4403065089 17.2046505341 18.0277563773 19.6468827044 20.2484567313 34.6698716467 32.6955654485 9.8488578018 9.43398113206 21.0237960416 20.6155281281 13.3416640641 10.8166538264 13.0 11.313708499 13.416407865 13.0 12.0830459736 12.0830459736 19.2353840617 19.4164878389 22.6715680975 33.5261092285 35.8468966579 53.0377224247 53.8237865632 
