Leaf
148 85.4751425854 14.1421356237 14.3178210633 19.2353840617 14.1421356237 25.3179778023 16.2788205961 20.2484567313 14.3178210633 14.3178210633 41.7731971484 25.2982212813 25.179356624 31.384709653 30.1496268634 8.54400374532 7.81024967591 15.0 14.8660687473 17.7200451467 16.1554944214 25.2388589282 27.3130005675 12.0830459736 12.0415945788 23.0217288664 17.4928556845 12.3693168769 10.6301458127 7.0 13.416407865 13.0384048104 14.3178210633 8.94427191 8.0622577483 20.0 15.0332963784 14.4222051019 35.1710107901 19.7989898732 48.2700735446 39.3954312072 
66 95.0052630121 17.0 14.0356688476 21.0 17.0 30.0 18.6010752377 19.1049731745 16.1554944214 15.0332963784 45.0111097397 29.4278779391 29.0172362571 35.3411940941 32.5576411922 10.4403065089 7.61577310586 18.0277563773 16.5529453572 19.2353840617 17.4642491966 37.1618083521 37.1618083521 12.8062484749 10.0498756211 26.9258240357 18.6010752377 14.1421356237 10.0 7.28010988928 10.0 11.6619037897 15.0332963784 13.0 11.401754251 31.064449134 28.1602556807 26.5706605112 38.3275357935 22.825424421 53.7587202229 47.8852795753 
76 93.2630687893 16.0 13.6014705087 24.1867732449 21.0950231097 28.4429253067 18.3847763109 20.591260282 13.3416640641 14.3178210633 47.6759897642 26.9258240357 27.2946881279 36.0555127546 33.2415402772 13.6014705087 10.0 17.691806013 17.4928556845 19.9248588452 16.0312195419 38.5875627631 38.8329756779 10.295630141 9.48683298051 22.8473193176 16.7630546142 15.2970585408 11.6619037897 9.0 10.8166538264 13.0 14.3178210633 10.0 7.61577310586 24.1867732449 21.0237960416 18.8679622641 39.3192065027 23.4307490277 59.6657355607 50.9215082259 
85 86.0929730001 16.1245154966 15.0332963784 22.0907220344 15.0332963784 31.1448230048 18.0277563773 17.691806013 14.3178210633 14.3178210633 44.1814440687 25.7099202644 24.0208242989 31.304951685 27.2029410175 8.54400374532 7.28010988928 13.416407865 14.2126704036 24.4131112315 22.0907220344 37.1214223865 33.1058907145 10.7703296143 11.0453610172 21.5406592285 20.0 15.1327459504 13.6014705087 8.0622577483 9.21954445729 12.2065556157 14.3178210633 10.6301458127 9.21954445729 24.4131112315 22.0227155455 22.360679775 29.2745623366 18.7882942281 48.1040538832 41.1825205639 
87 90.0222194794 14.0356688476 15.0332963784 25.0 16.0 31.0161248385 15.8113883008 15.8113883008 14.8660687473 15.2315462117 43.0 28.1602556807 28.6356421266 31.9530906173 33.1058907145 8.24621125124 8.24621125124 15.2643375225 15.2643375225 22.1359436212 21.5406592285 33.1058907145 35.3553390593 13.416407865 15.2643375225 23.8537208838 26.9258240357 13.0 9.21954445729 13.9283882772 9.43398113206 9.21954445729 15.2315462117 11.7046999107 11.1803398875 30.4138126515 29.0172362571 30.8706980809 24.5153013443 30.0 41.400483089 44.598206242 
98 93.7443331621 16.4924225025 14.1421356237 22.360679775 16.1245154966 31.5753068077 18.973665961 19.2093727123 17.2046505341 14.0356688476 44.1474801093 28.2842712475 26.0768096208 34.5398320783 29.4108823397 9.8488578018 7.28010988928 13.416407865 14.1421356237 22.627416998 20.0249843945 33.6154726279 30.8058436015 14.1421356237 11.1803398875 26.6833281283 17.691806013 17.0 12.2065556157 6.40312423743 9.89949493661 14.2126704036 14.0356688476 9.89949493661 8.0622577483 24.0831891576 19.6468827044 17.4642491966 36.1386219992 18.0277563773 53.7587202229 40.8044115262 
106 96.0832971957 17.1172427686 17.0293863659 25.0 15.0332963784 42.0119030752 22.4722050542 20.0 17.7200451467 15.8113883008 49.0917508345 28.6356421266 27.2946881279 34.0147027034 32.8937684068 8.54400374532 8.0622577483 13.8924439894 15.2643375225 21.2132034356 19.2093727123 39.6610640301 39.4461658466 14.8660687473 13.152946438 25.0599281723 22.4722050542 14.3178210633 14.2126704036 11.401754251 13.4536240471 14.1421356237 15.8113883008 10.0 8.60232526704 23.6008474424 21.0237960416 21.6333076528 28.6356421266 21.5870331449 52.3259018078 45.607017004 
110 94.0478601564 16.0 14.0 25.0199920064 19.0 41.0121933088 17.8044938148 18.4390889146 14.8660687473 14.1421356237 48.0104155366 25.3179778023 24.0831891576 31.304951685 29.1547594742 10.4403065089 9.48683298051 13.4536240471 14.1421356237 17.8044938148 14.4222051019 42.5440947724 41.1825205639 13.0384048104 12.6491106407 25.495097568 21.6333076528 14.1421356237 11.401754251 11.401754251 11.401754251 11.6619037897 14.1421356237 9.21954445729 7.81024967591 23.8537208838 21.0237960416 21.4709105536 27.0 17.1172427686 50.9116882454 44.4072066223 
114 96.6281532474 17.0293863659 16.2788205961 26.0768096208 20.0249843945 39.0512483795 18.3847763109 17.4928556845 14.5602197786 13.8924439894 48.1663783152 25.9615099715 26.0192236625 32.7566787083 31.3209195267 10.4403065089 10.7703296143 15.6204993518 16.4012194669 18.3575597507 18.0277563773 38.8329756779 38.0131556175 11.6619037897 12.0415945788 25.495097568 24.7386337537 14.5602197786 10.0 12.1655250606 8.0622577483 10.7703296143 13.8924439894 8.60232526704 8.60232526704 25.495097568 24.0831891576 25.0 29.0 26.2488094968 49.040799341 47.8016736109 
143 98.270036125 15.0332963784 14.5602197786 24.5153013443 17.2626765016 28.6356421266 20.5182845287 20.2484567313 16.0312195419 16.5529453572 45.8911756223 26.9258240357 27.1661554144 32.0156211872 30.2654919008 10.0 7.61577310586 15.6204993518 13.9283882772 19.0262975904 18.8679622641 32.2024843762 33.2415402772 14.3178210633 15.2643375225 23.4307490277 23.769728648 13.0 12.7279220614 12.0 13.6014705087 13.416407865 16.5529453572 10.1980390272 9.43398113206 23.4093998214 21.3775583264 21.9317121995 36.0138862107 27.7848879789 51.3127664427 46.5295604965 
167 89.5600357302 15.1327459504 14.0356688476 22.0227155455 19.0262975904 39.0512483795 20.6155281281 21.4709105536 18.1107702763 18.4390889146 45.1774279923 24.5153013443 24.0831891576 30.886890423 28.8617393793 10.4403065089 9.8488578018 14.1421356237 14.2126704036 20.0 17.0 46.3249392876 43.3243580449 14.8660687473 15.2315462117 25.6124969497 23.8537208838 13.9283882772 12.0415945788 9.8488578018 10.4403065089 13.8924439894 18.4390889146 8.48528137424 7.81024967591 26.9258240357 26.1725046566 27.4590604355 23.769728648 21.3775583264 47.4236228055 47.8852795753 
183 96.1769203084 15.1327459504 14.5602197786 24.3310501212 15.5241746963 33.7342555869 19.1049731745 18.3575597507 15.0332963784 13.0 47.5184174821 27.5136329844 26.0 31.064449134 30.8058436015 8.0 8.0622577483 14.8660687473 15.8113883008 19.9248588452 20.0 35.0 37.0 9.21954445729 10.0 20.2484567313 20.3960780544 12.6491106407 11.1803398875 12.0 10.0 13.0 13.0 11.401754251 11.401754251 22.825424421 20.0997512422 21.2602916255 30.4138126515 24.5967477525 50.3289181286 47.4130783645 
191 99.6092365195 18.4390889146 16.0312195419 24.3310501212 15.1327459504 33.2415402772 20.1246117975 20.5182845287 16.6433169771 15.0332963784 48.6621002424 29.8328677804 27.0739727414 35.3411940941 29.4108823397 8.54400374532 7.07106781187 18.3847763109 17.0 22.803508502 20.3960780544 36.2491379208 34.1320963318 14.2126704036 12.0 27.892651362 20.6155281281 17.0293863659 12.8062484749 8.60232526704 9.89949493661 13.4536240471 15.0332963784 13.0 13.3416640641 30.61045573 27.4590604355 25.9615099715 38.8329756779 20.1246117975 54.4518135602 43.2666153056 
208 93.0 14.0 14.0 23.0 15.0 29.0 15.8113883008 17.8044938148 13.9283882772 14.3178210633 43.0116263352 29.8328677804 29.0172362571 34.885527085 31.7804971641 9.21954445729 6.32455532034 17.0 16.5529453572 21.9544984001 19.2353840617 34.885527085 33.6154726279 12.7279220614 9.48683298051 24.6981780705 19.2353840617 15.1327459504 9.21954445729 8.24621125124 8.60232526704 12.5299640861 14.3178210633 13.0 12.1655250606 25.0 21.0950231097 21.0237960416 37.8549864615 23.3238075794 55.1724568965 46.5295604965 
256 94.1912947145 14.0356688476 14.0356688476 23.1948270095 17.0293863659 31.064449134 16.1245154966 16.2788205961 14.3178210633 13.3416640641 42.2965719651 26.1725046566 24.1867732449 31.384709653 28.231188427 9.48683298051 8.24621125124 15.2643375225 15.0 18.0277563773 16.4924225025 33.1058907145 32.7566787083 10.8166538264 10.4403065089 21.5406592285 20.2484567313 13.0384048104 10.6301458127 10.7703296143 9.21954445729 12.8062484749 13.3416640641 10.0 9.48683298051 23.8537208838 22.0907220344 23.2594066992 28.6356421266 28.2842712475 46.0108682813 45.2769256907 
259 92.3471710449 16.0312195419 15.0332963784 24.0208242989 18.0277563773 34.1320963318 18.3575597507 19.8494332413 16.5529453572 16.1245154966 46.0434577329 30.1496268634 30.1496268634 36.0555127546 35.1140997322 9.8488578018 9.48683298051 17.0 17.2046505341 20.0 18.4390889146 37.3363094052 38.275318418 14.8660687473 12.3693168769 27.8567765544 22.2036033112 15.2970585408 9.43398113206 9.8488578018 10.0 13.6014705087 16.1245154966 11.401754251 10.7703296143 27.8028775489 24.5153013443 24.0416305603 32.0156211872 19.6977156036 52.0096144958 47.4341649025 
285 91.2688336728 15.0332963784 15.0332963784 24.1867732449 19.1049731745 34.3656805549 22.803508502 20.591260282 19.0262975904 17.7200451467 48.0936586256 26.6833281283 27.0185121722 33.1209903234 32.9848450049 10.4403065089 10.295630141 16.2788205961 14.7648230602 17.7200451467 17.2046505341 36.0555127546 37.6961536499 13.152946438 12.6491106407 22.0227155455 21.9544984001 12.6491106407 13.4536240471 12.0415945788 13.6014705087 13.4536240471 17.7200451467 7.61577310586 9.21954445729 23.7065391823 23.0867927612 23.8537208838 26.9258240357 22.4722050542 48.1040538832 46.6476151588 
292 99.3227063667 16.2788205961 14.0356688476 25.079872408 19.0262975904 33.0605505096 18.973665961 18.6010752377 18.0277563773 14.3178210633 42.2965719651 30.2654919008 29.0688837075 37.1618083521 33.5261092285 11.7046999107 8.54400374532 17.4928556845 17.2046505341 20.0 17.1172427686 32.6496554346 32.4499614792 12.7279220614 10.4403065089 25.7099202644 19.2353840617 15.0332963784 10.0 10.4403065089 9.89949493661 14.7648230602 14.3178210633 10.8166538264 10.1980390272 26.8700576851 21.5870331449 20.6155281281 40.4969134626 26.0768096208 56.5862174032 47.4341649025 
297 96.5194280961 18.1107702763 16.2788205961 23.3452350599 21.2132034356 36.2215405525 16.2788205961 20.0 14.3178210633 13.6014705087 47.853944456 33.9558536927 34.5253530033 42.5440947724 41.0487515035 13.6014705087 10.6301458127 16.2788205961 18.0277563773 19.4164878389 15.5241746963 37.5366487582 33.8378486314 12.2065556157 10.0498756211 27.7308492477 18.3847763109 16.4924225025 10.8166538264 7.0 11.6619037897 12.0830459736 13.6014705087 10.6301458127 6.7082039325 29.0688837075 25.0199920064 23.7065391823 37.1214223865 20.5182845287 57.6888204074 45.5411901469 
303 97.2522493313 17.0293863659 16.0312195419 27.0185121722 18.0 34.0147027034 22.360679775 22.2036033112 20.2484567313 19.2353840617 50.0899191455 28.8617393793 27.0739727414 35.3553390593 31.6227766017 10.4403065089 8.54400374532 17.0 18.0277563773 20.8086520467 18.4390889146 31.9061122671 31.064449134 17.0293863659 14.5602197786 30.4630924235 25.0 17.2626765016 11.6619037897 10.7703296143 11.6619037897 14.4222051019 19.2353840617 12.5299640861 11.1803398875 25.8069758011 22.2036033112 21.5406592285 35.3553390593 20.2484567313 50.6063237155 39.8246155035 
313 92.0217365626 14.0 14.0356688476 23.0217288664 15.0332963784 27.0739727414 16.2788205961 17.691806013 12.3693168769 12.1655250606 46.0434577329 30.083217913 29.0 36.235341864 33.5410196625 9.48683298051 7.21110255093 16.5529453572 17.88854382 17.88854382 15.5241746963 33.6154726279 35.8468966579 8.60232526704 7.07106781187 20.2484567313 16.1554944214 15.0332963784 11.6619037897 8.0 9.89949493661 12.5299640861 12.1655250606 12.5299640861 10.1980390272 26.6270539114 23.1948270095 21.5406592285 36.6742416418 21.4709105536 52.3259018078 45.6508488421 
321 93.9414711403 16.4924225025 16.1245154966 25.3179778023 22.360679775 35.902646142 18.3847763109 18.3847763109 17.2626765016 17.4928556845 45.7055795281 29.1204395571 28.4429253067 36.6196668472 34.2344855372 13.152946438 10.8166538264 20.5182845287 19.3132079158 22.0907220344 21.0950231097 38.2883794382 38.3275357935 12.6491106407 13.6014705087 25.6124969497 25.632011236 13.9283882772 11.401754251 12.0415945788 10.7703296143 11.6619037897 17.4928556845 12.3693168769 11.6619037897 29.4108823397 27.4590604355 28.4253408071 32.0624390838 23.4093998214 51.3127664427 44.283179651 
329 96.4209520799 15.1327459504 15.1327459504 24.0831891576 18.1107702763 33.1360830516 22.825424421 21.2132034356 18.4390889146 17.0 50.4876222455 29.0688837075 29.2745623366 34.7850542619 33.6154726279 9.8488578018 9.21954445729 17.0 16.4012194669 21.0950231097 19.4164878389 38.6264158317 38.0788655293 14.3178210633 12.0415945788 23.7065391823 21.2602916255 14.1421356237 13.6014705087 10.7703296143 12.0415945788 14.2126704036 17.0 10.8166538264 10.7703296143 27.4590604355 26.1725046566 26.0 30.0665927567 24.0831891576 47.4236228055 44.598206242 
331 101.004950374 17.0 16.0312195419 25.0 18.0 30.0166620396 19.1049731745 19.1049731745 14.5602197786 13.3416640641 51.0 31.5753068077 31.0161248385 38.0788655293 36.4005494464 9.8488578018 9.8488578018 18.3575597507 18.3575597507 19.3132079158 17.7200451467 30.2324329157 29.0688837075 11.1803398875 11.401754251 24.1660919472 21.4709105536 14.0356688476 12.7279220614 11.0453610172 12.8062484749 13.8924439894 13.3416640641 10.7703296143 11.1803398875 21.400934559 18.0 20.8086520467 36.2491379208 29.6816441593 53.7587202229 48.5489443758 
333 89.5600357302 15.1327459504 14.1421356237 23.0867927612 17.1172427686 32.14031736 19.8494332413 18.8679622641 17.1172427686 14.5602197786 46.0977222865 27.2029410175 26.0768096208 32.4499614792 29.4278779391 10.0498756211 7.61577310586 13.4536240471 13.0384048104 18.7882942281 17.4642491966 35.8050275799 33.8378486314 12.3693168769 11.401754251 22.803508502 19.2353840617 13.9283882772 12.2065556157 10.4403065089 10.6301458127 13.0384048104 14.5602197786 8.94427191 8.0622577483 27.3130005675 24.0831891576 24.6981780705 32.14031736 21.5406592285 48.2597140481 42.0594816896 
336 93.4344690144 17.7200451467 16.0312195419 25.3179778023 17.2626765016 37.2155881319 17.88854382 18.6010752377 14.2126704036 12.0415945788 48.8364617883 28.4429253067 27.1661554144 35.8468966579 31.0161248385 10.295630141 8.24621125124 15.2315462117 15.5563491861 23.3452350599 17.2626765016 42.1544778167 40.8166632639 12.0415945788 9.0 26.1725046566 18.8679622641 17.0 11.313708499 8.94427191 9.43398113206 11.6619037897 12.0415945788 10.6301458127 8.0622577483 27.0185121722 25.3179778023 24.6981780705 32.7566787083 20.2484567313 54.6717477313 48.2597140481 
339 98.005101908 17.0293863659 17.0293863659 25.0199920064 16.0 26.0192236625 19.2093727123 20.6155281281 16.7630546142 17.4642491966 50.0 27.2946881279 26.4764045897 30.4630924235 29.9666481275 8.0622577483 8.0622577483 14.4222051019 14.4222051019 21.8403296678 22.360679775 29.1547594742 30.0166620396 17.0 16.1554944214 29.6816441593 28.0178514522 13.9283882772 11.1803398875 13.416407865 10.8166538264 11.1803398875 17.4642491966 11.1803398875 11.1803398875 30.4138126515 28.0713376952 29.1547594742 35.1283361405 29.4278779391 44.687805943 43.1393092202 
355 88.1419309977 16.1245154966 15.0332963784 20.0 16.0 30.0166620396 17.4928556845 19.1049731745 14.7648230602 13.152946438 42.0119030752 27.2946881279 27.0 32.6955654485 30.8058436015 9.48683298051 7.61577310586 12.2065556157 13.4536240471 15.6204993518 13.6014705087 34.4818792991 31.7804971641 12.2065556157 10.0498756211 24.3515913238 18.3575597507 14.3178210633 9.89949493661 6.7082039325 8.60232526704 10.6301458127 13.152946438 8.48528137424 6.7082039325 25.9422435421 24.0 23.2594066992 30.2654919008 18.0277563773 48.1040538832 37.7359245282 
357 98.5088828482 15.1327459504 14.0 23.1948270095 17.1172427686 27.2946881279 17.0 18.3847763109 14.7648230602 13.0384048104 44.283179651 28.1602556807 27.1661554144 34.5398320783 30.6757233004 10.7703296143 7.28010988928 16.5529453572 16.4012194669 20.591260282 20.0 34.7850542619 33.1209903234 12.7279220614 10.0498756211 25.0 18.0277563773 15.0 10.8166538264 8.54400374532 9.89949493661 11.6619037897 13.0384048104 11.401754251 10.0498756211 28.6006992922 26.3058928759 25.0 41.7731971484 24.1660919472 54.4518135602 45.8039299624 
376 89.1403387923 15.0332963784 14.0 19.0262975904 17.0 31.0 15.8113883008 16.2788205961 13.416407865 11.1803398875 40.1123422403 27.1661554144 26.0192236625 33.6154726279 30.5941170816 10.7703296143 8.0622577483 15.0 14.4222051019 18.3575597507 16.7630546142 34.9857113691 32.6955654485 12.8062484749 10.1980390272 24.6981780705 18.8679622641 13.3416640641 8.60232526704 7.21110255093 7.21110255093 9.8488578018 11.1803398875 8.60232526704 8.0622577483 26.9258240357 24.0208242989 22.8473193176 35.2278299076 16.5529453572 51.8555686499 38.4707681233 
379 90.0888450364 15.1327459504 13.0 21.0950231097 16.0 31.064449134 17.2046505341 17.0293863659 13.0 13.152946438 42.1070065429 26.4764045897 24.0 32.2024843762 27.892651362 9.48683298051 7.61577310586 15.0 13.8924439894 21.0950231097 20.3960780544 37.1618083521 35.77708764 11.401754251 10.1980390272 23.0867927612 18.0277563773 13.0 10.8166538264 8.24621125124 10.0 11.6619037897 13.152946438 8.60232526704 8.0622577483 25.495097568 22.5610283454 19.6468827044 34.7131099154 18.8679622641 53.0377224247 44.7772263545 
419 97.5141015443 18.0277563773 17.1172427686 23.0867927612 14.1421356237 28.2842712475 24.2074368738 23.3238075794 20.2237484162 18.6815416923 50.0899191455 28.7923600978 27.0185121722 33.2866339542 30.4138126515 8.0622577483 6.7082039325 15.0 14.8660687473 22.803508502 21.5406592285 34.6698716467 34.205262753 16.2788205961 14.1421356237 27.0185121722 22.4722050542 13.6014705087 15.6204993518 10.1980390272 14.4222051019 14.4222051019 18.6815416923 11.401754251 11.1803398875 26.0 24.0831891576 23.3238075794 36.0555127546 21.4709105536 53.0094331228 42.9534631898 
432 99.1261822124 17.0293863659 17.0293863659 23.0217288664 18.0277563773 32.14031736 15.8113883008 16.2788205961 10.7703296143 11.1803398875 48.0936586256 30.4138126515 30.0 36.2491379208 34.9284983931 10.4403065089 8.94427191 15.6204993518 15.2643375225 16.1554944214 15.2643375225 36.7151195014 37.6961536499 8.60232526704 10.0 23.4093998214 24.0416305603 12.1655250606 8.60232526704 11.0453610172 8.60232526704 12.3693168769 11.1803398875 8.94427191 8.60232526704 29.9666481275 28.0 27.7308492477 32.2490309932 25.9615099715 50.931326313 47.4341649025 
439 99.4082491547 18.0277563773 16.1245154966 27.0739727414 19.0262975904 37.0135110466 20.0 21.4709105536 18.0277563773 18.0277563773 49.2544414241 25.9615099715 26.0192236625 33.2866339542 31.3209195267 11.401754251 8.94427191 14.8660687473 15.0 22.360679775 21.5406592285 37.7359245282 37.1214223865 13.9283882772 14.3178210633 26.9258240357 24.5967477525 15.8113883008 12.8062484749 12.3693168769 11.6619037897 11.401754251 18.0277563773 9.21954445729 8.0622577483 25.2388589282 22.0 23.0217288664 31.0161248385 24.3515913238 48.9182992345 46.6154480832 
443 86.005813757 17.0293863659 15.0332963784 24.0208242989 18.0 36.0 19.4164878389 19.2093727123 16.1554944214 14.3178210633 47.0425339454 28.6356421266 27.0 35.3553390593 30.8058436015 11.401754251 7.61577310586 18.0277563773 17.0 21.6333076528 18.973665961 38.4707681233 38.4707681233 12.2065556157 11.1803398875 25.632011236 19.7230829233 15.1327459504 11.313708499 9.48683298051 10.6301458127 13.6014705087 14.3178210633 11.6619037897 10.7703296143 27.2029410175 23.1948270095 22.4722050542 32.3882694814 17.8044938148 53.0377224247 47.853944456 
448 94.7628619239 16.1245154966 15.0332963784 23.0217288664 17.0293863659 26.0192236625 15.8113883008 17.2046505341 13.0384048104 11.0453610172 46.1735855225 29.0172362571 29.4278779391 33.5261092285 33.6154726279 9.48683298051 8.24621125124 14.4222051019 14.2126704036 18.3847763109 17.1172427686 28.4429253067 34.205262753 9.89949493661 6.0827625303 23.5372045919 17.4642491966 13.0 9.21954445729 10.0498756211 10.295630141 14.8660687473 11.0453610172 8.94427191 8.54400374532 26.4007575649 21.0237960416 17.1172427686 41.6773319683 25.0 54.3783044973 50.0 
452 93.0215028905 16.0312195419 16.0 25.0 18.0277563773 36.0138862107 19.4164878389 22.6715680975 15.8113883008 17.0293863659 51.0098029794 30.1496268634 31.2569992162 35.4682957019 35.1140997322 10.4403065089 8.24621125124 18.7882942281 18.8679622641 21.4709105536 20.6155281281 35.77708764 36.8917334914 14.4222051019 14.3178210633 26.4007575649 23.6008474424 15.5241746963 10.6301458127 10.7703296143 12.2065556157 12.0830459736 17.0293863659 13.8924439894 13.6014705087 27.4590604355 25.079872408 26.0 29.8328677804 22.1359436212 48.9182992345 47.0106370942 
