Leaf
48 100.004999875 15.0332963784 16.0312195419 26.0 19.0262975904 36.0138862107 15.6204993518 13.6014705087 12.0830459736 12.8062484749 44.0113621693 29.1547594742 30.2654919008 34.1760149813 34.9284983931 9.48683298051 10.1980390272 17.4928556845 17.2046505341 18.7882942281 19.2353840617 37.4432904537 33.5410196625 10.6301458127 11.1803398875 23.769728648 26.3058928759 12.1655250606 6.40312423743 14.1421356237 5.0 11.6619037897 12.8062484749 10.7703296143 11.1803398875 24.6981780705 24.1867732449 27.8028775489 25.9615099715 32.9848450049 50.2493781056 48.8364617883 
80 99.9849988748 16.2788205961 17.0293863659 28.0713376952 20.0997512422 40.1995024845 19.7230829233 19.1049731745 15.2315462117 14.3178210633 52.3450093132 28.0178514522 29.4108823397 33.9558536927 36.8917334914 10.295630141 11.401754251 18.7882942281 19.2093727123 22.4722050542 22.4722050542 38.9101529167 38.6005181312 12.8062484749 12.5299640861 25.0 25.9422435421 13.152946438 9.43398113206 15.5241746963 11.401754251 9.8488578018 14.3178210633 12.2065556157 12.0830459736 26.4196896272 26.0 30.0166620396 23.2594066992 30.1496268634 48.8773976394 50.9901951359 
87 90.0222194794 14.0356688476 15.0332963784 25.0 16.0 31.0161248385 15.8113883008 15.8113883008 14.8660687473 15.2315462117 43.0 28.1602556807 28.6356421266 31.9530906173 33.1058907145 8.24621125124 8.24621125124 15.2643375225 15.2643375225 22.1359436212 21.5406592285 33.1058907145 35.3553390593 13.416407865 15.2643375225 23.8537208838 26.9258240357 13.0 9.21954445729 13.9283882772 9.43398113206 9.21954445729 15.2315462117 11.7046999107 11.1803398875 30.4138126515 29.0172362571 30.8706980809 24.5153013443 30.0 41.400483089 44.598206242 
45 95.0 14.0 14.0 25.0 15.0332963784 33.0151480384 20.2484567313 18.8679622641 17.2626765016 16.4924225025 46.0108682813 30.4138126515 31.4006369362 37.0 37.3363094052 8.60232526704 8.94427191 18.3847763109 17.88854382 19.2353840617 19.2353840617 36.235341864 34.885527085 14.8660687473 15.2315462117 23.6008474424 24.4131112315 13.3416640641 13.6014705087 12.3693168769 12.5299640861 13.4536240471 16.4924225025 11.7046999107 12.0830459736 25.9422435421 25.0199920064 26.9258240357 25.9615099715 30.8058436015 47.0106370942 48.8364617883 
114 96.6281532474 17.0293863659 16.2788205961 26.0768096208 20.0249843945 39.0512483795 18.3847763109 17.4928556845 14.5602197786 13.8924439894 48.1663783152 25.9615099715 26.0192236625 32.7566787083 31.3209195267 10.4403065089 10.7703296143 15.6204993518 16.4012194669 18.3575597507 18.0277563773 38.8329756779 38.0131556175 11.6619037897 12.0415945788 25.495097568 24.7386337537 14.5602197786 10.0 12.1655250606 8.0622577483 10.7703296143 13.8924439894 8.60232526704 8.60232526704 25.495097568 24.0831891576 25.0 29.0 26.2488094968 49.040799341 47.8016736109 
141 92.1954445729 15.2970585408 16.4924225025 22.360679775 20.3960780544 34.3656805549 20.0 20.1246117975 15.0332963784 15.6524758425 48.0520551069 26.0768096208 26.0 31.0161248385 34.7850542619 9.48683298051 13.0384048104 17.0293863659 16.5529453572 16.0 20.5182845287 34.4093010682 35.8468966579 13.152946438 15.2643375225 20.6155281281 25.632011236 8.60232526704 12.0415945788 15.0332963784 13.8924439894 9.48683298051 15.6524758425 8.0622577483 10.0 22.803508502 22.5610283454 24.8394846967 19.0262975904 32.5576411922 40.3112887415 50.2095608425 
154 97.4166310237 15.1327459504 17.1172427686 26.0768096208 17.1172427686 34.2344855372 19.7230829233 20.5182845287 15.8113883008 17.2626765016 50.1597448159 29.0172362571 30.083217913 32.2800247831 33.6154726279 8.24621125124 9.0 18.3847763109 18.0277563773 21.4709105536 22.1359436212 35.8468966579 35.2278299076 12.5299640861 12.6491106407 22.8473193176 25.2388589282 13.152946438 11.401754251 13.6014705087 12.0415945788 12.0415945788 17.2626765016 14.3178210633 14.3178210633 26.6270539114 26.0768096208 28.231188427 25.5538646784 30.5941170816 47.8852795753 50.931326313 
157 97.0206163658 16.0 16.0312195419 26.0192236625 18.0277563773 39.0512483795 16.2788205961 17.2046505341 13.0 14.3178210633 47.0956473573 27.4590604355 27.1661554144 32.2024843762 32.3109888428 9.21954445729 9.48683298051 16.4012194669 16.1245154966 19.2353840617 20.0 41.1825205639 42.4852915725 10.8166538264 11.401754251 23.769728648 24.3515913238 13.3416640641 9.21954445729 13.152946438 9.21954445729 11.6619037897 14.3178210633 10.7703296143 10.8166538264 24.1867732449 23.0 23.3238075794 24.5153013443 24.5153013443 50.4479930225 50.6063237155 
239 89.2020179144 14.0 17.0293863659 24.0831891576 20.0997512422 34.2344855372 20.0 19.7230829233 16.1245154966 17.4642491966 46.0977222865 28.0178514522 28.1602556807 31.6227766017 34.9284983931 9.21954445729 11.7046999107 15.5563491861 15.8113883008 17.2626765016 18.6010752377 39.1152144312 39.2173431023 13.3416640641 13.8924439894 21.400934559 26.4007575649 9.48683298051 11.6619037897 15.0332963784 13.6014705087 9.21954445729 17.4642491966 9.21954445729 9.21954445729 18.973665961 20.6155281281 23.3452350599 17.0880074906 33.0605505096 45.2216762184 50.2095608425 
289 99.1261822124 17.0 17.0293863659 24.0831891576 17.0293863659 32.0624390838 22.0227155455 19.4164878389 17.2626765016 16.1554944214 49.0102030194 26.4764045897 27.0739727414 30.4138126515 30.6757233004 9.05538513814 8.24621125124 15.0 15.2643375225 19.9248588452 20.1246117975 36.235341864 37.1618083521 14.8660687473 15.2643375225 26.0768096208 27.7308492477 13.416407865 10.6301458127 12.6491106407 9.8488578018 11.1803398875 16.1554944214 10.7703296143 11.1803398875 28.6356421266 27.0185121722 29.1547594742 28.6356421266 28.8617393793 48.9182992345 48.6004115209 
323 94.3716058992 15.8113883008 16.2788205961 24.5153013443 18.4390889146 32.7566787083 21.0950231097 19.6977156036 16.2788205961 17.0 51.4198405287 28.4604989415 28.1602556807 33.0151480384 32.3882694814 10.0 8.94427191 17.691806013 18.0277563773 21.0950231097 21.6333076528 36.8781778292 35.902646142 13.152946438 15.0 22.2036033112 26.5706605112 12.5299640861 14.7648230602 13.0384048104 11.7046999107 12.6491106407 17.0 13.3416640641 13.0384048104 25.495097568 25.0 27.6586333719 25.3179778023 25.2982212813 44.6542271235 45.1774279923 
389 96.0052081921 16.0312195419 16.0 26.0192236625 18.0277563773 33.1360830516 21.2602916255 20.0 15.1327459504 16.4924225025 52.0096144958 28.2842712475 28.2842712475 32.6955654485 33.6154726279 9.21954445729 9.48683298051 18.0277563773 17.88854382 21.8403296678 21.0237960416 33.2866339542 34.4383507154 14.8660687473 14.7648230602 24.6981780705 26.4196896272 12.1655250606 13.8924439894 14.0356688476 13.8924439894 12.0830459736 16.4924225025 12.3693168769 12.5299640861 29.1547594742 28.0178514522 28.6356421266 28.8617393793 25.7099202644 48.0832611207 45.4532727095 
427 97.0463806641 16.1245154966 16.0312195419 21.0237960416 17.0 34.0147027034 21.2602916255 18.4390889146 14.1421356237 13.6014705087 47.0956473573 26.0 25.3179778023 29.8328677804 31.304951685 7.61577310586 10.4403065089 14.4222051019 15.0 17.4642491966 19.7230829233 33.5410196625 34.6698716467 12.0830459736 13.6014705087 22.8473193176 26.0 9.48683298051 8.94427191 12.6491106407 8.0622577483 11.401754251 13.6014705087 7.61577310586 9.43398113206 26.9258240357 27.0185121722 29.0688837075 25.495097568 33.0605505096 43.931765273 50.0 
434 87.0229854694 17.1172427686 17.2626765016 24.0 15.0 33.0 22.4722050542 23.7065391823 17.7200451467 18.973665961 47.0425339454 30.1496268634 30.5941170816 34.7850542619 35.4682957019 8.54400374532 7.61577310586 14.7648230602 15.2643375225 17.4642491966 19.4164878389 37.1214223865 36.6742416418 14.0356688476 15.5241746963 21.6333076528 24.1867732449 11.7046999107 14.1421356237 13.6014705087 14.2126704036 10.8166538264 18.973665961 9.43398113206 9.8488578018 22.8473193176 24.0831891576 26.0768096208 20.591260282 26.9258240357 46.6476151588 50.219518118 
