Leaf
72 117.239071985 20.0997512422 20.0997512422 31.1448230048 20.2237484162 46.1735855225 26.0768096208 26.8700576851 20.8806130178 21.0237960416 64.28063472 27.0 29.1547594742 32.2800247831 35.6089876295 9.8488578018 11.0453610172 18.3575597507 17.0293863659 22.2036033112 23.0217288664 45.6946386352 47.2016948848 19.4164878389 21.3775583264 29.4108823397 33.2415402772 14.5602197786 18.0277563773 18.3847763109 19.1049731745 12.8062484749 21.0237960416 11.6619037897 12.5299640861 34.9284983931 36.0138862107 38.6264158317 24.1867732449 35.4400902933 50.219518118 54.7083174664 
5 106.677082825 17.0293863659 21.3775583264 24.3310501212 14.1421356237 37.2155881319 23.4307490277 25.495097568 19.1049731745 21.4709105536 50.8035431835 28.1602556807 30.8058436015 30.3644529014 36.2491379208 6.0827625303 8.54400374532 11.401754251 13.0384048104 20.3960780544 26.1725046566 38.9486841883 42.0475920833 14.1421356237 16.1245154966 21.2132034356 30.6757233004 8.0622577483 13.4536240471 17.0 16.6433169771 17.4928556845 21.4709105536 8.54400374532 9.21954445729 22.803508502 24.7386337537 29.7321374946 20.1246117975 46.389654019 48.0208288142 65.2993108693 
17 110.22250224 20.2237484162 20.0249843945 30.0665927567 17.0293863659 44.0454310911 23.8537208838 24.2074368738 18.3847763109 18.6815416923 58.0775343829 34.3656805549 33.9558536927 40.4969134626 39.3954312072 9.8488578018 8.54400374532 15.8113883008 14.4222051019 20.5182845287 20.6155281281 41.6773319683 41.0487515035 13.9283882772 13.3416640641 26.9258240357 25.9422435421 15.0332963784 15.6204993518 15.2970585408 15.6204993518 16.4012194669 18.6815416923 10.0 9.43398113206 23.6008474424 22.0227155455 23.8537208838 30.8706980809 29.1547594742 58.412327466 56.0802995712 
38 107.168092266 16.1245154966 17.0 28.0713376952 19.0262975904 28.0713376952 23.6008474424 24.5967477525 21.0950231097 22.803508502 53.2353266168 31.064449134 32.7566787083 35.7351367704 39.8120584748 9.48683298051 10.7703296143 18.8679622641 19.2353840617 26.0 26.5706605112 41.4366987102 43.3243580449 18.1107702763 20.1246117975 26.9072480941 31.6227766017 11.1803398875 15.2643375225 18.2482875909 17.4928556845 13.4536240471 22.803508502 12.3693168769 13.416407865 30.6757233004 31.1448230048 34.1320963318 27.2029410175 42.1900462195 52.4785670536 59.4138031101 
40 105.0428484 20.0997512422 20.0249843945 25.0199920064 20.0249843945 36.0138862107 24.0831891576 24.7588368063 16.4924225025 17.2626765016 58.0086200491 35.0 35.3553390593 40.0249921924 41.2310562562 9.8488578018 11.401754251 19.2353840617 19.4164878389 21.1896201004 21.9317121995 42.7200187266 44.2944691807 14.1421356237 15.1327459504 25.0599281723 26.0768096208 11.1803398875 15.0 14.3178210633 16.9705627485 13.6014705087 17.2626765016 13.0 13.416407865 34.0147027034 35.0142828 35.8468966579 30.083217913 30.083217913 55.7584074378 57.008771255 
42 109.114618636 17.0 19.0262975904 27.0185121722 18.0 39.0128184063 22.803508502 21.9317121995 18.2482875909 17.4642491966 56.0089278598 28.0713376952 29.8328677804 31.6227766017 35.3553390593 8.24621125124 10.1980390272 16.1245154966 17.2046505341 18.3575597507 20.8086520467 37.5898922584 38.275318418 15.8113883008 16.5529453572 26.6270539114 30.5286750449 12.0830459736 11.6619037897 16.4924225025 14.2126704036 11.1803398875 17.4642491966 10.7703296143 11.1803398875 29.5465734054 28.0178514522 30.886890423 22.360679775 38.2099463491 45.0 52.4785670536 
94 110.47624179 17.4642491966 20.3960780544 26.3058928759 19.2353840617 42.2965719651 22.360679775 21.2602916255 17.4642491966 18.4390889146 52.9528091795 30.2654919008 31.0161248385 34.2344855372 37.2021504755 8.94427191 11.0453610172 17.4642491966 17.691806013 20.2484567313 22.4722050542 38.4837628098 39.6988664826 15.2315462117 15.8113883008 25.079872408 31.4006369362 11.1803398875 13.0 16.1554944214 13.4536240471 12.8062484749 18.4390889146 11.6619037897 12.5299640861 26.4196896272 27.0 32.2490309932 23.3238075794 40.0124980475 48.7647413609 58.3095189485 
105 109.772492001 19.0 19.4164878389 27.2946881279 20.0997512422 50.3587132481 23.3452350599 21.0950231097 16.1245154966 16.1245154966 55.3263047745 30.5941170816 32.0156211872 36.6742416418 38.6005181312 10.4403065089 11.1803398875 15.6204993518 14.4222051019 18.8679622641 23.3238075794 48.6004115209 49.6588360717 12.0 13.416407865 22.4722050542 26.2488094968 11.7046999107 13.6014705087 16.0 15.6204993518 13.0384048104 16.1245154966 7.81024967591 10.295630141 24.3515913238 24.5153013443 26.8700576851 21.2132034356 27.892651362 55.2268050859 58.0086200491 
108 109.772492001 17.0293863659 19.4164878389 28.1602556807 21.0950231097 49.2544414241 21.9317121995 21.4709105536 16.0312195419 17.4928556845 54.4518135602 29.1547594742 30.2654919008 32.6955654485 36.2491379208 10.0498756211 11.401754251 16.4012194669 14.4222051019 17.7200451467 26.9258240357 44.9444101085 49.7393204618 13.0384048104 15.0 21.2602916255 29.1204395571 9.8488578018 13.4536240471 19.0262975904 14.8660687473 12.8062484749 17.4928556845 9.48683298051 11.401754251 22.4722050542 23.1948270095 25.6124969497 18.4390889146 33.0605505096 50.6063237155 61.554853586 
118 105.929221653 17.0293863659 16.1245154966 26.0768096208 18.0277563773 34.0147027034 26.4196896272 25.6124969497 22.360679775 22.0 55.2268050859 31.0161248385 31.3209195267 34.7131099154 37.2155881319 8.54400374532 10.1980390272 16.1245154966 16.4012194669 21.5406592285 21.5406592285 34.0147027034 36.0555127546 19.2353840617 19.4164878389 26.9072480941 29.0 11.401754251 17.88854382 15.8113883008 17.8044938148 12.8062484749 22.0 11.1803398875 10.7703296143 28.3019433962 27.0739727414 29.5465734054 27.3130005675 38.1182371051 46.872166581 51.6236379966 
132 114.127122105 19.4164878389 20.3960780544 26.4764045897 19.4164878389 38.8329756779 22.6715680975 22.8473193176 19.1049731745 20.2484567313 53.1507290637 26.6833281283 27.0185121722 30.0166620396 32.8937684068 9.0 10.7703296143 14.8660687473 16.1245154966 24.5153013443 24.4131112315 40.8044115262 43.3243580449 14.3178210633 16.2788205961 28.4253408071 32.0156211872 12.2065556157 9.89949493661 16.1245154966 11.1803398875 13.8924439894 20.2484567313 10.4403065089 9.89949493661 37.6430604494 35.3553390593 37.4432904537 30.2654919008 37.0 48.4148737476 50.931326313 
149 102.313244499 17.2626765016 18.0 26.0768096208 17.1172427686 36.2215405525 27.2946881279 27.0185121722 21.3775583264 21.0237960416 56.2227711875 30.0665927567 30.8058436015 34.4818792991 34.885527085 8.54400374532 9.05538513814 15.6524758425 15.6204993518 21.0950231097 21.5406592285 40.162171256 41.0487515035 18.0277563773 18.2482875909 26.9258240357 27.6586333719 13.3416640641 15.6524758425 13.9283882772 16.4012194669 12.8062484749 21.0237960416 11.6619037897 11.7046999107 25.6124969497 24.3310501212 24.6981780705 31.9530906173 29.6141857899 54.6443043693 55.1543289326 
164 106.117859006 18.0277563773 20.0 26.0192236625 20.0249843945 40.0124980475 25.2388589282 25.8069758011 20.3960780544 21.5870331449 55.0090901579 29.0172362571 29.8328677804 33.9558536927 36.7151195014 9.8488578018 11.401754251 16.6433169771 17.0293863659 20.2484567313 23.0217288664 35.3553390593 37.8021163429 18.4390889146 18.973665961 27.8028775489 31.6227766017 11.6619037897 13.416407865 17.4642491966 14.8660687473 10.6301458127 21.5870331449 10.295630141 10.8166538264 27.3130005675 27.0185121722 30.0166620396 22.803508502 32.0624390838 44.2040722106 49.0917508345 
177 103.947101932 17.2626765016 19.4164878389 26.4764045897 23.1948270095 47.3814309619 22.6715680975 23.4093998214 18.0 21.0950231097 52.3927475897 29.0688837075 31.0161248385 34.5398320783 39.2173431023 11.401754251 13.416407865 18.3847763109 18.8679622641 18.973665961 23.4307490277 45.2216762184 47.853944456 13.0384048104 16.9705627485 24.0831891576 32.0156211872 10.295630141 11.313708499 17.0 13.0 11.1803398875 21.0950231097 9.8488578018 12.0415945788 28.4604989415 28.4429253067 32.0156211872 18.4390889146 31.064449134 50.0 55.9732078766 
187 111.004504413 17.0 18.0277563773 29.0172362571 21.0237960416 37.0540146273 27.0185121722 24.7588368063 21.0 19.0262975904 63.1268564083 33.0151480384 33.7342555869 38.3275357935 40.7062648741 9.8488578018 12.3693168769 17.4928556845 18.4390889146 18.973665961 21.4709105536 44.7772263545 43.382023927 16.0312195419 17.0880074906 22.627416998 29.4108823397 11.0453610172 19.2093727123 18.1107702763 18.4390889146 13.4536240471 19.0262975904 11.1803398875 12.0830459736 28.4604989415 31.1448230048 34.4818792991 24.1867732449 40.7921561087 55.9464029228 64.3506021728 
201 109.224539367 17.0293863659 16.0312195419 29.0688837075 20.0249843945 33.1360830516 23.6008474424 24.2074368738 18.2482875909 20.0249843945 58.0344725142 28.0178514522 28.1602556807 31.6227766017 33.8378486314 9.21954445729 11.0453610172 16.1245154966 17.691806013 21.1896201004 22.803508502 36.7695526217 36.3593179254 15.2970585408 17.4642491966 24.4131112315 26.9072480941 13.152946438 16.4012194669 16.4924225025 17.691806013 15.5563491861 20.0249843945 11.1803398875 11.7046999107 26.0768096208 25.0199920064 27.7308492477 31.2569992162 38.0525951809 47.4236228055 52.697248505 
209 97.4166310237 16.2788205961 19.2353840617 27.1661554144 22.0907220344 39.2045915678 22.6715680975 25.0599281723 20.0249843945 20.2484567313 54.5893762558 26.0192236625 27.2946881279 28.231188427 33.1209903234 10.0 12.1655250606 17.0293863659 18.6010752377 23.3452350599 24.6981780705 43.0116263352 41.4366987102 16.0312195419 17.0 25.495097568 29.5465734054 11.1803398875 14.2126704036 17.1172427686 15.8113883008 12.0415945788 20.2484567313 13.6014705087 12.5299640861 26.4764045897 29.1204395571 34.0587727319 17.88854382 37.483329628 49.6487663492 56.7274184147 
210 108.189648303 17.2626765016 18.2482875909 29.4278779391 16.1245154966 38.2099463491 23.4307490277 27.8567765544 21.0950231097 24.3515913238 55.542776308 31.3209195267 33.2415402772 34.0 37.3363094052 7.0 9.21954445729 15.2643375225 17.0 26.9258240357 28.3019433962 44.2944691807 46.2385120868 17.0293863659 19.3132079158 26.9072480941 29.1547594742 13.8924439894 14.8660687473 17.1172427686 18.8679622641 14.1421356237 24.3515913238 12.6491106407 13.0384048104 28.7923600978 29.2745623366 32.8024389337 27.2946881279 35.902646142 53.2634959423 60.0 
211 118.004237212 21.0 20.0 30.0166620396 24.0208242989 46.0108682813 27.2029410175 26.6270539114 22.5610283454 22.5610283454 61.0081961707 29.1547594742 29.1547594742 35.3411940941 34.4383507154 12.3693168769 12.1655250606 19.2093727123 18.4390889146 25.0599281723 24.1660919472 45.2769256907 44.418464629 19.3132079158 20.2484567313 33.2866339542 33.0151480384 15.8113883008 15.2643375225 16.1554944214 15.2643375225 15.6204993518 22.5610283454 12.0830459736 12.5299640861 36.235341864 34.0147027034 37.5765884561 34.0147027034 31.0161248385 55.9016994375 53.7587202229 
247 111.072048689 18.1107702763 19.0 27.0185121722 20.0249843945 45.0444225182 24.6981780705 25.8069758011 19.6468827044 21.3775583264 55.0090901579 29.0688837075 30.3644529014 34.7131099154 38.5875627631 10.295630141 11.7046999107 15.6204993518 14.8660687473 18.7882942281 24.7588368063 46.8187996429 51.0392006207 17.1172427686 18.4390889146 25.0 29.206163733 11.401754251 16.6433169771 16.4924225025 18.4390889146 13.6014705087 21.3775583264 7.07106781187 10.0 25.5538646784 26.0192236625 27.7848879789 20.8806130178 35.0142828 51.8844870843 62.6258732474 
268 103.043680059 20.0249843945 19.0262975904 28.0 23.0217288664 37.0135110466 28.8444102037 28.3019433962 23.3452350599 23.3452350599 59.0 29.0688837075 28.1602556807 34.5398320783 35.3411940941 11.401754251 12.6491106407 19.2093727123 19.4164878389 21.5870331449 22.8473193176 39.9624824054 38.4837628098 20.2237484162 20.8806130178 29.8328677804 31.4006369362 13.9283882772 18.0277563773 15.8113883008 17.4928556845 14.8660687473 23.3452350599 10.7703296143 11.6619037897 26.83281573 26.1725046566 29.4108823397 26.9258240357 32.0156211872 50.4479930225 52.6307894678 
271 108.00462953 17.0293863659 17.0 27.0185121722 22.0227155455 38.0525951809 23.0217288664 24.4131112315 20.3960780544 20.2237484162 54.0370243444 32.14031736 32.0624390838 36.7695526217 37.3363094052 11.1803398875 11.401754251 17.8044938148 18.6010752377 22.1359436212 21.9317121995 39.8246155035 41.5932686862 13.9283882772 14.3178210633 26.0768096208 26.4196896272 13.6014705087 12.0415945788 14.3178210633 12.8062484749 14.2126704036 20.2237484162 12.0830459736 12.0830459736 27.7308492477 27.0185121722 28.3019433962 28.8617393793 33.1360830516 52.4976189936 53.0377224247 
273 105.683489723 17.0293863659 19.2353840617 26.3058928759 19.1049731745 40.1995024845 24.0416305603 23.7065391823 18.0 19.6977156036 54.5893762558 26.0 28.8617393793 29.4108823397 36.235341864 9.21954445729 10.7703296143 14.8660687473 14.4222051019 18.1107702763 24.8394846967 41.5932686862 46.0651712251 14.3178210633 16.1245154966 20.5182845287 29.1547594742 8.94427191 14.8660687473 18.0 17.2046505341 14.2126704036 19.6977156036 7.61577310586 9.21954445729 24.0416305603 25.3179778023 28.6006992922 18.6815416923 38.0 47.7074417675 60.3075451333 
295 102.176318196 17.0 18.2482875909 29.0688837075 21.0237960416 38.1182371051 25.495097568 26.83281573 19.0 21.8403296678 58.4208866759 29.1547594742 30.4138126515 33.6154726279 36.6742416418 10.1980390272 11.401754251 18.6010752377 18.8679622641 20.6155281281 21.6333076528 39.1152144312 39.8120584748 15.0332963784 18.3575597507 23.4307490277 29.9666481275 11.7046999107 14.8660687473 18.1107702763 16.6433169771 13.6014705087 21.8403296678 12.3693168769 12.0830459736 27.5136329844 28.2842712475 31.064449134 22.8473193176 36.6742416418 49.4064773081 57.2800139665 
310 109.004587059 19.0262975904 20.0 28.0 22.0227155455 42.0475920833 25.2388589282 23.0217288664 20.6155281281 20.2484567313 55.0363516233 32.0 33.5410196625 38.3275357935 41.1460812229 11.1803398875 12.6491106407 20.2484567313 19.4164878389 21.0237960416 22.825424421 39.1152144312 37.4432904537 14.5602197786 15.6524758425 26.4196896272 30.4138126515 12.3693168769 13.6014705087 16.2788205961 14.2126704036 14.8660687473 20.2484567313 11.1803398875 13.0384048104 23.7065391823 24.0831891576 27.8028775489 22.825424421 36.4005494464 49.6487663492 56.5862174032 
328 107.912001186 18.0277563773 18.2482875909 29.1547594742 22.0907220344 45.1774279923 26.1725046566 24.6981780705 19.0262975904 18.6815416923 61.2943716829 29.8328677804 30.0 36.7151195014 36.6878726557 11.401754251 12.0830459736 17.0293863659 15.8113883008 17.0 19.8494332413 48.0104155366 46.2385120868 18.0 18.3847763109 26.1725046566 28.6530975638 13.9283882772 18.3847763109 16.1245154966 17.4928556845 15.2315462117 18.6815416923 8.94427191 10.6301458127 24.6981780705 24.5153013443 27.6586333719 23.0 28.4429253067 53.0377224247 55.2177507691 
340 99.7246208316 17.0293863659 17.2626765016 27.0739727414 21.0237960416 40.049968789 22.803508502 25.495097568 19.2353840617 20.8806130178 52.4690384894 27.4590604355 28.0178514522 34.0 33.8378486314 11.401754251 10.7703296143 18.6010752377 18.8679622641 23.0867927612 24.1867732449 45.4862616622 42.7200187266 16.2788205961 18.0277563773 26.2488094968 26.9258240357 13.6014705087 15.6204993518 14.1421356237 17.0 13.4536240471 20.8806130178 11.7046999107 11.1803398875 21.5406592285 22.5610283454 25.4558441227 24.5153013443 31.0161248385 54.5618914628 56.302753041 
341 113.017697729 18.0 17.0 29.0172362571 24.0 38.0131556175 23.3238075794 21.6333076528 20.8806130178 18.6815416923 53.0848377599 33.0605505096 32.14031736 39.5600808897 39.0 12.6491106407 12.6491106407 17.691806013 16.2788205961 25.0 24.0416305603 39.8246155035 40.7062648741 14.7648230602 14.7648230602 28.1780056072 27.2946881279 14.3178210633 12.2065556157 15.5241746963 12.0415945788 14.8660687473 18.6815416923 8.60232526704 9.21954445729 28.6006992922 25.079872408 26.4196896272 35.7351367704 33.8378486314 58.137767415 57.6281181369 
362 106.018866246 18.0277563773 19.0262975904 25.0199920064 17.0293863659 34.0147027034 26.6270539114 26.4196896272 23.1948270095 22.803508502 53.0377224247 26.3058928759 26.3058928759 29.5465734054 30.8706980809 8.0622577483 9.21954445729 16.1245154966 17.4928556845 25.2982212813 25.632011236 35.8468966579 35.77708764 20.3960780544 19.9248588452 30.4138126515 30.8058436015 13.8924439894 15.2643375225 14.3178210633 14.7648230602 16.2788205961 22.803508502 13.0 12.6491106407 24.5967477525 24.0831891576 26.6270539114 28.1602556807 32.0624390838 45.9673797382 47.4236228055 
402 117.004273426 21.0 20.0 30.0 22.0 40.0124980475 23.4307490277 22.4722050542 18.973665961 20.6155281281 57.008771255 35.1283361405 35.3553390593 40.4969134626 41.2310562562 11.401754251 11.401754251 20.8086520467 19.7230829233 21.8403296678 23.3238075794 36.3593179254 38.275318418 14.5602197786 17.0 28.6530975638 31.7647603485 14.3178210633 14.8660687473 16.2788205961 14.4222051019 13.4536240471 20.6155281281 12.6491106407 14.7648230602 28.6530975638 27.0 30.0166620396 31.384709653 35.1710107901 53.2634959423 56.5685424949 
403 116.0 15.0332963784 18.0277563773 32.0 25.0199920064 48.0104155366 24.0831891576 23.0217288664 19.0262975904 20.6155281281 61.0081961707 27.0185121722 29.1204395571 33.5261092285 38.8329756779 12.0830459736 14.5602197786 20.0 19.8494332413 22.803508502 27.8028775489 49.6588360717 51.6236379966 16.0312195419 18.3575597507 23.3452350599 31.9061122671 11.7046999107 15.6204993518 21.3775583264 16.9705627485 12.2065556157 20.6155281281 10.295630141 12.8062484749 31.9530906173 32.14031736 37.7359245282 18.0277563773 46.389654019 50.6063237155 67.6756972628 
445 110.027269347 17.0 18.4390889146 30.2654919008 20.2237484162 45.2769256907 25.6124969497 26.0 20.0249843945 21.5406592285 56.5685424949 32.0156211872 32.0624390838 36.7151195014 37.947331922 10.0498756211 10.7703296143 17.691806013 17.88854382 18.7882942281 22.6715680975 41.8688428309 41.1460812229 16.0 17.4642491966 23.3452350599 27.7308492477 13.9283882772 17.0293863659 17.0293863659 18.0277563773 15.6204993518 21.5406592285 11.7046999107 12.8062484749 26.9258240357 25.495097568 30.4138126515 24.3515913238 34.5398320783 53.1507290637 58.0086200491 
479 109.041276588 18.0 18.0277563773 28.0713376952 22.0227155455 47.0425339454 20.6155281281 19.4164878389 16.7630546142 16.5529453572 52.038447325 27.2946881279 28.0713376952 34.0147027034 35.8468966579 10.7703296143 13.0 17.8044938148 18.6010752377 24.5967477525 25.2388589282 42.201895692 42.1900462195 17.0 16.4012194669 30.0166620396 30.4630924235 13.9283882772 11.1803398875 15.2970585408 11.1803398875 11.7046999107 16.5529453572 10.295630141 12.7279220614 27.4590604355 24.0208242989 27.2029410175 27.4590604355 29.2745623366 52.3450093132 52.3450093132 
