Leaf
216 102.122475489 16.0312195419 15.1327459504 27.0739727414 23.0217288664 33.0605505096 19.2353840617 19.8494332413 17.4642491966 17.1172427686 49.1629942131 27.4590604355 26.0192236625 35.3553390593 30.6757233004 12.6491106407 11.401754251 20.8086520467 19.4164878389 23.4093998214 23.0867927612 37.5765884561 36.235341864 19.1049731745 15.8113883008 31.7804971641 26.2488094968 17.2626765016 11.7046999107 11.1803398875 11.1803398875 12.6491106407 17.1172427686 12.0830459736 12.6491106407 31.064449134 28.1602556807 27.8567765544 38.2099463491 23.4093998214 53.8144961883 46.0434577329 
150 106.230880633 16.0312195419 16.0312195419 27.0739727414 21.0237960416 35.1283361405 24.1867732449 24.1660919472 22.360679775 21.8403296678 49.0917508345 27.4590604355 28.0178514522 34.0 33.8378486314 11.401754251 10.7703296143 18.4390889146 17.4928556845 25.495097568 24.6981780705 38.0788655293 39.3954312072 18.6815416923 17.4642491966 28.319604517 27.4590604355 13.6014705087 16.1245154966 14.1421356237 15.6524758425 14.2126704036 21.8403296678 10.7703296143 10.8166538264 26.9258240357 25.0199920064 25.8069758011 34.7131099154 31.6227766017 53.7401153702 52.8015151298 
36 102.239913928 16.1245154966 17.0 27.0 23.0 40.0124980475 22.6715680975 23.3238075794 19.0262975904 20.6155281281 54.083269132 24.5153013443 24.0208242989 31.9061122671 28.7923600978 12.3693168769 11.401754251 16.2788205961 16.9705627485 24.6981780705 23.4093998214 46.3249392876 42.7200187266 16.4924225025 18.3847763109 26.9072480941 29.4108823397 14.7648230602 12.7279220614 15.6524758425 12.2065556157 13.416407865 20.6155281281 10.6301458127 10.0 25.079872408 24.3310501212 28.4253408071 29.4278779391 29.0172362571 51.8555686499 47.6340214553 
107 98.2496819333 17.1172427686 17.1172427686 28.0713376952 18.1107702763 33.2415402772 21.4709105536 20.6155281281 18.3847763109 18.4390889146 51.2445119013 26.1725046566 26.9258240357 30.4630924235 30.5286750449 9.21954445729 9.0 14.7648230602 15.5563491861 21.4709105536 21.5870331449 36.4005494464 36.0555127546 14.8660687473 15.2643375225 28.4604989415 29.1547594742 15.2970585408 9.43398113206 13.9283882772 9.43398113206 11.6619037897 18.4390889146 11.6619037897 11.401754251 29.1547594742 28.1602556807 29.7321374946 31.2569992162 27.1661554144 47.4236228055 47.3814309619 
130 101.651364969 17.7200451467 15.8113883008 27.892651362 18.973665961 37.3363094052 20.2484567313 18.973665961 16.0 15.8113883008 51.923019943 28.231188427 27.0739727414 33.4215499341 33.5410196625 10.0 10.0 18.4390889146 18.4390889146 22.0907220344 21.2132034356 37.5366487582 38.6393581727 12.3693168769 15.0 26.2488094968 27.2946881279 13.8924439894 10.295630141 15.0 9.48683298051 14.3178210633 15.8113883008 12.1655250606 11.313708499 28.8617393793 25.9615099715 27.5862284483 31.2569992162 26.0 51.0 47.0106370942 
181 103.07764064 18.0277563773 17.0293863659 26.0192236625 20.0 39.0 24.4131112315 24.6981780705 21.3775583264 20.3960780544 53.0377224247 26.9258240357 27.0185121722 34.1320963318 31.0483493925 11.401754251 9.48683298051 17.8044938148 16.6433169771 23.7065391823 22.4722050542 36.6196668472 34.9857113691 16.2788205961 16.1245154966 27.0185121722 24.2074368738 16.4924225025 17.691806013 10.4403065089 15.2643375225 14.8660687473 20.3960780544 11.6619037897 11.1803398875 29.6816441593 26.0192236625 26.83281573 36.3455636908 25.495097568 54.0370243444 48.0104155366 
231 102.420701033 18.4390889146 17.0293863659 25.3179778023 18.1107702763 40.3112887415 24.1660919472 24.0831891576 19.6977156036 19.0262975904 51.6236379966 30.0166620396 28.6356421266 33.5261092285 31.7647603485 9.21954445729 9.0 13.6014705087 13.4536240471 18.3847763109 18.3575597507 38.0131556175 37.0135110466 15.6524758425 15.0332963784 26.9258240357 24.0831891576 14.0 15.6524758425 11.7046999107 14.8660687473 14.2126704036 19.0262975904 10.0 9.48683298051 27.4590604355 27.0739727414 28.7923600978 30.3644529014 22.2036033112 51.0881590978 45.9673797382 
322 111.0 19.0 19.0262975904 29.0172362571 20.0 33.0151480384 21.400934559 23.4307490277 18.0277563773 19.4164878389 57.0 27.6586333719 26.1725046566 33.6154726279 30.4630924235 11.1803398875 9.21954445729 17.2046505341 17.2046505341 26.2488094968 24.5153013443 38.9486841883 37.6961536499 15.2643375225 15.5241746963 29.9666481275 28.0178514522 16.4924225025 12.0415945788 13.9283882772 13.4536240471 14.4222051019 19.4164878389 11.6619037897 11.1803398875 28.6530975638 27.0185121722 29.1547594742 37.1214223865 30.4138126515 53.9073278878 48.4148737476 
360 115.351636313 19.1049731745 18.0 27.0185121722 20.0249843945 41.0121933088 22.6715680975 22.4722050542 19.4164878389 19.9248588452 54.083269132 29.1204395571 28.0178514522 34.1320963318 31.3209195267 10.0498756211 10.1980390272 17.8044938148 17.4928556845 20.591260282 21.0950231097 45.0 39.5600808897 17.4642491966 17.4642491966 31.6227766017 29.6816441593 15.6524758425 11.401754251 14.3178210633 11.6619037897 15.2315462117 19.9248588452 12.6491106407 12.5299640861 40.5215991787 40.3112887415 43.8292140016 38.0788655293 30.0665927567 54.5893762558 44.687805943 
364 100.019998 17.0 16.0312195419 28.0178514522 16.0 36.0138862107 23.6008474424 22.6715680975 19.2353840617 18.0277563773 57.0788927713 31.6227766017 29.0688837075 37.2155881319 32.2800247831 9.21954445729 7.28010988928 20.6155281281 20.6155281281 26.4196896272 25.0 45.1884941108 43.4626276242 19.6977156036 17.2626765016 30.8058436015 26.1725046566 17.7200451467 15.8113883008 12.5299640861 13.6014705087 13.152946438 18.0277563773 16.1554944214 16.4924225025 40.249223595 37.0540146273 36.6878726557 36.4965751818 22.0907220344 51.7397332811 47.7074417675 
378 106.569226327 20.0997512422 18.0277563773 25.079872408 19.0262975904 38.3275357935 27.0185121722 24.4131112315 23.1948270095 19.4164878389 56.0089278598 30.083217913 30.0665927567 37.2155881319 34.5253530033 11.401754251 8.94427191 19.2093727123 17.4642491966 24.6981780705 21.4709105536 44.6542271235 43.965895874 18.6815416923 17.7200451467 32.0156211872 28.0178514522 15.2315462117 15.0 11.7046999107 14.3178210633 14.7648230602 19.4164878389 11.7046999107 12.5299640861 34.1760149813 32.0624390838 31.7647603485 37.1214223865 26.6833281283 58.8217646794 51.1077293567 
381 105.118980208 17.0293863659 17.0293863659 28.0 17.0293863659 36.0 22.0227155455 23.0217288664 18.2482875909 18.4390889146 55.0363516233 30.083217913 28.1602556807 34.4818792991 31.9530906173 9.05538513814 8.24621125124 16.6433169771 17.0 23.769728648 25.079872408 43.8292140016 42.1544778167 14.5602197786 15.8113883008 25.8069758011 26.0768096208 15.5241746963 14.8660687473 13.6014705087 13.6014705087 13.0384048104 18.4390889146 13.0 13.0 30.8706980809 30.0665927567 31.384709653 30.1496268634 29.8328677804 53.1507290637 53.0094331228 
384 100.019998 18.0277563773 17.0 26.0192236625 18.0277563773 40.049968789 26.6270539114 25.0 21.2132034356 20.0997512422 56.0089278598 30.083217913 29.0 34.9857113691 32.0156211872 10.0498756211 8.24621125124 16.4012194669 16.1245154966 20.0 18.0277563773 42.7200187266 41.629316593 17.7200451467 16.2788205961 28.0178514522 25.6124969497 15.8113883008 15.6204993518 11.7046999107 14.4222051019 15.2643375225 20.0997512422 12.5299640861 11.7046999107 34.9284983931 34.0 33.6154726279 30.1496268634 21.8403296678 53.7587202229 48.0208288142 
393 111.758668568 19.1049731745 18.2482875909 26.3058928759 21.0950231097 35.2278299076 19.7230829233 19.2093727123 17.4928556845 15.2970585408 51.7880295049 30.0166620396 28.2842712475 36.6878726557 34.4383507154 11.1803398875 11.401754251 17.4928556845 17.691806013 23.2594066992 23.3452350599 41.7851648316 40.3112887415 14.8660687473 13.0 30.3644529014 27.4590604355 15.0332963784 11.1803398875 12.0830459736 9.21954445729 12.2065556157 15.2970585408 10.0 10.295630141 33.2866339542 31.1448230048 32.6955654485 36.1247837364 32.0 53.0754180389 49.5176736126 
441 101.178060863 19.0262975904 17.1172427686 27.0185121722 18.0277563773 36.0138862107 19.8494332413 20.8086520467 17.0880074906 15.8113883008 52.0864665724 27.2029410175 28.0178514522 35.8468966579 33.2415402772 11.1803398875 8.94427191 18.8679622641 17.0 25.495097568 24.0416305603 42.4852915725 40.718546143 14.7648230602 13.416407865 29.5296461205 25.079872408 17.4642491966 13.4536240471 10.4403065089 9.8488578018 12.5299640861 15.8113883008 11.1803398875 10.7703296143 31.384709653 28.0178514522 26.83281573 36.0138862107 24.6981780705 53.8144961883 49.9299509313 
444 103.17460928 17.1172427686 16.0 25.0199920064 19.0262975904 34.0147027034 17.8044938148 18.6010752377 17.0880074906 15.8113883008 47.0425339454 28.8617393793 28.0178514522 34.4818792991 32.0156211872 10.1980390272 9.48683298051 14.8660687473 15.0 23.4093998214 23.0867927612 39.8120584748 40.718546143 14.8660687473 11.6619037897 29.9666481275 24.1660919472 15.5241746963 8.60232526704 10.4403065089 8.0622577483 13.416407865 15.8113883008 9.43398113206 10.0 26.9258240357 24.0208242989 25.0599281723 39.0512483795 22.803508502 54.2033209315 48.5489443758 
