Leaf
65 93.7709976485 15.5241746963 15.0332963784 23.1948270095 16.1245154966 32.14031736 19.2353840617 19.1049731745 14.3178210633 14.0356688476 46.5295604965 28.0713376952 27.4590604355 33.5261092285 31.7804971641 8.94427191 8.24621125124 13.0384048104 12.7279220614 18.0277563773 17.0880074906 33.2415402772 34.4093010682 13.0384048104 11.0453610172 23.0867927612 20.0 13.0384048104 11.6619037897 10.7703296143 11.401754251 12.0415945788 14.0356688476 8.48528137424 8.0622577483 21.9317121995 19.4164878389 20.1246117975 32.6955654485 23.4093998214 50.0 45.4532727095 
55 99.0050503762 19.1049731745 19.1049731745 28.0 25.0 39.0128184063 21.400934559 21.0950231097 16.1554944214 17.88854382 52.0096144958 31.064449134 31.0161248385 35.8468966579 35.8468966579 12.1655250606 13.152946438 19.1049731745 18.4390889146 21.8403296678 21.5406592285 36.0555127546 36.3593179254 12.0830459736 13.8924439894 25.632011236 27.8567765544 14.1421356237 12.7279220614 14.1421356237 12.2065556157 14.1421356237 17.88854382 12.0830459736 12.5299640861 20.2484567313 19.0262975904 21.400934559 30.0166620396 29.1547594742 54.8178802947 54.4058820349 
93 99.2471662064 16.0312195419 16.1245154966 22.0 17.0 31.0 16.4012194669 16.4012194669 9.48683298051 12.5299640861 45.0998891351 32.14031736 32.0624390838 36.6878726557 36.6878726557 8.54400374532 9.48683298051 16.6433169771 16.1245154966 17.0880074906 17.88854382 33.8378486314 30.4630924235 5.83095189485 9.21954445729 19.4164878389 23.3452350599 10.0498756211 9.21954445729 12.0415945788 8.60232526704 12.0830459736 12.5299640861 10.7703296143 11.6619037897 19.6977156036 20.3960780544 23.3452350599 27.7848879789 38.9486841883 50.6063237155 55.6057550978 
103 95.3362470417 17.0293863659 16.1245154966 24.0208242989 17.0293863659 28.0713376952 21.9317121995 20.0 16.0312195419 14.5602197786 52.038447325 35.6931365951 35.0 40.3112887415 38.8329756779 9.21954445729 8.54400374532 19.7230829233 19.3132079158 21.3775583264 21.1896201004 33.6154726279 32.8937684068 12.1655250606 13.0 23.0217288664 23.2594066992 12.0415945788 14.8660687473 12.0 13.8924439894 13.8924439894 14.5602197786 14.3178210633 14.8660687473 24.1660919472 23.0867927612 24.4131112315 32.2024843762 33.0151480384 54.0370243444 53.712196008 
162 113.004424692 20.2237484162 19.4164878389 27.0 22.0 41.0 15.5563491861 16.2788205961 12.0415945788 9.89949493661 50.0 29.1547594742 29.0688837075 36.7695526217 36.4005494464 12.0830459736 12.0830459736 14.2126704036 14.2126704036 13.4536240471 12.7279220614 37.4432904537 36.8917334914 9.21954445729 8.48528137424 27.1661554144 25.079872408 14.0 9.21954445729 13.0 9.21954445729 11.6619037897 9.89949493661 5.83095189485 6.7082039325 23.0217288664 22.0 23.6008474424 31.7804971641 32.0156211872 52.4022900263 51.6236379966 
267 103.310212467 18.0277563773 18.2482875909 27.0739727414 20.0997512422 41.1946598481 17.2046505341 17.8044938148 11.7046999107 13.0384048104 52.3450093132 31.4006369362 31.064449134 36.2491379208 37.0 10.1980390272 10.7703296143 17.0293863659 17.4928556845 17.4928556845 17.691806013 37.0135110466 37.5898922584 8.94427191 11.313708499 23.769728648 26.4764045897 13.3416640641 10.295630141 14.0356688476 9.21954445729 11.7046999107 13.0384048104 11.1803398875 10.8166538264 25.9422435421 24.0831891576 25.8069758011 25.079872408 27.8567765544 49.6789693935 50.6063237155 
286 106.16967552 17.1172427686 17.0293863659 27.0185121722 18.0277563773 32.0624390838 22.4722050542 22.0227155455 17.7200451467 16.2788205961 53.0848377599 32.14031736 32.5576411922 38.8973006776 39.0 10.295630141 9.8488578018 18.7882942281 18.8679622641 19.2353840617 18.6815416923 33.1209903234 31.384709653 13.0 12.3693168769 24.1660919472 22.825424421 14.0356688476 14.2126704036 13.152946438 14.1421356237 19.2093727123 16.2788205961 11.1803398875 11.401754251 20.5182845287 17.0 19.8494332413 38.0788655293 35.8468966579 57.8013840665 54.8178802947 
297 96.5194280961 18.1107702763 16.2788205961 23.3452350599 21.2132034356 36.2215405525 16.2788205961 20.0 14.3178210633 13.6014705087 47.853944456 33.9558536927 34.5253530033 42.5440947724 41.0487515035 13.6014705087 10.6301458127 16.2788205961 18.0277563773 19.4164878389 15.5241746963 37.5366487582 33.8378486314 12.2065556157 10.0498756211 27.7308492477 18.3847763109 16.4924225025 10.8166538264 7.0 11.6619037897 12.0830459736 13.6014705087 10.6301458127 6.7082039325 29.0688837075 25.0199920064 23.7065391823 37.1214223865 20.5182845287 57.6888204074 45.5411901469 
477 99.1261822124 17.0293863659 15.1327459504 27.0739727414 22.0907220344 40.1123422403 17.8044938148 16.6433169771 14.3178210633 13.416407865 47.0425339454 33.3766385366 33.0 39.8120584748 39.2937654088 12.3693168769 11.1803398875 20.8086520467 21.4709105536 20.1246117975 19.2353840617 35.6089876295 35.8468966579 12.0415945788 10.6301458127 26.2488094968 22.803508502 15.1327459504 9.89949493661 12.0 9.43398113206 12.2065556157 13.416407865 13.416407865 13.416407865 24.6981780705 22.0227155455 23.6008474424 31.7804971641 26.4007575649 54.4885309033 51.1077293567 
