Leaf
192 103.121287812 16.0 13.152946438 25.079872408 20.0997512422 39.4588393139 19.1049731745 17.0293863659 14.3178210633 11.1803398875 49.0102030194 30.083217913 29.1547594742 37.7359245282 34.3656805549 12.3693168769 9.43398113206 16.2788205961 16.6433169771 19.1049731745 11.6619037897 41.6173040934 42.7200187266 12.0830459736 9.21954445729 23.7065391823 16.5529453572 16.1245154966 14.2126704036 9.0 11.401754251 14.7648230602 11.1803398875 11.401754251 8.0622577483 32.6496554346 28.0713376952 26.0 36.0138862107 21.1896201004 59.2030404625 48.7647413609 
16 103.121287812 17.0293863659 16.0312195419 24.0831891576 20.0997512422 36.3455636908 23.4307490277 23.0217288664 19.1049731745 18.2482875909 52.0864665724 29.2745623366 29.0 33.5410196625 33.2415402772 11.0453610172 9.48683298051 15.5563491861 15.8113883008 22.4722050542 19.6977156036 37.4432904537 39.0 15.2970585408 14.3178210633 25.6124969497 23.0217288664 12.6491106407 14.2126704036 12.1655250606 15.0 13.0384048104 18.2482875909 10.8166538264 9.43398113206 27.7308492477 25.0199920064 26.0768096208 30.0 29.0688837075 49.040799341 46.7546789102 
21 98.1835016691 17.0293863659 17.2626765016 28.0713376952 19.1049731745 38.2099463491 17.8044938148 19.4164878389 16.1554944214 14.3178210633 50.1597448159 30.6757233004 29.0172362571 38.275318418 34.7131099154 11.401754251 9.43398113206 15.5563491861 15.2643375225 17.8044938148 14.4222051019 41.6173040934 40.4969134626 13.8924439894 12.3693168769 27.2946881279 21.9317121995 18.2482875909 14.2126704036 10.0498756211 13.0384048104 12.8062484749 14.3178210633 10.0 7.21110255093 29.9666481275 27.0 25.9422435421 35.0142828 22.4722050542 57.8013840665 47.8852795753 
32 95.0210502994 15.0 15.0 28.0178514522 18.0277563773 47.0106370942 17.8044938148 18.4390889146 14.5602197786 14.3178210633 51.0098029794 26.4764045897 26.4764045897 32.2024843762 31.304951685 9.48683298051 9.21954445729 15.0 14.2126704036 19.7989898732 20.5182845287 48.7647413609 48.3735464898 11.6619037897 12.5299640861 23.2594066992 23.7065391823 14.3178210633 10.6301458127 14.5602197786 10.6301458127 11.6619037897 14.3178210633 10.6301458127 10.6301458127 26.4196896272 26.0 26.4196896272 20.2237484162 21.0950231097 52.4309069157 52.0096144958 
50 93.0483745156 17.2626765016 17.0293863659 25.0199920064 21.0237960416 46.0434577329 22.803508502 22.803508502 15.2970585408 17.2626765016 53.0094331228 27.1661554144 27.0185121722 34.0147027034 31.9530906173 11.7046999107 10.4403065089 14.8660687473 14.8660687473 18.4390889146 17.0293863659 49.244289009 46.5295604965 13.6014705087 13.152946438 23.2594066992 22.4722050542 14.1421356237 14.8660687473 11.401754251 13.4536240471 13.416407865 17.2626765016 9.21954445729 8.48528137424 24.6981780705 24.0 25.2388589282 22.2036033112 19.2353840617 54.2033209315 49.0917508345 
53 96.0 19.0262975904 18.1107702763 28.0178514522 18.0277563773 47.0106370942 22.2036033112 22.803508502 18.0277563773 16.4924225025 55.0090901579 28.1602556807 27.0739727414 34.9857113691 32.5729949498 10.4403065089 8.94427191 12.0415945788 14.1421356237 24.0831891576 19.4164878389 48.2597140481 45.6179789118 13.6014705087 12.0415945788 25.9422435421 21.4709105536 16.2788205961 15.6204993518 12.1655250606 14.8660687473 14.1421356237 16.4924225025 10.0 7.07106781187 23.0217288664 20.0 20.2484567313 24.0831891576 19.9248588452 55.9016994375 52.1536192416 
61 97.5141015443 16.1245154966 16.0312195419 22.0907220344 16.0312195419 31.0161248385 19.8494332413 20.0 15.0332963784 15.5241746963 49.2544414241 29.4278779391 30.0166620396 34.9284983931 34.9284983931 9.48683298051 8.0622577483 18.3575597507 18.3847763109 19.9248588452 21.0237960416 38.9101529167 38.6264158317 11.401754251 13.0 23.0217288664 23.7065391823 11.7046999107 10.6301458127 11.1803398875 11.6619037897 12.0830459736 15.5241746963 13.0 12.6491106407 27.3130005675 28.0178514522 28.6530975638 28.4429253067 28.7923600978 49.578221025 51.3127664427 
86 100.079968026 18.2482875909 17.0 25.079872408 21.0950231097 39.2045915678 22.2036033112 22.6715680975 15.8113883008 17.1172427686 53.0848377599 27.0739727414 27.0739727414 32.6955654485 30.4630924235 11.401754251 10.0498756211 17.2046505341 16.2788205961 19.4164878389 19.3132079158 40.249223595 38.275318418 15.2315462117 15.1327459504 26.4007575649 24.2074368738 14.3178210633 13.6014705087 12.0830459736 13.4536240471 11.6619037897 17.1172427686 11.6619037897 11.7046999107 33.6154726279 31.064449134 32.3109888428 32.0 22.0907220344 48.795491595 43.931765273 
92 95.1892851113 18.1107702763 18.0277563773 24.0831891576 20.0997512422 40.1123422403 19.8494332413 19.7989898732 13.9283882772 13.6014705087 51.0881590978 26.0 26.3058928759 32.5729949498 32.2024843762 11.1803398875 10.4403065089 17.2046505341 15.6204993518 16.4012194669 17.2046505341 42.0475920833 41.3400532172 11.1803398875 12.6491106407 24.3515913238 24.5967477525 12.1655250606 10.6301458127 12.6491106407 11.313708499 11.6619037897 13.6014705087 8.60232526704 8.60232526704 30.0166620396 28.0178514522 28.6356421266 26.1725046566 25.3179778023 49.2036584006 50.2493781056 
100 96.2548700067 17.1172427686 16.0312195419 24.0831891576 17.0293863659 39.1152144312 22.825424421 22.803508502 18.973665961 19.1049731745 49.1629942131 26.1725046566 25.3179778023 32.3109888428 30.4630924235 9.8488578018 8.54400374532 15.2643375225 15.0 19.7989898732 17.88854382 39.3573373083 38.275318418 13.9283882772 15.1327459504 24.5967477525 24.0831891576 13.3416640641 12.8062484749 12.0830459736 13.4536240471 15.6204993518 19.1049731745 10.0 8.54400374532 28.0178514522 26.1725046566 26.9258240357 27.2946881279 22.0227155455 48.1663783152 43.8634243989 
111 99.0807751282 18.0 18.2482875909 26.0768096208 17.1172427686 42.1070065429 20.5182845287 22.2036033112 15.5241746963 15.8113883008 53.2353266168 27.892651362 27.0739727414 33.1209903234 32.5729949498 9.21954445729 8.94427191 13.4536240471 14.4222051019 18.4390889146 18.3847763109 41.6173040934 41.1460812229 12.3693168769 12.1655250606 24.1867732449 21.9317121995 14.5602197786 13.6014705087 12.1655250606 14.1421356237 14.2126704036 15.8113883008 8.60232526704 8.60232526704 27.3130005675 25.079872408 26.0768096208 27.0739727414 23.3452350599 52.3450093132 47.8016736109 
130 101.651364969 17.7200451467 15.8113883008 27.892651362 18.973665961 37.3363094052 20.2484567313 18.973665961 16.0 15.8113883008 51.923019943 28.231188427 27.0739727414 33.4215499341 33.5410196625 10.0 10.0 18.4390889146 18.4390889146 22.0907220344 21.2132034356 37.5366487582 38.6393581727 12.3693168769 15.0 26.2488094968 27.2946881279 13.8924439894 10.295630141 15.0 9.48683298051 14.3178210633 15.8113883008 12.1655250606 11.313708499 28.8617393793 25.9615099715 27.5862284483 31.2569992162 26.0 51.0 47.0106370942 
168 97.0051545022 17.0 15.0 25.0 19.0 36.0555127546 18.4390889146 18.4390889146 14.8660687473 14.3178210633 49.0 30.4138126515 30.0166620396 36.2491379208 34.4818792991 10.4403065089 9.48683298051 16.6433169771 17.2046505341 20.8086520467 15.8113883008 38.5875627631 38.4837628098 13.0384048104 11.401754251 26.4007575649 21.0950231097 15.1327459504 12.0415945788 10.1980390272 11.401754251 12.0830459736 14.3178210633 12.2065556157 10.7703296143 31.7647603485 28.0178514522 28.231188427 31.064449134 22.360679775 50.931326313 45.2216762184 
170 97.0824391947 18.2482875909 19.0262975904 27.0739727414 18.0 44.0454310911 21.0950231097 22.2036033112 16.5529453572 18.0277563773 51.0392006207 30.4138126515 28.2842712475 35.8468966579 33.6154726279 9.48683298051 9.48683298051 14.2126704036 14.2126704036 17.8044938148 17.691806013 44.418464629 41.6773319683 13.0384048104 12.6491106407 26.2488094968 25.495097568 15.0332963784 12.8062484749 12.3693168769 12.0415945788 13.4536240471 18.0277563773 8.60232526704 10.0 22.825424421 22.0 23.7065391823 22.803508502 20.6155281281 54.0370243444 50.0 
172 105.076162853 19.2353840617 18.1107702763 29.0172362571 22.0 43.0116263352 21.9544984001 21.400934559 17.88854382 15.8113883008 53.0848377599 27.1661554144 26.3058928759 34.0147027034 33.5410196625 11.7046999107 11.7046999107 14.8660687473 14.8660687473 19.2093727123 18.3575597507 39.4461658466 40.2243707222 16.1554944214 13.6014705087 27.7308492477 24.5967477525 15.5241746963 14.2126704036 14.8660687473 12.8062484749 12.8062484749 15.8113883008 8.0622577483 7.21110255093 26.6270539114 24.0831891576 24.5967477525 28.4429253067 24.5153013443 50.931326313 49.5176736126 
196 98.7319603776 16.2788205961 15.1327459504 25.3179778023 20.0997512422 38.4707681233 19.2353840617 19.1049731745 15.6524758425 15.0332963784 48.6621002424 29.1547594742 27.0739727414 34.9284983931 30.083217913 11.401754251 9.05538513814 15.6204993518 14.1421356237 20.5182845287 19.4164878389 47.539457296 42.9418211072 14.2126704036 12.1655250606 26.2488094968 22.0227155455 16.0312195419 13.8924439894 9.48683298051 11.401754251 13.0384048104 15.0332963784 9.21954445729 8.94427191 29.4108823397 27.1661554144 26.9258240357 34.1320963318 20.8806130178 58.137767415 49.9299509313 
215 98.2496819333 16.0 16.1245154966 24.0831891576 21.0950231097 43.1856457634 17.0293863659 16.2788205961 11.401754251 11.1803398875 48.0936586256 30.2654919008 30.0166620396 36.2491379208 36.1386219992 11.401754251 11.1803398875 16.2788205961 17.2046505341 18.6010752377 17.0293863659 43.8292140016 43.8634243989 9.43398113206 8.60232526704 22.4722050542 21.5870331449 13.152946438 10.0 11.0 9.21954445729 12.6491106407 11.1803398875 10.0 9.21954445729 29.5465734054 29.0172362571 28.6530975638 25.179356624 25.2982212813 52.3259018078 52.697248505 
230 96.0832971957 18.0 17.0293863659 27.0 20.0249843945 39.0512483795 20.0 18.0277563773 17.0880074906 15.6524758425 49.0102030194 32.0156211872 30.0166620396 38.0788655293 33.9558536927 11.1803398875 9.48683298051 17.0293863659 16.6433169771 21.4709105536 20.1246117975 38.6005181312 36.6742416418 13.8924439894 13.0384048104 27.7308492477 26.0 15.2970585408 12.0415945788 12.3693168769 9.43398113206 12.8062484749 15.6524758425 11.6619037897 10.295630141 30.8706980809 29.0172362571 29.5296461205 31.2569992162 21.9317121995 52.4976189936 45.2769256907 
235 97.5141015443 17.0293863659 16.2788205961 24.0831891576 18.1107702763 43.2897216438 19.7989898732 20.8086520467 15.2970585408 14.5602197786 50.2493781056 28.8617393793 28.0178514522 35.3553390593 33.7342555869 10.4403065089 9.43398113206 13.4536240471 13.6014705087 18.3847763109 15.6204993518 43.2781700168 40.8533964316 12.1655250606 11.401754251 23.0217288664 20.6155281281 12.6491106407 12.8062484749 12.1655250606 12.7279220614 12.5299640861 14.5602197786 9.21954445729 7.07106781187 22.8473193176 21.3775583264 24.7588368063 24.0208242989 22.803508502 51.7397332811 47.5078940809 
236 96.0052081921 17.0293863659 17.1172427686 24.0208242989 20.0249843945 45.0 19.7989898732 18.3847763109 13.3416640641 11.7046999107 51.0 28.0 28.2842712475 33.2415402772 36.2491379208 9.8488578018 12.0830459736 16.4012194669 17.2046505341 16.4012194669 20.5182845287 45.6179789118 48.0208288142 11.0453610172 12.0830459736 20.591260282 23.769728648 10.1980390272 12.7279220614 14.0356688476 13.4536240471 10.295630141 11.7046999107 8.60232526704 10.6301458127 28.1780056072 27.0185121722 28.1780056072 20.0997512422 26.0192236625 49.6487663492 53.0377224247 
237 104.307238483 18.0 17.1172427686 26.0192236625 17.0293863659 46.0977222865 23.4307490277 22.4722050542 18.2482875909 17.7200451467 53.0377224247 28.4604989415 27.0 34.1320963318 31.0483493925 9.21954445729 8.54400374532 15.0 15.2643375225 26.2488094968 21.6333076528 46.4004310325 43.8634243989 15.1327459504 14.1421356237 25.0 22.4722050542 15.5241746963 17.0293863659 11.401754251 14.2126704036 15.0 17.7200451467 11.6619037897 10.8166538264 26.4007575649 25.079872408 25.2388589282 26.0192236625 21.8403296678 53.9073278878 49.9299509313 
240 96.0468635615 16.0312195419 15.1327459504 27.0185121722 18.0277563773 46.0434577329 22.2036033112 23.8537208838 17.2626765016 18.1107702763 53.0848377599 26.6833281283 26.1725046566 31.7647603485 31.384709653 9.21954445729 9.48683298051 12.7279220614 13.4536240471 18.6010752377 16.4012194669 46.0434577329 44.72135955 15.2970585408 15.1327459504 23.6008474424 21.400934559 14.5602197786 15.5563491861 13.3416640641 16.2788205961 16.2788205961 18.1107702763 8.48528137424 8.48528137424 22.4722050542 21.0237960416 22.2036033112 24.0208242989 19.4164878389 52.3259018078 49.0917508345 
250 93.9042065085 17.2626765016 17.0293863659 26.3058928759 18.1107702763 46.0977222865 22.8473193176 22.803508502 19.6977156036 19.2353840617 49.4974746831 27.0185121722 25.9615099715 32.5729949498 31.384709653 9.8488578018 9.21954445729 12.0415945788 12.2065556157 19.4164878389 16.9705627485 41.1825205639 42.0119030752 15.2315462117 15.1327459504 25.495097568 24.8394846967 13.152946438 13.8924439894 14.3178210633 14.2126704036 15.6524758425 19.2353840617 8.0622577483 7.07106781187 23.3452350599 20.2237484162 21.4709105536 21.9317121995 20.0997512422 49.9299509313 47.3814309619 
255 96.337946833 16.4924225025 16.0 24.1867732449 22.2036033112 41.3037528561 19.7230829233 22.0227155455 14.3178210633 14.0356688476 51.3517283059 28.0178514522 28.0178514522 36.4005494464 32.8937684068 13.416407865 10.4403065089 17.4928556845 17.691806013 19.2093727123 14.5602197786 41.1460812229 39.4081209905 11.313708499 10.0498756211 24.3310501212 18.0277563773 16.0312195419 12.0415945788 8.24621125124 12.0415945788 13.416407865 14.0356688476 10.8166538264 8.54400374532 25.0 22.2036033112 22.8473193176 29.6141857899 22.360679775 53.9073278878 48.1040538832 
269 98.762341001 18.973665961 17.4642491966 28.1602556807 20.2484567313 46.8401537145 23.0867927612 22.6715680975 19.4164878389 19.0 53.16013544 26.0 26.2488094968 34.205262753 30.8058436015 11.401754251 10.0 13.416407865 13.9283882772 22.8473193176 15.8113883008 47.759815745 43.1856457634 14.8660687473 14.1421356237 28.4429253067 23.4307490277 18.0277563773 14.4222051019 11.401754251 13.0384048104 15.8113883008 19.0 9.21954445729 5.83095189485 24.2074368738 21.8403296678 21.8403296678 29.2745623366 17.0293863659 53.600373133 46.0108682813 
294 95.1314879522 16.0 16.0312195419 23.0217288664 19.0 39.0512483795 17.691806013 17.2046505341 13.6014705087 14.3178210633 45.0444225182 29.2745623366 30.0 36.4005494464 36.4005494464 10.295630141 11.1803398875 16.6433169771 17.2046505341 21.0950231097 21.9317121995 47.4236228055 45.1884941108 9.8488578018 10.0 21.9317121995 23.0867927612 12.0415945788 11.313708499 11.0 9.43398113206 12.5299640861 14.3178210633 9.21954445729 10.0 24.6981780705 24.0 25.5538646784 23.5372045919 24.3515913238 54.083269132 55.2268050859 
306 91.6624241442 16.0312195419 15.1327459504 24.1867732449 22.2036033112 33.5410196625 22.0227155455 20.0 15.0332963784 14.3178210633 53.2353266168 27.6586333719 27.2946881279 34.1320963318 32.5576411922 12.1655250606 11.1803398875 17.0293863659 16.6433169771 20.3960780544 18.3847763109 41.1825205639 43.965895874 11.1803398875 10.295630141 21.6333076528 21.1896201004 12.3693168769 12.8062484749 12.0 11.401754251 13.0384048104 14.3178210633 9.8488578018 9.43398113206 37.947331922 37.0135110466 36.7695526217 30.0166620396 22.2036033112 50.2493781056 47.4130783645 
307 101.118742081 16.2788205961 16.2788205961 23.1948270095 22.2036033112 43.4165866922 19.6977156036 19.7989898732 17.0 17.1172427686 45.5411901469 27.1661554144 27.2946881279 32.7566787083 33.1209903234 11.1803398875 12.1655250606 15.8113883008 16.4012194669 18.4390889146 19.2353840617 42.7200187266 44.0454310911 15.0 14.5602197786 26.5706605112 26.2488094968 12.3693168769 9.48683298051 12.5299640861 10.6301458127 10.6301458127 17.1172427686 9.21954445729 10.0 27.8028775489 26.3058928759 29.7321374946 24.0416305603 25.179356624 49.7393204618 51.0881590978 
316 98.3259884263 16.1245154966 15.0332963784 28.1602556807 19.1049731745 41.1096095822 19.1049731745 18.0277563773 15.1327459504 14.8660687473 52.2398315464 28.6356421266 29.1547594742 34.885527085 36.0555127546 10.4403065089 10.295630141 14.8660687473 14.4222051019 16.4012194669 16.9705627485 45.2769256907 45.6946386352 13.8924439894 14.1421356237 26.9258240357 26.5706605112 14.5602197786 10.6301458127 14.0356688476 9.8488578018 12.1655250606 14.8660687473 9.21954445729 9.21954445729 27.3130005675 26.0192236625 27.2946881279 24.0 25.079872408 51.6623654124 52.2015325446 
326 99.4082491547 16.2788205961 16.0312195419 25.079872408 22.0907220344 44.1814440687 20.591260282 21.2132034356 16.1554944214 16.0312195419 50.2493781056 28.0713376952 28.0178514522 34.5398320783 32.3109888428 11.7046999107 11.1803398875 17.2046505341 16.9705627485 19.2093727123 15.6524758425 44.2944691807 41.8807831827 13.0 12.0415945788 22.8473193176 21.400934559 15.0332963784 14.8660687473 10.4403065089 12.7279220614 13.4536240471 16.0312195419 10.6301458127 9.8488578018 31.064449134 29.1547594742 29.7321374946 33.1360830516 19.2353840617 55.8659108939 47.0106370942 
343 102.0 17.0293863659 16.0312195419 28.0 18.0 48.0104155366 21.400934559 22.6715680975 16.4924225025 16.0312195419 56.0 30.4138126515 30.4138126515 35.8468966579 35.8468966579 9.48683298051 9.48683298051 12.7279220614 12.7279220614 19.4164878389 17.2046505341 45.7930125674 46.6476151588 13.3416640641 13.0384048104 23.3238075794 20.8086520467 15.1327459504 16.2788205961 13.152946438 16.2788205961 15.5563491861 16.0312195419 8.60232526704 8.60232526704 24.1867732449 23.0217288664 22.360679775 21.2132034356 20.3960780544 52.4976189936 52.6307894678 
345 89.8220462915 17.7200451467 18.1107702763 27.4590604355 19.4164878389 46.872166581 22.4722050542 24.0831891576 18.3575597507 20.0997512422 51.6236379966 28.0178514522 28.4604989415 33.7342555869 34.4093010682 9.43398113206 11.0453610172 12.8062484749 12.5299640861 19.4164878389 19.4164878389 47.759815745 46.8614980554 14.8660687473 17.0 23.769728648 26.1725046566 14.0356688476 15.8113883008 14.3178210633 17.0293863659 15.2315462117 20.0997512422 7.28010988928 8.60232526704 22.627416998 20.3960780544 21.9317121995 18.973665961 18.0 51.8941229813 50.2095608425 
349 98.0459076147 16.0312195419 17.0293863659 24.0 18.0 38.0131556175 18.4390889146 19.4164878389 15.5241746963 16.1554944214 47.0425339454 27.4590604355 27.0185121722 33.1058907145 31.6227766017 9.48683298051 9.48683298051 14.2126704036 14.2126704036 18.0277563773 17.2046505341 42.1900462195 40.3112887415 13.0 14.3178210633 24.6981780705 25.9422435421 12.6491106407 10.6301458127 12.6491106407 10.8166538264 11.6619037897 16.1554944214 8.60232526704 8.60232526704 27.3130005675 27.0739727414 28.3019433962 28.0713376952 26.3058928759 51.6236379966 47.8016736109 
351 96.337946833 17.0293863659 15.1327459504 23.3452350599 18.2482875909 42.5793377121 20.5182845287 20.591260282 15.1327459504 16.7630546142 48.6621002424 24.6981780705 24.3310501212 30.61045573 28.2842712475 10.0498756211 8.94427191 13.6014705087 13.0384048104 20.2484567313 18.3847763109 43.8634243989 40.8044115262 15.2970585408 13.6014705087 25.6124969497 21.9544984001 14.3178210633 13.4536240471 10.1980390272 12.5299640861 11.7046999107 16.7630546142 9.21954445729 7.81024967591 26.2488094968 24.7386337537 27.0185121722 27.6586333719 18.4390889146 50.7740090991 44.283179651 
354 99.4082491547 16.0312195419 16.1245154966 25.079872408 23.0867927612 45.0998891351 20.0 21.9317121995 17.4642491966 19.3132079158 46.389654019 28.1602556807 28.0178514522 34.4383507154 34.4818792991 12.3693168769 12.0830459736 15.6204993518 16.2788205961 17.4928556845 19.1049731745 42.201895692 42.0594816896 14.5602197786 15.2315462117 25.0 25.0599281723 13.0 12.0415945788 13.3416640641 13.0384048104 10.6301458127 19.3132079158 8.48528137424 8.60232526704 26.4007575649 25.179356624 28.0178514522 24.0 26.1725046566 48.1040538832 50.3289181286 
356 95.0473566176 17.2626765016 17.0293863659 24.0831891576 18.0277563773 36.0138862107 18.3575597507 19.7989898732 15.2643375225 13.3416640641 47.1699056603 32.14031736 31.1448230048 38.8973006776 37.0 10.295630141 9.8488578018 13.0384048104 14.8660687473 23.0217288664 19.6468827044 44.7772263545 43.8634243989 12.5299640861 12.0415945788 24.3515913238 21.0950231097 15.0332963784 13.4536240471 9.48683298051 12.0415945788 11.313708499 13.3416640641 8.0622577483 6.40312423743 17.8044938148 16.0312195419 15.0 26.5706605112 24.1660919472 58.2494635168 54.918120871 
359 100.019998 17.0293863659 18.1107702763 27.0 21.0237960416 43.0116263352 18.6010752377 19.8494332413 15.2315462117 13.9283882772 51.0 26.1725046566 27.1661554144 34.5398320783 34.9284983931 11.6619037897 12.0830459736 16.2788205961 14.8660687473 16.4012194669 17.691806013 43.0464865001 41.6773319683 10.7703296143 10.7703296143 22.8473193176 23.4093998214 14.3178210633 12.2065556157 13.3416640641 11.401754251 14.1421356237 13.9283882772 7.07106781187 9.21954445729 22.4722050542 21.0237960416 24.2074368738 21.5870331449 24.3310501212 50.0 49.040799341 
361 98.005101908 19.1049731745 18.0 27.0 18.0277563773 38.0 24.4131112315 22.2036033112 18.6815416923 18.6815416923 54.0370243444 30.4138126515 31.2569992162 36.7695526217 36.4005494464 9.8488578018 9.48683298051 15.0 14.2126704036 18.6010752377 16.6433169771 37.5898922584 38.5875627631 14.8660687473 14.5602197786 26.83281573 26.0768096208 14.1421356237 15.0 13.152946438 15.0 14.2126704036 18.6815416923 7.81024967591 8.60232526704 26.9258240357 24.0831891576 25.495097568 28.4429253067 24.5153013443 50.2493781056 48.2700735446 
392 92.9139386745 16.2788205961 16.0312195419 23.1948270095 22.0907220344 44.283179651 16.6433169771 18.6010752377 13.0384048104 12.0415945788 47.3814309619 27.0 26.0192236625 34.1760149813 31.0161248385 13.0 10.4403065089 15.6204993518 15.6204993518 17.4928556845 13.8924439894 47.0106370942 45.4862616622 12.7279220614 10.0498756211 25.7099202644 20.2484567313 14.0 10.295630141 9.48683298051 10.6301458127 11.1803398875 12.0415945788 9.43398113206 7.81024967591 26.9072480941 23.3452350599 22.4722050542 25.495097568 16.2788205961 54.083269132 48.6004115209 
394 94.0053189984 17.0293863659 17.0293863659 25.079872408 23.0 49.0 19.1049731745 17.8044938148 13.6014705087 14.3178210633 49.040799341 26.0768096208 28.0 33.1058907145 33.8378486314 12.6491106407 11.7046999107 16.2788205961 15.5563491861 18.4390889146 19.7989898732 51.4781507049 51.0 13.0 11.401754251 24.5967477525 25.2982212813 12.3693168769 11.401754251 13.0384048104 10.0 10.7703296143 14.3178210633 8.60232526704 9.21954445729 29.0688837075 29.0172362571 30.886890423 18.0277563773 22.0227155455 51.8652099196 52.8015151298 
395 97.1853898485 16.1245154966 17.1172427686 25.079872408 23.0867927612 49.1629942131 19.4164878389 19.8494332413 14.8660687473 15.1327459504 51.2445119013 25.0199920064 25.179356624 31.6227766017 31.7647603485 12.0830459736 12.3693168769 17.8044938148 16.9705627485 21.2602916255 21.6333076528 52.3927475897 52.1536192416 13.0384048104 12.1655250606 24.6981780705 23.6008474424 14.1421356237 11.401754251 11.7046999107 12.0415945788 11.6619037897 15.1327459504 10.0 11.401754251 31.9061122671 31.1448230048 31.384709653 20.0997512422 19.1049731745 49.9299509313 51.2249938995 
412 100.079968026 18.0277563773 18.0277563773 25.0199920064 20.0249843945 39.0128184063 19.2093727123 20.5182845287 15.2315462117 14.5602197786 51.0098029794 32.14031736 32.0624390838 39.2173431023 37.947331922 11.1803398875 10.7703296143 15.0 15.5563491861 15.6204993518 12.2065556157 42.0475920833 42.5440947724 12.2065556157 9.48683298051 26.5706605112 22.4722050542 14.0356688476 11.401754251 11.1803398875 10.6301458127 15.6204993518 14.5602197786 8.48528137424 7.21110255093 26.6270539114 25.179356624 25.079872408 29.8328677804 23.0867927612 54.6717477313 51.6139516023 
422 100.04498988 16.1245154966 17.0 27.0185121722 17.0293863659 39.0128184063 18.4390889146 18.4390889146 12.6491106407 12.3693168769 53.0848377599 28.6356421266 28.2842712475 32.6496554346 30.4630924235 9.05538513814 8.0 18.7882942281 18.3575597507 23.6008474424 20.6155281281 42.9534631898 43.4165866922 12.8062484749 10.7703296143 25.2982212813 23.2594066992 15.1327459504 10.6301458127 12.3693168769 10.6301458127 13.6014705087 12.3693168769 15.6524758425 14.5602197786 31.384709653 29.1547594742 28.7923600978 28.0178514522 23.0217288664 50.3289181286 48.2700735446 
478 101.004950374 18.0277563773 18.0 27.0 20.0249843945 43.1045241245 22.0227155455 22.6715680975 16.4924225025 17.2626765016 56.0 32.2490309932 31.1448230048 37.6961536499 37.3363094052 10.4403065089 10.7703296143 14.2126704036 13.4536240471 17.8044938148 16.9705627485 43.9089968002 46.0651712251 12.6491106407 13.3416640641 24.5967477525 24.6981780705 14.3178210633 13.4536240471 13.3416640641 14.1421356237 15.0 17.2626765016 7.81024967591 8.60232526704 27.7848879789 25.0199920064 25.9422435421 25.495097568 22.360679775 54.0370243444 52.4309069157 
486 90.426765949 15.2970585408 14.5602197786 21.3775583264 18.4390889146 38.6393581727 19.8494332413 21.9544984001 16.0 15.2970585408 48.0520551069 26.5706605112 25.7099202644 33.0151480384 31.064449134 10.1980390272 10.0 15.5563491861 16.5529453572 15.8113883008 14.8660687473 40.3608721412 38.6005181312 13.6014705087 13.6014705087 24.8394846967 20.1246117975 13.0 11.313708499 9.05538513814 13.0 11.401754251 15.2970585408 9.8488578018 9.21954445729 27.8567765544 25.3179778023 25.8069758011 28.0178514522 21.9544984001 52.0096144958 47.9270278653 
