Leaf
43 99.5037687728 16.0312195419 15.1327459504 27.1661554144 19.1049731745 48.2597140481 19.7989898732 18.3575597507 15.1327459504 15.2315462117 50.2493781056 27.4590604355 28.1602556807 33.1058907145 35.4682957019 9.48683298051 11.1803398875 16.2788205961 14.7648230602 17.4928556845 23.3238075794 51.6236379966 53.310411741 10.4403065089 12.8062484749 21.9544984001 25.7099202644 11.401754251 10.6301458127 16.0 10.0 11.1803398875 15.2315462117 8.94427191 12.2065556157 24.6981780705 26.3058928759 28.6006992922 19.2353840617 28.0713376952 55.0 60.0 
9 108.166538264 17.0293863659 17.0293863659 26.0768096208 21.0237960416 39.0512483795 19.1049731745 18.0277563773 14.3178210633 15.6524758425 50.1597448159 31.0161248385 32.2490309932 36.4005494464 40.3112887415 9.8488578018 13.0 17.8044938148 18.0277563773 17.0880074906 19.2093727123 41.1825205639 42.4852915725 11.7046999107 14.1421356237 24.1867732449 28.4604989415 10.7703296143 9.21954445729 16.1245154966 10.0 10.7703296143 15.6524758425 9.48683298051 11.313708499 27.8567765544 29.1547594742 32.4499614792 23.769728648 37.3363094052 49.2036584006 57.9827560573 
10 106.004716876 17.0293863659 17.0293863659 27.0185121722 21.0237960416 46.0108682813 19.8494332413 19.2093727123 14.5602197786 14.8660687473 52.0096144958 28.1602556807 28.1602556807 34.9284983931 33.6154726279 11.7046999107 10.4403065089 14.8660687473 14.8660687473 16.2788205961 17.0293863659 47.0106370942 46.1410879802 11.7046999107 13.0 23.2594066992 24.5967477525 13.0384048104 13.4536240471 14.1421356237 13.4536240471 13.6014705087 14.8660687473 9.21954445729 8.60232526704 23.8537208838 23.0217288664 26.6270539114 26.3058928759 28.0713376952 54.6717477313 55.2268050859 
13 107.018689956 17.0293863659 17.0293863659 27.0185121722 21.0237960416 42.0475920833 19.7989898732 19.1049731745 13.3416640641 13.6014705087 54.0092584656 29.0172362571 29.4278779391 34.4818792991 38.0131556175 9.8488578018 13.0 15.5563491861 15.6204993518 17.0 19.1049731745 41.5932686862 45.2769256907 11.401754251 12.5299640861 22.360679775 25.079872408 12.1655250606 12.7279220614 15.0332963784 13.4536240471 11.7046999107 13.6014705087 7.81024967591 9.43398113206 33.2415402772 32.0 32.6955654485 24.5153013443 34.0 51.4003891036 57.4891294072 
67 101.019800039 18.0277563773 18.1107702763 28.0 22.0227155455 48.0 21.9317121995 20.6155281281 15.2970585408 14.8660687473 56.0 25.079872408 26.3058928759 30.4630924235 32.2490309932 10.4403065089 12.1655250606 16.2788205961 15.5563491861 18.0277563773 21.2602916255 48.3011387029 50.2493781056 13.152946438 13.9283882772 23.3238075794 25.495097568 13.3416640641 14.8660687473 15.2970585408 14.1421356237 12.8062484749 14.8660687473 10.0 11.313708499 25.495097568 26.0192236625 27.4590604355 21.5870331449 25.0199920064 54.6443043693 53.7587202229 
99 103.07764064 17.0 16.2788205961 28.0713376952 19.1049731745 45.0998891351 19.8494332413 19.4164878389 15.5241746963 13.9283882772 52.0864665724 27.6586333719 27.1661554144 34.0 34.1760149813 10.4403065089 10.295630141 13.4536240471 14.2126704036 17.691806013 18.4390889146 45.4862616622 45.6179789118 10.4403065089 9.48683298051 22.360679775 19.9248588452 14.3178210633 13.0384048104 14.0356688476 13.6014705087 14.1421356237 13.9283882772 9.21954445729 8.60232526704 25.5538646784 24.0208242989 24.4131112315 25.3179778023 24.5153013443 53.8144961883 52.2015325446 
121 103.57605901 16.2788205961 19.4164878389 24.3310501212 23.1948270095 43.4165866922 20.0 19.6977156036 15.0 17.8044938148 49.0306026885 27.0185121722 28.0713376952 30.6757233004 35.8468966579 11.1803398875 13.0 19.8494332413 17.88854382 20.0249843945 27.0185121722 40.0 42.4852915725 11.1803398875 15.6204993518 19.7989898732 31.5753068077 7.21110255093 10.6301458127 18.0 11.6619037897 10.6301458127 17.8044938148 11.1803398875 12.7279220614 25.495097568 27.892651362 32.6496554346 16.1554944214 38.2099463491 45.0 58.7281874401 
124 101.004950374 18.0 18.0277563773 25.0199920064 20.0249843945 42.0119030752 22.6715680975 21.0950231097 17.2626765016 18.3847763109 51.0392006207 32.0156211872 32.2490309932 36.6878726557 38.6264158317 10.4403065089 10.7703296143 16.2788205961 15.8113883008 18.3575597507 20.6155281281 45.6508488421 45.6179789118 13.3416640641 14.7648230602 24.6981780705 27.7308492477 11.7046999107 12.0415945788 14.3178210633 12.2065556157 13.0384048104 18.3847763109 9.43398113206 10.6301458127 31.384709653 32.0156211872 32.2024843762 22.360679775 30.0 51.4003891036 53.0377224247 
125 106.38138935 17.1172427686 17.1172427686 26.0768096208 23.1948270095 45.0998891351 18.6010752377 17.691806013 14.3178210633 14.5602197786 50.2493781056 29.0172362571 30.2654919008 35.4400902933 35.77708764 12.0830459736 12.1655250606 18.6010752377 16.9705627485 18.4390889146 17.2046505341 39.8246155035 41.2310562562 10.6301458127 10.6301458127 24.7386337537 26.0 14.0356688476 9.89949493661 12.3693168769 7.07106781187 13.8924439894 14.5602197786 10.8166538264 11.6619037897 27.0185121722 24.1867732449 26.4196896272 29.1204395571 28.4429253067 51.8555686499 52.3450093132 
136 105.546198416 16.0312195419 17.4642491966 24.3310501212 21.2132034356 42.2965719651 22.0227155455 21.4709105536 15.0332963784 16.5529453572 51.7880295049 29.2745623366 30.0166620396 34.9284983931 37.3630833845 10.4403065089 12.5299640861 16.2788205961 16.6433169771 16.1554944214 19.8494332413 44.1021541424 45.6946386352 13.0 15.8113883008 21.2602916255 27.5136329844 10.295630141 12.0415945788 15.0332963784 13.416407865 12.3693168769 16.5529453572 8.0622577483 10.8166538264 28.4604989415 28.2842712475 30.0 20.0997512422 34.7131099154 49.040799341 58.8982172905 
144 104.120122935 15.0 16.1245154966 25.0199920064 20.0 37.0 23.6008474424 24.1867732449 19.0262975904 19.4164878389 51.0881590978 29.0172362571 30.5941170816 32.0156211872 36.235341864 9.21954445729 11.1803398875 15.8113883008 17.0293863659 16.2788205961 21.2602916255 39.8246155035 39.3573373083 16.0312195419 18.3847763109 21.2602916255 27.4590604355 9.21954445729 17.2046505341 16.0312195419 18.3575597507 12.2065556157 19.4164878389 10.295630141 11.1803398875 21.1896201004 23.5372045919 28.4253408071 20.6155281281 40.1995024845 47.7074417675 58.8982172905 
145 107.228727494 19.0262975904 19.1049731745 25.079872408 18.0277563773 42.0475920833 24.0831891576 23.3238075794 17.2626765016 19.3132079158 53.1507290637 29.1547594742 30.2654919008 35.1140997322 37.3363094052 9.8488578018 10.295630141 14.8660687473 14.4222051019 16.6433169771 19.8494332413 40.4969134626 41.1825205639 14.1421356237 14.7648230602 24.6981780705 28.231188427 11.7046999107 13.4536240471 14.1421356237 13.0384048104 14.8660687473 19.3132079158 7.21110255093 9.21954445729 25.495097568 25.079872408 28.0178514522 25.495097568 31.7804971641 50.2493781056 55.2268050859 
161 107.079409785 17.1172427686 16.2788205961 26.4764045897 20.2237484162 42.7551166529 19.4164878389 19.2353840617 13.0384048104 15.6524758425 52.172789843 28.1602556807 29.0688837075 34.6698716467 34.7131099154 11.1803398875 10.295630141 16.4012194669 14.7648230602 16.5529453572 18.0277563773 43.4165866922 44.598206242 9.48683298051 11.313708499 22.825424421 24.5153013443 12.3693168769 10.8166538264 14.1421356237 11.6619037897 12.6491106407 15.6524758425 8.0622577483 10.295630141 26.5706605112 26.3058928759 27.0185121722 27.0185121722 29.1204395571 53.2634959423 54.083269132 
203 95.0210502994 16.1245154966 16.0 23.0 22.0227155455 37.0540146273 26.0768096208 23.8537208838 20.0997512422 20.2237484162 50.0399840128 27.1661554144 28.2842712475 32.7566787083 35.77708764 11.1803398875 12.6491106407 17.691806013 15.6204993518 20.3960780544 23.7065391823 47.9270278653 45.6946386352 17.0 18.0277563773 21.9317121995 27.8028775489 9.21954445729 17.4928556845 14.1421356237 17.0 13.6014705087 20.2237484162 8.0622577483 10.6301458127 21.4709105536 23.0867927612 25.6124969497 21.5406592285 32.0156211872 55.0726792521 58.6003412959 
263 102.0 18.0277563773 18.0277563773 26.0192236625 20.0 41.0 20.6155281281 19.8494332413 15.8113883008 14.8660687473 52.0 31.064449134 32.2490309932 36.0555127546 37.6961536499 10.4403065089 10.4403065089 16.2788205961 15.0 20.6155281281 23.0217288664 43.9089968002 42.4852915725 10.4403065089 10.8166538264 22.8473193176 25.2982212813 12.3693168769 11.401754251 14.1421356237 10.6301458127 12.2065556157 14.8660687473 9.43398113206 10.6301458127 30.4138126515 29.0688837075 32.4499614792 25.0 29.6141857899 52.4309069157 52.8015151298 
264 97.1287804927 16.0312195419 16.0312195419 26.0192236625 22.0227155455 41.1096095822 21.2602916255 22.2036033112 17.1172427686 17.2626765016 53.0848377599 30.0665927567 30.0665927567 36.0555127546 37.6961536499 10.7703296143 13.0 16.2788205961 17.0293863659 15.6524758425 16.9705627485 42.7200187266 42.9534631898 13.0384048104 13.6014705087 22.0227155455 23.3238075794 11.401754251 14.1421356237 15.1327459504 15.5563491861 13.4536240471 17.2626765016 8.94427191 9.89949493661 29.7321374946 30.2654919008 32.7566787083 20.2484567313 30.2654919008 49.6487663492 53.9073278878 
265 101.597244057 17.2626765016 18.1107702763 25.079872408 19.2353840617 37.483329628 22.360679775 21.2602916255 18.3847763109 18.4390889146 49.3659801888 28.0713376952 30.083217913 31.7804971641 34.1320963318 9.48683298051 10.0 13.0384048104 14.4222051019 22.825424421 24.0416305603 45.2216762184 43.5660418216 14.8660687473 15.8113883008 24.5967477525 28.6006992922 12.1655250606 13.8924439894 13.6014705087 13.6014705087 12.0415945788 18.4390889146 9.89949493661 8.94427191 26.9258240357 28.0713376952 30.4630924235 22.803508502 32.0624390838 50.1198563446 53.9073278878 
266 104.172933145 17.0293863659 17.0293863659 26.0192236625 21.0237960416 42.1070065429 22.6715680975 21.0950231097 18.1107702763 18.0277563773 52.038447325 30.2654919008 30.0166620396 37.1618083521 36.6878726557 11.7046999107 11.1803398875 18.6010752377 18.8679622641 21.0237960416 20.8086520467 40.0 39.3573373083 13.6014705087 14.4222051019 25.2388589282 27.3130005675 13.0 11.313708499 14.5602197786 10.0 13.0 18.0277563773 11.6619037897 10.8166538264 28.6356421266 27.1661554144 30.2324329157 25.495097568 29.6141857899 49.5176736126 51.0881590978 
270 106.117859006 17.0293863659 20.0997512422 24.0 24.0208242989 46.0108682813 22.6715680975 21.6333076528 16.1245154966 17.88854382 51.0098029794 31.0161248385 32.0156211872 38.6005181312 39.2173431023 13.416407865 13.0 16.9705627485 16.2788205961 15.0 17.691806013 45.6508488421 45.7930125674 12.1655250606 15.8113883008 21.9544984001 31.0161248385 9.05538513814 13.0384048104 15.0332963784 13.416407865 13.0384048104 17.88854382 8.0622577483 7.81024967591 24.5967477525 25.079872408 28.0178514522 22.8473193176 33.5410196625 54.918120871 60.811183182 
280 100.004999875 17.0 17.1172427686 24.0208242989 23.0867927612 36.0555127546 20.5182845287 19.2093727123 15.2970585408 13.9283882772 50.0099990002 31.0 30.0166620396 36.6878726557 38.275318418 11.7046999107 13.416407865 19.1049731745 18.8679622641 17.7200451467 18.7882942281 43.382023927 44.3846820423 9.8488578018 10.0 22.8473193176 23.769728648 11.1803398875 9.89949493661 13.0384048104 9.89949493661 12.0830459736 13.9283882772 9.8488578018 10.6301458127 37.5765884561 36.0138862107 38.0131556175 30.3644529014 32.7566787083 55.4707129934 56.6127194189 
281 100.019998 15.1327459504 19.2353840617 25.3179778023 25.0199920064 40.1123422403 20.0 20.2484567313 14.0356688476 16.1245154966 52.7730992078 28.0178514522 31.0161248385 36.4005494464 39.8497176903 13.416407865 14.7648230602 19.2093727123 16.4012194669 10.0498756211 16.1245154966 41.0487515035 40.718546143 9.05538513814 12.0415945788 19.4164878389 27.6586333719 10.1980390272 11.401754251 15.1327459504 13.0384048104 13.8924439894 16.1245154966 5.83095189485 8.94427191 23.769728648 25.7099202644 29.7321374946 17.4642491966 31.0161248385 45.607017004 55.2177507691 
304 102.078401241 17.0 17.0 25.0199920064 22.0227155455 40.1123422403 21.9317121995 20.6155281281 15.0332963784 16.4924225025 54.0370243444 27.0185121722 27.0739727414 31.9530906173 34.0147027034 10.4403065089 12.6491106407 16.9705627485 16.4012194669 16.5529453572 17.0293863659 38.5875627631 41.1825205639 12.0415945788 13.416407865 21.6333076528 25.9422435421 11.1803398875 14.1421356237 14.0356688476 13.6014705087 11.1803398875 16.4924225025 9.8488578018 10.6301458127 31.304951685 29.0 30.0166620396 23.0867927612 33.0151480384 44.687805943 50.9901951359 
311 108.226614102 17.0 18.0277563773 29.0 23.0217288664 42.0119030752 17.691806013 16.2788205961 12.6491106407 14.7648230602 53.0 31.0 30.5941170816 37.1079506306 41.1825205639 10.295630141 15.2315462117 18.4390889146 18.6010752377 14.5602197786 21.9317121995 40.8166632639 39.9624824054 8.94427191 14.4222051019 22.4722050542 31.3209195267 10.1980390272 8.48528137424 19.1049731745 9.21954445729 10.8166538264 14.7648230602 8.24621125124 12.8062484749 17.88854382 19.4164878389 24.7588368063 22.1359436212 37.8549864615 49.2036584006 60.8769250209 
397 101.019800039 16.0 18.0 24.0 21.0 44.0 19.7989898732 18.3847763109 14.1421356237 13.9283882772 51.0098029794 26.0 26.1725046566 31.3209195267 33.5410196625 9.8488578018 12.6491106407 15.6204993518 13.4536240471 13.8924439894 20.0 47.4130783645 47.4130783645 9.05538513814 10.0 19.2353840617 25.2982212813 9.21954445729 10.6301458127 15.1327459504 10.8166538264 10.295630141 13.9283882772 5.83095189485 10.295630141 25.079872408 26.1725046566 29.4108823397 19.1049731745 31.064449134 49.6487663492 54.4518135602 
423 103.004854255 15.0332963784 17.0293863659 26.0 19.0262975904 34.0147027034 19.1049731745 20.5182845287 14.0356688476 16.2788205961 54.0370243444 24.0 25.9615099715 29.4108823397 32.7566787083 9.8488578018 10.4403065089 15.6204993518 14.2126704036 19.4164878389 20.2484567313 41.7851648316 44.283179651 9.48683298051 12.2065556157 20.591260282 26.4007575649 10.4403065089 9.21954445729 16.2788205961 11.401754251 10.1980390272 16.2788205961 8.54400374532 9.21954445729 27.7308492477 28.0178514522 30.5286750449 23.3452350599 39.1152144312 47.1699056603 55.4436651025 
436 96.0832971957 16.1245154966 17.0293863659 24.0831891576 23.0217288664 46.0977222865 16.2788205961 17.691806013 11.1803398875 13.0 47.0106370942 30.0665927567 29.1547594742 35.902646142 36.6742416418 11.1803398875 13.6014705087 17.0293863659 16.9705627485 12.0415945788 18.6010752377 47.9270278653 49.0917508345 8.94427191 12.0415945788 20.8806130178 26.2488094968 9.05538513814 8.60232526704 15.2970585408 9.21954445729 9.43398113206 13.0 7.81024967591 9.89949493661 27.7308492477 30.0166620396 34.0 18.3847763109 27.0185121722 51.4295634825 55.8659108939 
447 101.178060863 17.0 17.1172427686 26.1725046566 21.0950231097 44.283179651 20.5182845287 19.7230829233 15.2970585408 16.5529453572 50.2493781056 29.1547594742 30.0665927567 34.5398320783 37.3363094052 10.4403065089 12.0830459736 15.6204993518 15.0 20.6155281281 21.9317121995 44.9444101085 47.4236228055 13.0 13.4536240471 25.0599281723 27.2029410175 12.0830459736 9.21954445729 15.1327459504 10.0 13.416407865 16.5529453572 8.0622577483 10.8166538264 30.4138126515 28.0713376952 30.2324329157 24.5153013443 26.3058928759 52.8015151298 53.8237865632 
449 106.230880633 15.0 17.2626765016 28.0713376952 21.0237960416 43.1856457634 20.6155281281 18.7882942281 16.1245154966 16.6433169771 49.0917508345 24.1867732449 25.3179778023 29.9666481275 32.6496554346 10.4403065089 11.7046999107 16.9705627485 15.8113883008 19.9248588452 22.627416998 39.9624824054 43.9089968002 10.4403065089 13.4536240471 20.591260282 27.6586333719 11.7046999107 10.0 17.1172427686 9.89949493661 14.1421356237 16.6433169771 8.94427191 11.313708499 25.495097568 25.079872408 27.8028775489 23.3452350599 36.0138862107 47.5078940809 56.0802995712 
450 103.0 17.0 18.0 25.0 22.0 45.0111097397 19.1049731745 19.1049731745 14.5602197786 14.8660687473 51.0 25.0199920064 25.079872408 31.384709653 31.7804971641 11.7046999107 11.7046999107 17.0293863659 17.0293863659 21.4709105536 22.2036033112 49.6588360717 51.8844870843 11.6619037897 12.5299640861 25.079872408 26.4007575649 12.6491106407 8.48528137424 13.6014705087 9.89949493661 12.5299640861 14.8660687473 10.0 10.6301458127 27.2946881279 27.0 27.7848879789 23.0867927612 28.0 53.8237865632 57.3846669416 
455 105.0 15.0332963784 18.0 23.0 20.0 39.0512483795 17.691806013 17.2046505341 14.3178210633 16.1245154966 45.0111097397 33.0605505096 33.3766385366 37.483329628 40.718546143 8.94427191 12.6491106407 17.8044938148 16.6433169771 20.3960780544 23.4307490277 45.1884941108 47.4236228055 11.401754251 15.6204993518 21.6333076528 30.4630924235 7.61577310586 8.94427191 16.2788205961 10.8166538264 9.21954445729 16.1245154966 9.21954445729 11.313708499 30.6757233004 32.14031736 36.3593179254 19.4164878389 43.0116263352 53.712196008 62.3698645181 
459 99.8498873309 17.2626765016 16.1245154966 27.2946881279 23.1948270095 40.3112887415 19.2093727123 18.8679622641 15.1327459504 15.2315462117 52.6117857519 28.6356421266 29.0688837075 34.1320963318 34.205262753 12.0415945788 11.7046999107 17.691806013 18.0277563773 20.8806130178 21.0950231097 46.872166581 46.1735855225 13.6014705087 15.0 26.4007575649 26.9258240357 13.0 11.313708499 15.0332963784 12.5299640861 10.4403065089 15.2315462117 12.0830459736 11.401754251 30.6757233004 30.2654919008 31.064449134 25.079872408 26.9258240357 54.4885309033 54.2033209315 
473 99.7246208316 15.8113883008 18.0 26.1725046566 20.0997512422 42.2965719651 22.8473193176 20.6155281281 17.0880074906 16.7630546142 48.6621002424 30.0166620396 29.8328677804 34.9284983931 35.8468966579 9.8488578018 11.1803398875 17.0 17.691806013 15.6204993518 16.4012194669 45.6179789118 42.1900462195 13.6014705087 13.9283882772 20.6155281281 26.4196896272 12.0415945788 14.4222051019 14.5602197786 12.7279220614 16.1245154966 16.7630546142 10.8166538264 10.7703296143 21.9544984001 23.0217288664 25.2388589282 22.2036033112 28.1602556807 56.3560112144 55.3172667438 
484 109.041276588 19.1049731745 19.0262975904 29.0172362571 22.0227155455 44.0113621693 21.9317121995 20.6155281281 14.5602197786 16.1554944214 57.008771255 30.0 32.7566787083 37.3630833845 41.5932686862 11.6619037897 13.0 18.4390889146 16.4012194669 15.2315462117 21.2602916255 46.6154480832 49.3963561409 10.4403065089 13.6014705087 23.4093998214 28.7923600978 11.1803398875 11.313708499 18.0277563773 14.1421356237 10.295630141 16.1554944214 7.61577310586 11.401754251 28.6356421266 29.0 30.4138126515 20.8806130178 34.0587727319 52.8393792545 62.2896460096 
487 99.0454441153 17.1172427686 17.0 26.0192236625 23.0217288664 43.1045241245 16.9705627485 14.8660687473 11.1803398875 13.0384048104 48.0416485979 29.0688837075 29.4278779391 34.9284983931 37.5898922584 11.1803398875 13.6014705087 15.5563491861 15.6204993518 11.6619037897 18.4390889146 44.598206242 48.0104155366 8.0622577483 14.2126704036 21.5870331449 29.4108823397 9.05538513814 7.81024967591 17.1172427686 9.21954445729 9.8488578018 13.0384048104 6.40312423743 9.43398113206 29.0688837075 29.0688837075 30.083217913 17.7200451467 29.0688837075 48.754486973 56.8506816142 
