Leaf
117 106.230880633 20.0249843945 16.0 27.0 18.0 36.0 27.2029410175 24.6981780705 23.3452350599 21.2132034356 56.0089278598 33.2415402772 31.1448230048 39.6610640301 33.3766385366 10.1980390272 8.24621125124 18.8679622641 17.88854382 27.2946881279 24.5153013443 42.4852915725 41.629316593 19.3132079158 18.1107702763 33.0151480384 25.4558441227 18.4390889146 17.8044938148 9.8488578018 15.6524758425 17.4928556845 21.2132034356 13.0 13.6014705087 35.3553390593 31.1448230048 29.1204395571 44.1814440687 18.3575597507 59.640590205 49.193495505 
69 96.2548700067 17.1172427686 15.0332963784 25.0199920064 17.1172427686 33.3766385366 24.5967477525 25.0 20.8806130178 21.0 51.0881590978 30.4138126515 31.1448230048 37.6961536499 35.7351367704 10.295630141 8.54400374532 19.6977156036 18.3575597507 21.0950231097 21.5870331449 41.4366987102 38.9486841883 18.3847763109 18.0277563773 28.3019433962 24.8394846967 16.2788205961 16.6433169771 9.8488578018 16.1245154966 13.4536240471 21.0 12.5299640861 12.3693168769 31.9061122671 29.1547594742 29.7321374946 37.3363094052 23.7065391823 55.9732078766 51.6236379966 
163 106.117859006 19.0 18.2482875909 26.0768096208 18.0277563773 33.2415402772 22.803508502 24.1867732449 18.6815416923 18.973665961 52.2398315464 37.1079506306 37.0135110466 43.382023927 41.5932686862 10.4403065089 8.94427191 19.7230829233 19.6977156036 23.769728648 19.9248588452 36.8917334914 37.3363094052 16.1554944214 13.6014705087 29.1547594742 24.1660919472 16.4924225025 14.8660687473 10.1980390272 12.5299640861 13.0384048104 18.973665961 13.0 12.6491106407 29.0688837075 26.0192236625 25.0599281723 41.0 26.9258240357 60.9590026165 51.4781507049 
176 104.172933145 18.1107702763 18.0277563773 26.0192236625 18.0277563773 37.0540146273 21.2602916255 22.803508502 18.4390889146 17.4642491966 54.083269132 32.7566787083 32.0156211872 39.3954312072 38.3275357935 9.8488578018 10.295630141 18.3575597507 19.2353840617 24.6981780705 24.1660919472 41.5932686862 42.9534631898 13.6014705087 14.3178210633 26.6270539114 24.6981780705 15.1327459504 15.5563491861 11.0453610172 15.2643375225 15.6204993518 17.4642491966 12.0830459736 11.6619037897 33.1209903234 30.0166620396 30.4138126515 36.6742416418 25.5538646784 58.7281874401 55.0090901579 
245 102.078401241 18.0277563773 16.0312195419 28.0178514522 20.0249843945 38.1182371051 25.6124969497 23.6008474424 19.1049731745 20.0997512422 58.0344725142 32.2800247831 31.0161248385 41.6773319683 35.6931365951 13.0 8.94427191 19.2353840617 19.4164878389 22.6715680975 19.2353840617 46.0651712251 41.629316593 19.9248588452 19.1049731745 30.0 26.9072480941 18.4390889146 19.2093727123 11.1803398875 16.1245154966 15.2315462117 20.0997512422 13.4536240471 11.1803398875 35.77708764 33.0605505096 33.5261092285 35.3553390593 19.9248588452 54.6717477313 49.244289009 
325 105.118980208 19.0262975904 16.0312195419 25.0 20.0 36.0138862107 21.9317121995 20.6155281281 17.4642491966 17.2626765016 53.0 31.5753068077 31.0161248385 38.9101529167 35.902646142 11.7046999107 9.8488578018 19.7230829233 19.7230829233 24.1660919472 23.769728648 46.0977222865 44.3846820423 14.7648230602 13.0 29.5296461205 24.6981780705 15.5241746963 12.0415945788 10.7703296143 9.43398113206 14.8660687473 17.2626765016 12.5299640861 12.0830459736 34.4818792991 31.0161248385 30.4138126515 37.2155881319 26.0768096208 60.207972894 56.3648826842 
364 100.019998 17.0 16.0312195419 28.0178514522 16.0 36.0138862107 23.6008474424 22.6715680975 19.2353840617 18.0277563773 57.0788927713 31.6227766017 29.0688837075 37.2155881319 32.2800247831 9.21954445729 7.28010988928 20.6155281281 20.6155281281 26.4196896272 25.0 45.1884941108 43.4626276242 19.6977156036 17.2626765016 30.8058436015 26.1725046566 17.7200451467 15.8113883008 12.5299640861 13.6014705087 13.152946438 18.0277563773 16.1554944214 16.4924225025 40.249223595 37.0540146273 36.6878726557 36.4965751818 22.0907220344 51.7397332811 47.7074417675 
372 97.1853898485 17.0293863659 15.0 25.0199920064 16.0 36.0555127546 24.2074368738 22.825424421 20.0997512422 20.3960780544 51.0392006207 28.1602556807 28.0178514522 33.1209903234 31.3209195267 8.24621125124 8.24621125124 16.1245154966 16.1245154966 23.7065391823 21.0237960416 40.3112887415 40.3112887415 15.1327459504 14.3178210633 24.8394846967 22.803508502 14.5602197786 16.2788205961 11.401754251 13.6014705087 16.9705627485 20.3960780544 12.6491106407 12.0830459736 27.2946881279 26.0 25.9422435421 30.4138126515 24.5967477525 53.0377224247 51.9711458407 
378 106.569226327 20.0997512422 18.0277563773 25.079872408 19.0262975904 38.3275357935 27.0185121722 24.4131112315 23.1948270095 19.4164878389 56.0089278598 30.083217913 30.0665927567 37.2155881319 34.5253530033 11.401754251 8.94427191 19.2093727123 17.4642491966 24.6981780705 21.4709105536 44.6542271235 43.965895874 18.6815416923 17.7200451467 32.0156211872 28.0178514522 15.2315462117 15.0 11.7046999107 14.3178210633 14.7648230602 19.4164878389 11.7046999107 12.5299640861 34.1760149813 32.0624390838 31.7647603485 37.1214223865 26.6833281283 58.8217646794 51.1077293567 
384 100.019998 18.0277563773 17.0 26.0192236625 18.0277563773 40.049968789 26.6270539114 25.0 21.2132034356 20.0997512422 56.0089278598 30.083217913 29.0 34.9857113691 32.0156211872 10.0498756211 8.24621125124 16.4012194669 16.1245154966 20.0 18.0277563773 42.7200187266 41.629316593 17.7200451467 16.2788205961 28.0178514522 25.6124969497 15.8113883008 15.6204993518 11.7046999107 14.4222051019 15.2643375225 20.0997512422 12.5299640861 11.7046999107 34.9284983931 34.0 33.6154726279 30.1496268634 21.8403296678 53.7587202229 48.0208288142 
431 97.0051545022 16.0312195419 16.0 26.0192236625 21.0237960416 41.0 20.8086520467 22.6715680975 18.4390889146 17.0293863659 53.0094331228 28.2842712475 28.0178514522 35.77708764 32.5729949498 12.6491106407 9.48683298051 17.8044938148 16.4012194669 24.5967477525 22.8473193176 43.0464865001 41.5932686862 14.3178210633 13.152946438 26.0768096208 22.2036033112 15.2970585408 13.4536240471 11.7046999107 12.7279220614 13.0384048104 17.0293863659 11.401754251 9.8488578018 36.7695526217 35.0 35.4682957019 30.0665927567 20.0249843945 50.9901951359 44.4072066223 
441 101.178060863 19.0262975904 17.1172427686 27.0185121722 18.0277563773 36.0138862107 19.8494332413 20.8086520467 17.0880074906 15.8113883008 52.0864665724 27.2029410175 28.0178514522 35.8468966579 33.2415402772 11.1803398875 8.94427191 18.8679622641 17.0 25.495097568 24.0416305603 42.4852915725 40.718546143 14.7648230602 13.416407865 29.5296461205 25.079872408 17.4642491966 13.4536240471 10.4403065089 9.8488578018 12.5299640861 15.8113883008 11.1803398875 10.7703296143 31.384709653 28.0178514522 26.83281573 36.0138862107 24.6981780705 53.8144961883 49.9299509313 
