Leaf
75 103.17460928 16.0312195419 18.0277563773 26.0192236625 19.0 39.0128184063 22.0227155455 21.9317121995 18.1107702763 17.2626765016 55.0363516233 26.0192236625 25.7099202644 28.4604989415 31.064449134 8.0622577483 11.0453610172 16.6433169771 17.2046505341 22.8473193176 24.5967477525 38.4837628098 41.0487515035 16.1554944214 17.4642491966 27.2029410175 30.2324329157 13.0 11.6619037897 15.2315462117 12.2065556157 10.7703296143 17.2626765016 12.6491106407 13.416407865 32.6496554346 30.0166620396 32.2024843762 23.0217288664 32.3882694814 43.0116263352 48.8262224629 
22 96.0 16.0 16.0 23.0 18.0 39.0512483795 21.2602916255 21.2602916255 16.1245154966 16.1245154966 51.0 22.0907220344 22.2036033112 27.3130005675 27.7308492477 9.48683298051 9.48683298051 15.0 15.0 20.2484567313 21.4709105536 43.382023927 42.0594816896 13.0 13.416407865 24.1867732449 25.0599281723 11.7046999107 10.0 12.6491106407 10.0 13.0 16.1245154966 10.0 9.43398113206 32.6955654485 32.0 33.6154726279 26.3058928759 26.1725046566 45.9673797382 46.6690475583 
126 94.0478601564 14.3178210633 16.2788205961 23.1948270095 19.2353840617 40.0249921924 19.2093727123 19.2353840617 15.0332963784 15.6524758425 47.6759897642 26.1725046566 26.0192236625 29.9666481275 31.6227766017 10.0498756211 9.8488578018 17.0293863659 15.2315462117 17.1172427686 21.0950231097 44.9444101085 49.3355855342 12.0415945788 14.4222051019 19.8494332413 25.632011236 8.94427191 12.0415945788 15.0332963784 13.0384048104 9.43398113206 15.6524758425 10.1980390272 11.313708499 30.5941170816 30.5941170816 33.0151480384 16.0312195419 31.5753068077 46.4004310325 50.3289181286 
133 96.0208310733 16.0312195419 16.0 24.0208242989 20.0 39.0128184063 22.2036033112 23.8537208838 17.2626765016 20.2237484162 50.0099990002 25.0199920064 24.5153013443 29.1204395571 31.384709653 9.48683298051 11.401754251 14.2126704036 15.5563491861 17.0 19.4164878389 41.2310562562 43.5660418216 16.2788205961 19.6468827044 24.2074368738 28.319604517 10.7703296143 13.8924439894 14.8660687473 16.6433169771 10.6301458127 20.2237484162 8.60232526704 9.21954445729 24.1867732449 24.0 26.4196896272 21.3775583264 31.064449134 46.3249392876 53.2634959423 
137 100.717426496 16.0312195419 16.1245154966 26.1725046566 18.0277563773 42.2965719651 19.8494332413 20.1246117975 16.2788205961 17.4642491966 48.3735464898 23.5372045919 25.179356624 28.6530975638 30.4630924235 9.21954445729 9.48683298051 14.8660687473 13.0384048104 18.3847763109 21.400934559 43.8292140016 44.3846820423 13.0384048104 14.4222051019 22.0227155455 26.0 10.7703296143 12.7279220614 16.0312195419 13.6014705087 12.7279220614 17.4642491966 8.0622577483 10.0 22.803508502 23.5372045919 26.4007575649 21.0237960416 29.0172362571 48.795491595 51.6623654124 
178 93.0215028905 16.0312195419 17.0 25.0199920064 21.0237960416 43.1045241245 21.6333076528 22.4722050542 19.4164878389 19.6468827044 49.040799341 25.0199920064 25.179356624 29.1547594742 31.304951685 10.1980390272 11.401754251 17.691806013 16.6433169771 25.9615099715 27.4590604355 44.418464629 45.6179789118 15.8113883008 16.6433169771 26.4007575649 29.5296461205 11.7046999107 12.5299640861 14.3178210633 12.0830459736 10.6301458127 19.6468827044 10.7703296143 12.0415945788 23.2594066992 22.2036033112 24.0831891576 19.3132079158 26.4764045897 52.1536192416 53.4134814443 
213 93.0859817588 13.0384048104 15.0332963784 25.0199920064 19.0262975904 39.1152144312 20.5182845287 20.8086520467 16.0312195419 16.2788205961 51.0881590978 29.0688837075 29.2745623366 32.5729949498 35.3411940941 8.24621125124 11.401754251 17.0293863659 16.1245154966 19.4164878389 23.3452350599 40.718546143 45.6508488421 12.0415945788 13.8924439894 19.1049731745 24.5967477525 9.48683298051 12.0415945788 16.1245154966 13.4536240471 10.4403065089 16.2788205961 10.1980390272 12.7279220614 28.231188427 28.0178514522 30.0166620396 20.2484567313 28.0713376952 48.3735464898 53.8144961883 
222 96.0832971957 17.0293863659 17.0293863659 26.0 21.0 38.0131556175 21.400934559 20.2484567313 18.4390889146 17.0880074906 50.0 28.0713376952 28.1602556807 33.2415402772 34.0147027034 10.4403065089 11.401754251 17.0293863659 16.4012194669 20.8806130178 21.9544984001 42.5440947724 41.629316593 13.6014705087 14.7648230602 25.2388589282 26.83281573 12.6491106407 12.0415945788 14.5602197786 11.401754251 12.0415945788 17.0880074906 9.8488578018 10.0 29.1547594742 29.1547594742 31.064449134 20.8806130178 32.5576411922 49.0917508345 53.9073278878 
390 94.0850678907 16.0312195419 17.1172427686 22.0907220344 19.0 40.049968789 19.8494332413 21.0237960416 14.3178210633 18.7882942281 44.4072066223 26.0 28.1602556807 30.083217913 34.0147027034 8.54400374532 11.401754251 13.4536240471 14.1421356237 14.7648230602 17.8044938148 42.0475920833 45.6508488421 12.3693168769 15.2643375225 21.9544984001 27.3130005675 9.48683298051 10.8166538264 13.0384048104 13.0 9.43398113206 18.7882942281 7.21110255093 9.43398113206 22.360679775 24.0208242989 25.2388589282 19.9248588452 28.0713376952 47.7074417675 53.7587202229 
