Leaf
96 107.074740252 18.0 16.0312195419 25.079872408 15.0332963784 34.0587727319 25.8069758011 24.1867732449 21.2132034356 20.3960780544 52.038447325 21.9317121995 21.0237960416 26.9072480941 23.0867927612 9.0 6.0827625303 15.5563491861 12.6491106407 23.4093998214 23.7065391823 36.235341864 38.0131556175 17.1172427686 15.1327459504 26.2488094968 22.803508502 15.6524758425 15.6204993518 12.0830459736 13.4536240471 14.8660687473 20.3960780544 10.4403065089 10.8166538264 33.2866339542 30.0665927567 30.4630924235 41.1096095822 22.2036033112 49.9299509313 43.0116263352 
14 104.086502487 16.2788205961 17.2626765016 26.4764045897 17.1172427686 36.4965751818 20.1246117975 22.0227155455 16.5529453572 17.0 52.7730992078 27.2946881279 24.5153013443 31.7804971641 27.2946881279 9.21954445729 8.0 19.3132079158 18.8679622641 25.2388589282 25.495097568 34.4383507154 32.6496554346 14.8660687473 13.152946438 27.2029410175 24.8394846967 17.1172427686 11.401754251 11.401754251 9.21954445729 13.8924439894 17.0 15.2315462117 15.2970585408 29.8328677804 26.3058928759 29.1547594742 35.6931365951 25.179356624 49.4974746831 42.4499705536 
73 102.825094213 18.1107702763 17.0293863659 26.1725046566 19.0262975904 36.2215405525 21.9317121995 22.2036033112 17.1172427686 17.4642491966 55.3263047745 23.0867927612 24.0 28.6006992922 27.5136329844 10.0498756211 9.21954445729 16.2788205961 15.2643375225 21.8403296678 21.0950231097 37.2021504755 36.7695526217 15.2970585408 15.8113883008 27.0185121722 26.0768096208 14.3178210633 13.4536240471 13.3416640641 14.4222051019 12.0830459736 17.4642491966 11.7046999107 11.6619037897 31.0161248385 29.1547594742 30.5286750449 33.9558536927 29.0172362571 46.5295604965 42.4264068712 
238 100.04498988 16.0312195419 17.0 25.0199920064 16.0 30.0166620396 23.6008474424 25.2388589282 20.0997512422 21.2132034356 53.0848377599 20.2237484162 21.8403296678 24.5967477525 26.9258240357 8.24621125124 8.24621125124 14.4222051019 14.4222051019 22.803508502 22.4722050542 36.6742416418 36.7695526217 18.2482875909 19.6468827044 26.8700576851 29.0688837075 13.0384048104 13.6014705087 15.2315462117 15.8113883008 11.401754251 21.2132034356 10.7703296143 10.7703296143 27.7308492477 27.0185121722 29.1547594742 28.0178514522 36.0 44.5533388199 48.1663783152 
339 98.005101908 17.0293863659 17.0293863659 25.0199920064 16.0 26.0192236625 19.2093727123 20.6155281281 16.7630546142 17.4642491966 50.0 27.2946881279 26.4764045897 30.4630924235 29.9666481275 8.0622577483 8.0622577483 14.4222051019 14.4222051019 21.8403296678 22.360679775 29.1547594742 30.0166620396 17.0 16.1554944214 29.6816441593 28.0178514522 13.9283882772 11.1803398875 13.416407865 10.8166538264 11.1803398875 17.4642491966 11.1803398875 11.1803398875 30.4138126515 28.0713376952 29.1547594742 35.1283361405 29.4278779391 44.687805943 43.1393092202 
353 103.817146946 17.0 17.2626765016 26.3058928759 16.1245154966 34.5253530033 24.1867732449 26.1725046566 21.5870331449 22.0227155455 56.3205113613 22.0 22.360679775 25.0 27.5862284483 7.28010988928 9.0 13.8924439894 13.4536240471 20.591260282 23.4093998214 36.6878726557 37.0135110466 21.5406592285 22.5610283454 32.0156211872 33.3016516107 13.0 15.5241746963 16.6433169771 15.8113883008 11.401754251 22.0227155455 9.43398113206 11.1803398875 28.6530975638 28.1602556807 29.4108823397 26.0192236625 33.9558536927 40.4598566483 48.754486973 
362 106.018866246 18.0277563773 19.0262975904 25.0199920064 17.0293863659 34.0147027034 26.6270539114 26.4196896272 23.1948270095 22.803508502 53.0377224247 26.3058928759 26.3058928759 29.5465734054 30.8706980809 8.0622577483 9.21954445729 16.1245154966 17.4928556845 25.2982212813 25.632011236 35.8468966579 35.77708764 20.3960780544 19.9248588452 30.4138126515 30.8058436015 13.8924439894 15.2643375225 14.3178210633 14.7648230602 16.2788205961 22.803508502 13.0 12.6491106407 24.5967477525 24.0831891576 26.6270539114 28.1602556807 32.0624390838 45.9673797382 47.4236228055 
373 104.043260233 18.0 19.0262975904 25.0199920064 20.0 40.0 22.0227155455 21.2132034356 17.4642491966 16.4924225025 54.0092584656 24.0208242989 25.3179778023 27.3130005675 29.5296461205 10.0498756211 10.0498756211 15.8113883008 17.0293863659 22.360679775 22.360679775 38.0788655293 39.1152144312 17.0880074906 16.5529453572 28.8444102037 30.5286750449 13.416407865 11.6619037897 13.9283882772 11.6619037897 9.05538513814 16.4924225025 12.5299640861 10.7703296143 34.4383507154 32.0156211872 33.6154726279 23.0867927612 31.7804971641 41.0365690574 45.4862616622 
399 104.307238483 18.0 17.1172427686 27.0185121722 19.0 38.0131556175 19.1049731745 19.4164878389 14.8660687473 15.2315462117 51.0881590978 25.632011236 25.0199920064 31.2409987036 25.9615099715 11.0 8.0 16.2788205961 14.4222051019 23.2594066992 21.9317121995 37.2021504755 34.885527085 19.2353840617 18.0277563773 31.9061122671 27.4590604355 17.4642491966 12.2065556157 12.5299640861 12.0830459736 11.401754251 15.2315462117 12.0830459736 13.0 28.6356421266 25.079872408 27.4590604355 36.8781778292 22.2036033112 49.6487663492 40.6078810085 
406 102.825094213 17.2626765016 15.2970585408 25.495097568 17.2626765016 32.3882694814 23.2594066992 23.3452350599 19.3132079158 20.0249843945 51.7880295049 25.7099202644 23.0867927612 31.7647603485 25.079872408 9.48683298051 8.0 17.4928556845 14.4222051019 24.1867732449 23.1948270095 33.1058907145 30.8058436015 18.0277563773 17.0293863659 29.5465734054 24.4131112315 18.1107702763 15.2643375225 9.89949493661 12.8062484749 17.691806013 20.0249843945 11.7046999107 12.6491106407 30.0 26.4764045897 25.7099202644 44.0454310911 20.2237484162 54.083269132 38.1837661841 
440 98.005101908 17.1172427686 17.2626765016 25.179356624 16.1245154966 32.2490309932 24.8394846967 24.6981780705 21.0237960416 21.5406592285 50.4876222455 26.2488094968 26.0192236625 30.2324329157 29.1204395571 9.0 7.28010988928 12.7279220614 13.0384048104 23.5372045919 23.7065391823 37.2155881319 38.275318418 18.0277563773 18.7882942281 26.9072480941 28.6530975638 13.416407865 16.2788205961 13.3416640641 14.8660687473 13.4536240471 21.5406592285 9.8488578018 9.43398113206 27.3130005675 26.1725046566 28.6006992922 28.0178514522 29.6141857899 45.9673797382 48.0104155366 
