Leaf
366 111.004504413 20.0 19.0262975904 32.0 24.0 46.0 23.6008474424 22.803508502 19.9248588452 19.6468827044 60.0083327547 26.3058928759 26.3058928759 33.6154726279 32.6496554346 13.3416640641 11.401754251 18.4390889146 18.4390889146 24.6981780705 22.8473193176 47.1699056603 45.1774279923 16.1554944214 15.2970585408 30.0166620396 27.2029410175 17.7200451467 14.8660687473 15.8113883008 15.6204993518 15.5563491861 19.6468827044 11.401754251 10.295630141 38.0131556175 35.0 35.3411940941 32.14031736 26.0192236625 53.8144961883 48.1663783152 
28 105.380263807 19.4164878389 18.4390889146 25.3179778023 19.2353840617 36.4965751818 22.2036033112 23.0217288664 17.0293863659 15.8113883008 56.8858506133 31.6227766017 31.2569992162 36.6196668472 34.2344855372 11.0 8.54400374532 17.8044938148 18.7882942281 24.0416305603 22.360679775 38.275318418 40.8533964316 13.152946438 12.3693168769 27.0185121722 22.4722050542 15.8113883008 15.2643375225 10.0498756211 13.0384048104 15.2315462117 15.8113883008 13.9283882772 13.0 26.9258240357 23.0 23.0217288664 40.049968789 22.4722050542 58.0086200491 50.5667875191 
1 108.664621658 19.2353840617 18.1107702763 28.1602556807 22.0907220344 49.2544414241 21.9544984001 21.2602916255 17.88854382 16.1245154966 55.5787729264 30.0 29.6141857899 36.6878726557 36.235341864 12.0830459736 11.401754251 16.6433169771 17.691806013 24.7588368063 21.9317121995 50.537115074 47.7074417675 13.6014705087 13.152946438 28.1602556807 25.0 16.1245154966 12.0415945788 13.0 12.8062484749 14.1421356237 16.1245154966 12.0415945788 10.8166538264 28.0178514522 26.0768096208 27.7308492477 26.4764045897 25.0199920064 58.6003412959 54.4885309033 
20 111.04053314 18.0277563773 18.0277563773 30.0 25.0199920064 47.0425339454 22.803508502 22.2036033112 19.4164878389 17.7200451467 57.0 30.2654919008 29.0172362571 35.77708764 34.9284983931 12.1655250606 13.3416640641 18.3847763109 18.4390889146 20.591260282 20.8086520467 49.244289009 50.537115074 13.6014705087 14.3178210633 26.0768096208 26.83281573 15.1327459504 15.5563491861 15.1327459504 14.2126704036 15.6204993518 17.7200451467 11.1803398875 12.2065556157 26.9258240357 26.0 25.5538646784 26.3058928759 28.0713376952 56.8506816142 57.3846669416 
30 103.019415646 17.0293863659 16.0312195419 24.0 23.0217288664 45.0111097397 22.4722050542 22.803508502 18.6815416923 17.1172427686 50.0099990002 30.4138126515 29.2745623366 38.4707681233 34.5253530033 13.6014705087 11.1803398875 18.4390889146 18.6010752377 22.6715680975 18.3847763109 51.1077293567 48.8466989673 17.88854382 15.1327459504 29.1547594742 22.803508502 16.4924225025 14.4222051019 8.94427191 12.5299640861 13.0384048104 17.1172427686 12.0415945788 9.8488578018 34.4383507154 32.0156211872 30.083217913 34.1320963318 18.0277563773 60.9590026165 52.7730992078 
54 110.7655181 20.0997512422 19.2353840617 29.1547594742 19.2353840617 49.4974746831 24.0416305603 24.1867732449 19.2353840617 19.3132079158 58.4208866759 29.1547594742 27.0185121722 35.6089876295 31.7804971641 11.0453610172 8.94427191 12.8062484749 14.2126704036 24.0831891576 19.7989898732 48.1663783152 46.2385120868 15.2970585408 14.5602197786 28.6006992922 25.495097568 16.7630546142 16.4012194669 13.152946438 15.0 15.2643375225 19.3132079158 10.6301458127 7.81024967591 27.3130005675 25.179356624 25.8069758011 29.1547594742 23.3452350599 57.4282160614 51.3127664427 
71 107.228727494 18.0277563773 17.1172427686 29.0688837075 19.1049731745 53.2353266168 22.803508502 23.3238075794 19.4164878389 18.6815416923 55.1452627158 31.0161248385 29.0172362571 37.2021504755 32.7566787083 11.0453610172 8.54400374532 11.401754251 13.4536240471 26.0768096208 16.2788205961 50.2493781056 46.0977222865 16.1554944214 14.1421356237 28.8444102037 22.4722050542 18.6815416923 15.6204993518 11.401754251 14.2126704036 17.2046505341 18.6815416923 11.6619037897 6.40312423743 28.1780056072 26.0768096208 26.6270539114 28.0713376952 18.0277563773 58.0086200491 49.6487663492 
88 112.004464197 19.1049731745 19.0262975904 28.0178514522 20.0 43.0 23.8537208838 24.0416305603 18.973665961 16.1245154966 58.137767415 33.7342555869 32.0156211872 40.249223595 36.4005494464 11.401754251 9.48683298051 15.8113883008 17.0293863659 21.9317121995 17.88854382 45.7930125674 43.382023927 15.2315462117 14.0 27.7308492477 23.0217288664 18.1107702763 16.9705627485 10.4403065089 14.8660687473 15.6204993518 16.1245154966 11.313708499 9.8488578018 27.7848879789 26.0 26.9258240357 34.1320963318 24.6981780705 59.4642749893 53.0 
122 111.462998345 18.4390889146 18.1107702763 27.6586333719 19.4164878389 37.6563407675 20.1246117975 20.6155281281 16.6433169771 15.1327459504 53.1507290637 34.0 32.9848450049 41.2310562562 38.0131556175 11.6619037897 9.21954445729 18.7882942281 17.0293863659 19.8494332413 18.6815416923 45.8802789878 44.1021541424 12.2065556157 13.0384048104 25.7099202644 24.2074368738 16.0312195419 14.2126704036 12.0830459736 12.8062484749 13.4536240471 15.1327459504 11.401754251 11.401754251 34.6698716467 34.3656805549 34.4818792991 35.7351367704 29.0688837075 59.908263203 53.7401153702 
123 112.614386292 18.2482875909 16.4924225025 30.4138126515 22.360679775 41.7731971484 20.5182845287 21.0237960416 17.2626765016 16.5529453572 54.918120871 31.384709653 30.2654919008 39.0512483795 35.3553390593 13.0384048104 10.295630141 18.4390889146 17.88854382 23.4093998214 21.0950231097 42.6380112107 43.3243580449 15.2315462117 14.7648230602 29.4108823397 24.6981780705 16.7630546142 13.4536240471 14.0 14.7648230602 15.2315462117 16.5529453572 11.6619037897 10.0 28.6530975638 25.079872408 25.6124969497 38.0131556175 26.4196896272 59.640590205 54.1294744109 
152 100.004999875 18.0277563773 18.0277563773 32.0 28.0178514522 45.0444225182 23.0217288664 22.2036033112 18.6815416923 17.7200451467 58.0086200491 30.0665927567 29.0688837075 40.3112887415 40.3112887415 15.6524758425 16.1245154966 19.7989898732 20.5182845287 16.5529453572 17.2046505341 42.7200187266 43.9089968002 14.3178210633 14.7648230602 26.83281573 27.7308492477 15.2970585408 13.4536240471 17.2626765016 14.1421356237 11.401754251 17.7200451467 8.48528137424 8.48528137424 27.7308492477 27.0185121722 29.1547594742 21.1896201004 26.4764045897 50.8035431835 53.2634959423 
153 112.040171367 18.1107702763 18.0 29.0172362571 21.0 44.0113621693 17.0293863659 16.9705627485 13.0384048104 13.416407865 52.038447325 29.2745623366 28.2842712475 35.8468966579 35.3411940941 10.7703296143 11.7046999107 18.8679622641 19.4164878389 20.8086520467 21.0950231097 46.0651712251 46.1410879802 12.0415945788 11.313708499 27.6586333719 27.2029410175 14.1421356237 7.81024967591 15.2970585408 8.60232526704 12.6491106407 13.416407865 11.6619037897 11.6619037897 34.885527085 33.0151480384 34.0147027034 28.2842712475 30.0665927567 54.8178802947 55.1724568965 
155 110.018180316 16.0312195419 16.0312195419 28.0178514522 24.0208242989 44.0454310911 22.0227155455 22.2036033112 18.1107702763 17.2626765016 55.0363516233 31.1448230048 31.0161248385 37.1618083521 37.3363094052 12.3693168769 12.6491106407 17.691806013 18.4390889146 21.4709105536 20.591260282 45.2769256907 46.0651712251 14.5602197786 14.5602197786 25.0 23.8537208838 14.1421356237 15.6204993518 14.0356688476 16.4012194669 13.6014705087 17.2626765016 10.8166538264 10.8166538264 31.7647603485 30.0 30.4138126515 32.2490309932 29.4278779391 57.2800139665 56.0802995712 
207 112.160599142 18.4390889146 18.0277563773 26.0768096208 23.0867927612 49.1629942131 24.1867732449 24.2074368738 18.0277563773 18.2482875909 53.1507290637 32.0 32.14031736 39.8497176903 38.6264158317 13.416407865 11.7046999107 16.4012194669 17.0293863659 19.2093727123 17.8044938148 49.7393204618 45.7930125674 15.2315462117 15.2970585408 26.0 25.2388589282 14.1421356237 14.4222051019 12.6491106407 14.2126704036 14.8660687473 18.2482875909 9.43398113206 7.21110255093 25.5538646784 26.0192236625 28.3019433962 26.5706605112 28.8617393793 60.0 58.137767415 
220 109.16501271 17.0293863659 17.0293863659 28.0713376952 22.0227155455 47.0425339454 20.2484567313 23.3452350599 17.0880074906 16.0312195419 55.0363516233 35.2278299076 34.0587727319 43.0813184571 39.8497176903 13.0 10.7703296143 15.8113883008 17.691806013 19.7230829233 13.6014705087 47.4130783645 47.1699056603 14.4222051019 13.152946438 27.3130005675 22.4722050542 17.0293863659 14.2126704036 11.401754251 13.4536240471 15.2643375225 16.0312195419 10.0 7.61577310586 31.9061122671 29.1547594742 28.7923600978 29.4278779391 23.3452350599 58.2580466545 54.6717477313 
254 105.475115549 18.1107702763 17.0 30.0665927567 23.0217288664 41.0487515035 22.825424421 21.2602916255 19.3132079158 16.2788205961 55.3263047745 33.2415402772 32.14031736 41.2310562562 38.6264158317 13.0 11.7046999107 20.591260282 21.400934559 23.0217288664 20.6155281281 43.8292140016 42.5440947724 13.6014705087 12.6491106407 27.5136329844 24.1867732449 17.0 14.2126704036 13.152946438 13.4536240471 15.5563491861 16.2788205961 13.0384048104 12.3693168769 33.6154726279 31.064449134 31.7804971641 34.205262753 24.3515913238 59.6657355607 51.8652099196 
275 108.295890965 19.1049731745 18.1107702763 27.2946881279 21.2132034356 56.5685424949 20.2484567313 21.2132034356 17.0 17.2626765016 53.3385414124 26.3058928759 25.079872408 34.0 28.231188427 12.6491106407 9.05538513814 15.0 15.0 26.4196896272 21.6333076528 55.0726792521 49.4064773081 15.6204993518 14.1421356237 30.6757233004 25.6124969497 18.1107702763 12.8062484749 10.8166538264 10.6301458127 16.2788205961 17.2626765016 11.6619037897 9.43398113206 31.4006369362 28.1602556807 29.1547594742 33.7342555869 16.0312195419 58.137767415 50.6063237155 
365 111.646764396 18.1107702763 17.1172427686 28.1602556807 23.0217288664 39.2045915678 21.400934559 20.6155281281 15.8113883008 15.0332963784 57.4282160614 32.0156211872 30.2654919008 37.947331922 36.6742416418 11.7046999107 12.3693168769 18.6010752377 18.4390889146 16.4012194669 17.0880074906 43.3243580449 44.6542271235 12.7279220614 10.295630141 27.892651362 24.5967477525 15.0332963784 11.6619037897 13.152946438 10.6301458127 16.5529453572 15.0332963784 10.295630141 11.1803398875 31.4006369362 29.4278779391 30.083217913 36.6878726557 28.2842712475 59.4053869611 57.2800139665 
374 105.171288858 18.1107702763 18.0 28.0178514522 22.0227155455 41.0121933088 21.400934559 20.5182845287 15.8113883008 15.5241746963 55.0817574157 31.064449134 31.2569992162 37.3363094052 37.1618083521 11.7046999107 11.401754251 19.7230829233 20.0 19.7230829233 17.4928556845 39.8246155035 42.1900462195 11.1803398875 10.4403065089 24.3515913238 23.2594066992 15.1327459504 12.8062484749 13.3416640641 12.2065556157 14.2126704036 15.5241746963 13.416407865 13.0 30.0166620396 29.0688837075 29.1547594742 28.8617393793 26.0192236625 51.7397332811 49.4974746831 
377 108.374351209 19.0262975904 16.1245154966 28.0178514522 22.0227155455 43.1856457634 21.9317121995 21.400934559 16.2788205961 15.2970585408 57.0788927713 32.5729949498 31.2569992162 40.2243707222 34.3656805549 13.152946438 9.48683298051 21.400934559 20.1246117975 22.825424421 19.7230829233 46.0434577329 45.3100430368 13.0 12.1655250606 27.2946881279 20.591260282 17.2626765016 15.0 11.1803398875 13.4536240471 16.1245154966 15.2970585408 14.8660687473 13.9283882772 34.4383507154 32.0 31.304951685 37.1214223865 21.9544984001 62.4819974073 53.712196008 
401 113.039815994 18.0277563773 18.0 28.0 21.0 44.0113621693 20.5182845287 20.5182845287 16.4924225025 15.5241746963 56.0 30.8058436015 30.0 37.5898922584 34.4818792991 11.401754251 10.4403065089 17.2046505341 17.8044938148 21.400934559 18.8679622641 45.7930125674 44.72135955 10.8166538264 9.8488578018 26.0 23.769728648 16.0312195419 12.8062484749 12.0415945788 11.313708499 14.8660687473 15.5241746963 12.2065556157 11.6619037897 33.5410196625 31.0 32.2024843762 36.1247837364 28.0178514522 57.008771255 51.7397332811 
411 112.53888217 20.0997512422 18.0277563773 29.1547594742 21.0950231097 42.1900462195 23.6008474424 24.0831891576 18.0277563773 17.0 61.2943716829 33.2415402772 32.2490309932 39.9249295554 36.7695526217 11.7046999107 10.1980390272 17.4928556845 17.691806013 21.2132034356 18.0277563773 46.0977222865 44.418464629 13.416407865 14.0356688476 27.8567765544 22.6715680975 18.0 16.9705627485 11.401754251 16.2788205961 15.8113883008 17.0 11.401754251 10.4403065089 33.8378486314 31.2569992162 30.3644529014 38.2099463491 24.5153013443 60.1082357086 53.2634959423 
426 101.004950374 18.0 17.0293863659 24.0208242989 22.0227155455 44.1021541424 22.0227155455 21.9317121995 17.4642491966 15.1327459504 53.0377224247 29.2745623366 29.0688837075 36.6742416418 32.9848450049 12.6491106407 10.4403065089 16.6433169771 18.3847763109 23.4307490277 17.4642491966 50.537115074 46.9574275275 14.3178210633 14.0 27.2946881279 21.400934559 16.2788205961 14.1421356237 8.94427191 12.8062484749 14.3178210633 15.1327459504 12.7279220614 10.4403065089 32.6496554346 31.064449134 31.0161248385 33.2415402772 19.6468827044 58.0517010948 52.4785670536 
457 104.307238483 19.0 17.1172427686 30.1496268634 22.2036033112 45.3982378513 21.9317121995 22.2036033112 16.4924225025 16.4924225025 58.2151183113 34.205262753 33.0151480384 41.6773319683 40.0249921924 12.3693168769 11.6619037897 14.8660687473 17.0293863659 19.7989898732 14.2126704036 46.8614980554 44.598206242 13.8924439894 11.1803398875 28.6356421266 21.0237960416 18.2482875909 14.2126704036 12.0 14.8660687473 15.6524758425 16.4924225025 10.6301458127 7.07106781187 31.0161248385 28.1602556807 26.9258240357 29.1547594742 21.4709105536 60.207972894 52.3259018078 
463 114.127122105 17.4642491966 17.0 34.1320963318 26.1725046566 41.4366987102 21.5406592285 21.2132034356 18.3575597507 15.1327459504 57.5586657246 32.0 32.9848450049 40.162171256 40.8166632639 14.3178210633 13.3416640641 20.2484567313 20.5182845287 17.2046505341 17.7200451467 43.0813184571 42.201895692 16.2788205961 11.7046999107 29.1204395571 23.7065391823 18.0 13.8924439894 16.2788205961 14.4222051019 16.4012194669 15.1327459504 10.6301458127 10.4403065089 28.4253408071 26.3058928759 28.231188427 36.6878726557 31.5753068077 59.816385715 57.2800139665 
481 101.400197238 18.2482875909 17.0293863659 28.0713376952 20.0997512422 41.3037528561 22.4722050542 21.9317121995 17.0880074906 16.0312195419 56.3205113613 29.1547594742 29.4278779391 35.4682957019 34.4383507154 10.7703296143 10.1980390272 17.88854382 18.4390889146 22.0227155455 21.1896201004 46.2385120868 44.9444101085 15.6524758425 15.1327459504 27.3130005675 24.8394846967 16.1245154966 15.0 12.6491106407 14.8660687473 12.5299640861 16.0312195419 13.6014705087 12.6491106407 31.384709653 30.1496268634 30.6757233004 27.0739727414 23.0217288664 52.2015325446 50.9901951359 
483 107.168092266 18.0277563773 16.1245154966 31.064449134 24.0208242989 39.2045915678 21.400934559 18.6010752377 16.7630546142 13.9283882772 55.0 32.0156211872 32.0156211872 40.8166632639 38.3275357935 13.6014705087 12.0830459736 19.8494332413 19.4164878389 19.2353840617 15.2315462117 39.6610640301 40.718546143 12.5299640861 10.295630141 26.0 22.1359436212 18.1107702763 15.0 13.0 12.0415945788 14.4222051019 13.9283882772 11.1803398875 10.8166538264 31.384709653 27.0739727414 26.0 35.3553390593 24.1660919472 57.3846669416 51.6236379966 
