Leaf
153 112.040171367 18.1107702763 18.0 29.0172362571 21.0 44.0113621693 17.0293863659 16.9705627485 13.0384048104 13.416407865 52.038447325 29.2745623366 28.2842712475 35.8468966579 35.3411940941 10.7703296143 11.7046999107 18.8679622641 19.4164878389 20.8086520467 21.0950231097 46.0651712251 46.1410879802 12.0415945788 11.313708499 27.6586333719 27.2029410175 14.1421356237 7.81024967591 15.2970585408 8.60232526704 12.6491106407 13.416407865 11.6619037897 11.6619037897 34.885527085 33.0151480384 34.0147027034 28.2842712475 30.0665927567 54.8178802947 55.1724568965 
57 107.517440446 19.4164878389 19.1049731745 25.3179778023 23.1948270095 51.4781507049 18.8679622641 20.8086520467 15.0 14.1421356237 52.6117857519 29.0688837075 28.2842712475 35.1710107901 34.0 12.0830459736 12.1655250606 15.8113883008 17.2046505341 19.6977156036 15.6204993518 49.244289009 49.040799341 11.401754251 9.21954445729 28.1602556807 23.7065391823 15.0 9.21954445729 10.7703296143 9.43398113206 13.6014705087 14.1421356237 10.0 9.43398113206 32.6496554346 29.4278779391 30.6757233004 28.6356421266 21.0237960416 56.8594759033 53.7587202229 
11 104.07689465 18.0 18.0 27.0185121722 23.0217288664 45.0444225182 20.5182845287 19.1049731745 15.5241746963 14.8660687473 54.0 27.1661554144 27.0185121722 34.0147027034 34.5398320783 11.7046999107 13.0 16.2788205961 16.2788205961 16.6433169771 18.3847763109 47.1699056603 46.5188133985 10.4403065089 10.8166538264 23.2594066992 25.632011236 13.3416640641 12.2065556157 14.1421356237 10.6301458127 11.1803398875 14.8660687473 7.81024967591 9.21954445729 27.8567765544 28.1602556807 29.6816441593 23.0217288664 28.0713376952 52.4022900263 53.9073278878 
35 104.809350728 17.2626765016 16.0312195419 26.3058928759 24.1867732449 52.3450093132 21.0950231097 21.2132034356 16.1554944214 16.0312195419 52.4690384894 32.2490309932 31.5753068077 39.8120584748 39.3573373083 13.8924439894 12.6491106407 17.0293863659 16.4012194669 17.4928556845 17.691806013 51.0783711565 52.0096144958 13.6014705087 14.5602197786 26.2488094968 25.0 13.0384048104 11.1803398875 13.9283882772 12.7279220614 12.8062484749 16.0312195419 8.0622577483 9.21954445729 28.6006992922 27.2946881279 29.1547594742 21.5870331449 22.0227155455 55.5697759578 55.8659108939 
41 100.04498988 16.0312195419 16.0 27.0185121722 19.0262975904 41.0487515035 17.0293863659 18.4390889146 13.0 12.1655250606 52.038447325 30.1496268634 30.4138126515 35.1140997322 35.3411940941 9.48683298051 10.1980390272 15.8113883008 15.6204993518 20.2484567313 21.0950231097 50.1597448159 48.754486973 11.401754251 10.295630141 24.3515913238 22.8473193176 14.0356688476 10.6301458127 13.152946438 10.6301458127 11.7046999107 12.1655250606 10.0 11.401754251 29.0688837075 29.0 30.4138126515 25.179356624 25.079872408 56.0357029045 54.4058820349 
124 101.004950374 18.0 18.0277563773 25.0199920064 20.0249843945 42.0119030752 22.6715680975 21.0950231097 17.2626765016 18.3847763109 51.0392006207 32.0156211872 32.2490309932 36.6878726557 38.6264158317 10.4403065089 10.7703296143 16.2788205961 15.8113883008 18.3575597507 20.6155281281 45.6508488421 45.6179789118 13.3416640641 14.7648230602 24.6981780705 27.7308492477 11.7046999107 12.0415945788 14.3178210633 12.2065556157 13.0384048104 18.3847763109 9.43398113206 10.6301458127 31.384709653 32.0156211872 32.2024843762 22.360679775 30.0 51.4003891036 53.0377224247 
218 103.07764064 17.0293863659 17.0293863659 28.0178514522 20.0 46.0108682813 19.7989898732 20.8086520467 15.2970585408 16.7630546142 54.1479454827 28.2842712475 29.2745623366 33.1058907145 34.0147027034 10.1980390272 10.1980390272 19.4164878389 18.3575597507 19.7230829233 24.0831891576 44.1021541424 42.1900462195 13.0 13.6014705087 25.5538646784 26.9258240357 13.6014705087 11.313708499 15.2970585408 10.6301458127 12.0830459736 16.7630546142 13.0 14.7648230602 25.9422435421 25.179356624 28.6006992922 23.769728648 26.2488094968 52.0096144958 53.4134814443 
225 104.086502487 18.2482875909 17.4642491966 25.495097568 24.5153013443 46.872166581 15.6524758425 13.4536240471 10.7703296143 10.0 48.6621002424 29.8328677804 29.6141857899 36.8917334914 36.3455636908 13.152946438 13.0384048104 16.1245154966 16.4012194669 17.2046505341 15.6204993518 46.0108682813 45.5411901469 10.8166538264 9.21954445729 26.83281573 24.0831891576 14.5602197786 9.43398113206 11.0453610172 8.0622577483 11.401754251 10.0 8.48528137424 8.0622577483 33.5261092285 30.2654919008 30.2324329157 28.1602556807 21.5870331449 55.8032257132 48.7647413609 
263 102.0 18.0277563773 18.0277563773 26.0192236625 20.0 41.0 20.6155281281 19.8494332413 15.8113883008 14.8660687473 52.0 31.064449134 32.2490309932 36.0555127546 37.6961536499 10.4403065089 10.4403065089 16.2788205961 15.0 20.6155281281 23.0217288664 43.9089968002 42.4852915725 10.4403065089 10.8166538264 22.8473193176 25.2982212813 12.3693168769 11.401754251 14.1421356237 10.6301458127 12.2065556157 14.8660687473 9.43398113206 10.6301458127 30.4138126515 29.0688837075 32.4499614792 25.0 29.6141857899 52.4309069157 52.8015151298 
369 100.124921973 16.0312195419 17.0 27.0739727414 20.0249843945 45.0444225182 21.6333076528 22.6715680975 17.4642491966 17.1172427686 54.083269132 28.2842712475 27.1661554144 35.3411940941 32.3109888428 11.7046999107 9.48683298051 18.6010752377 16.6433169771 22.0227155455 21.0950231097 47.8852795753 45.6508488421 15.2315462117 14.1421356237 25.5538646784 23.6008474424 15.1327459504 15.0 12.6491106407 14.1421356237 13.6014705087 17.1172427686 11.401754251 11.6619037897 32.2490309932 31.0161248385 31.7804971641 26.0192236625 22.0227155455 52.4976189936 49.2036584006 
374 105.171288858 18.1107702763 18.0 28.0178514522 22.0227155455 41.0121933088 21.400934559 20.5182845287 15.8113883008 15.5241746963 55.0817574157 31.064449134 31.2569992162 37.3363094052 37.1618083521 11.7046999107 11.401754251 19.7230829233 20.0 19.7230829233 17.4928556845 39.8246155035 42.1900462195 11.1803398875 10.4403065089 24.3515913238 23.2594066992 15.1327459504 12.8062484749 13.3416640641 12.2065556157 14.2126704036 15.5241746963 13.416407865 13.0 30.0166620396 29.0688837075 29.1547594742 28.8617393793 26.0192236625 51.7397332811 49.4974746831 
418 106.705201373 16.4924225025 16.2788205961 25.3179778023 23.3452350599 47.5184174821 17.88854382 18.6010752377 14.4222051019 14.0356688476 48.8364617883 32.14031736 32.3882694814 39.8120584748 38.9101529167 13.0384048104 12.3693168769 17.4928556845 17.8044938148 18.8679622641 15.2643375225 46.6154480832 46.2276973253 13.6014705087 12.3693168769 25.0 24.2074368738 14.0356688476 11.6619037897 12.0830459736 10.6301458127 12.0415945788 14.0356688476 10.0 8.60232526704 28.319604517 26.3058928759 27.7308492477 29.1547594742 26.3058928759 57.4543296889 55.1543289326 
422 100.04498988 16.1245154966 17.0 27.0185121722 17.0293863659 39.0128184063 18.4390889146 18.4390889146 12.6491106407 12.3693168769 53.0848377599 28.6356421266 28.2842712475 32.6496554346 30.4630924235 9.05538513814 8.0 18.7882942281 18.3575597507 23.6008474424 20.6155281281 42.9534631898 43.4165866922 12.8062484749 10.7703296143 25.2982212813 23.2594066992 15.1327459504 10.6301458127 12.3693168769 10.6301458127 13.6014705087 12.3693168769 15.6524758425 14.5602197786 31.384709653 29.1547594742 28.7923600978 28.0178514522 23.0217288664 50.3289181286 48.2700735446 
447 101.178060863 17.0 17.1172427686 26.1725046566 21.0950231097 44.283179651 20.5182845287 19.7230829233 15.2970585408 16.5529453572 50.2493781056 29.1547594742 30.0665927567 34.5398320783 37.3363094052 10.4403065089 12.0830459736 15.6204993518 15.0 20.6155281281 21.9317121995 44.9444101085 47.4236228055 13.0 13.4536240471 25.0599281723 27.2029410175 12.0830459736 9.21954445729 15.1327459504 10.0 13.416407865 16.5529453572 8.0622577483 10.8166538264 30.4138126515 28.0713376952 30.2324329157 24.5153013443 26.3058928759 52.8015151298 53.8237865632 
454 105.118980208 17.0 18.1107702763 26.0768096208 21.0950231097 43.1856457634 19.1049731745 17.691806013 13.3416640641 12.5299640861 52.038447325 30.2654919008 30.0166620396 35.8468966579 37.0 10.4403065089 12.0830459736 19.1049731745 17.88854382 21.1896201004 23.4307490277 46.1410879802 48.3321838944 9.8488578018 9.89949493661 22.8473193176 25.495097568 12.0415945788 11.313708499 14.0356688476 10.6301458127 12.6491106407 12.5299640861 10.4403065089 13.4536240471 29.0688837075 28.0178514522 28.3019433962 27.4590604355 26.9258240357 56.0802995712 56.8594759033 
481 101.400197238 18.2482875909 17.0293863659 28.0713376952 20.0997512422 41.3037528561 22.4722050542 21.9317121995 17.0880074906 16.0312195419 56.3205113613 29.1547594742 29.4278779391 35.4682957019 34.4383507154 10.7703296143 10.1980390272 17.88854382 18.4390889146 22.0227155455 21.1896201004 46.2385120868 44.9444101085 15.6524758425 15.1327459504 27.3130005675 24.8394846967 16.1245154966 15.0 12.6491106407 14.8660687473 12.5299640861 16.0312195419 13.6014705087 12.6491106407 31.384709653 30.1496268634 30.6757233004 27.0739727414 23.0217288664 52.2015325446 50.9901951359 
