Leaf
28 105.380263807 19.4164878389 18.4390889146 25.3179778023 19.2353840617 36.4965751818 22.2036033112 23.0217288664 17.0293863659 15.8113883008 56.8858506133 31.6227766017 31.2569992162 36.6196668472 34.2344855372 11.0 8.54400374532 17.8044938148 18.7882942281 24.0416305603 22.360679775 38.275318418 40.8533964316 13.152946438 12.3693168769 27.0185121722 22.4722050542 15.8113883008 15.2643375225 10.0498756211 13.0384048104 15.2315462117 15.8113883008 13.9283882772 13.0 26.9258240357 23.0 23.0217288664 40.049968789 22.4722050542 58.0086200491 50.5667875191 
24 95.0052630121 17.1172427686 17.1172427686 22.0227155455 16.0312195419 32.0156211872 22.0227155455 23.4307490277 15.2970585408 16.1245154966 51.0 33.3766385366 33.0151480384 38.6264158317 35.902646142 9.48683298051 7.28010988928 19.6977156036 18.7882942281 21.0237960416 20.2484567313 38.4837628098 37.5765884561 13.6014705087 13.0 23.7065391823 20.2484567313 13.152946438 14.2126704036 9.48683298051 13.4536240471 13.8924439894 16.1245154966 13.9283882772 13.6014705087 28.6530975638 28.0178514522 28.231188427 32.8937684068 25.2388589282 54.8178802947 52.3545604508 
66 95.0052630121 17.0 14.0356688476 21.0 17.0 30.0 18.6010752377 19.1049731745 16.1554944214 15.0332963784 45.0111097397 29.4278779391 29.0172362571 35.3411940941 32.5576411922 10.4403065089 7.61577310586 18.0277563773 16.5529453572 19.2353840617 17.4642491966 37.1618083521 37.1618083521 12.8062484749 10.0498756211 26.9258240357 18.6010752377 14.1421356237 10.0 7.28010988928 10.0 11.6619037897 15.0332963784 13.0 11.401754251 31.064449134 28.1602556807 26.5706605112 38.3275357935 22.825424421 53.7587202229 47.8852795753 
165 102.396288995 19.0 16.2788205961 24.1867732449 18.2482875909 35.2278299076 19.8494332413 19.4164878389 16.1554944214 13.9283882772 48.1663783152 30.6757233004 29.2745623366 38.0131556175 34.0587727319 12.1655250606 7.81024967591 15.6204993518 14.3178210633 19.2353840617 17.88854382 36.235341864 34.1760149813 15.2643375225 12.6491106407 29.9666481275 21.9317121995 16.7630546142 11.313708499 8.24621125124 10.7703296143 14.3178210633 13.9283882772 10.0 7.81024967591 26.0768096208 21.0 21.6333076528 43.0116263352 20.6155281281 60.0333240792 44.9444101085 
168 97.0051545022 17.0 15.0 25.0 19.0 36.0555127546 18.4390889146 18.4390889146 14.8660687473 14.3178210633 49.0 30.4138126515 30.0166620396 36.2491379208 34.4818792991 10.4403065089 9.48683298051 16.6433169771 17.2046505341 20.8086520467 15.8113883008 38.5875627631 38.4837628098 13.0384048104 11.401754251 26.4007575649 21.0950231097 15.1327459504 12.0415945788 10.1980390272 11.401754251 12.0830459736 14.3178210633 12.2065556157 10.7703296143 31.7647603485 28.0178514522 28.231188427 31.064449134 22.360679775 50.931326313 45.2216762184 
191 99.6092365195 18.4390889146 16.0312195419 24.3310501212 15.1327459504 33.2415402772 20.1246117975 20.5182845287 16.6433169771 15.0332963784 48.6621002424 29.8328677804 27.0739727414 35.3411940941 29.4108823397 8.54400374532 7.07106781187 18.3847763109 17.0 22.803508502 20.3960780544 36.2491379208 34.1320963318 14.2126704036 12.0 27.892651362 20.6155281281 17.0293863659 12.8062484749 8.60232526704 9.89949493661 13.4536240471 15.0332963784 13.0 13.3416640641 30.61045573 27.4590604355 25.9615099715 38.8329756779 20.1246117975 54.4518135602 43.2666153056 
277 100.319489632 16.2788205961 16.0 24.0831891576 17.0293863659 30.1496268634 24.1867732449 24.0831891576 18.4390889146 18.0 52.2398315464 30.2654919008 29.1547594742 37.3363094052 34.7850542619 10.295630141 8.94427191 17.88854382 17.4928556845 18.8679622641 18.2482875909 34.1760149813 34.1320963318 15.2970585408 15.1327459504 22.4722050542 20.5182845287 15.1327459504 17.691806013 9.8488578018 15.5563491861 16.4012194669 18.0 10.8166538264 10.4403065089 27.0185121722 23.3452350599 22.8473193176 39.0512483795 26.0 53.7587202229 47.0106370942 
292 99.3227063667 16.2788205961 14.0356688476 25.079872408 19.0262975904 33.0605505096 18.973665961 18.6010752377 18.0277563773 14.3178210633 42.2965719651 30.2654919008 29.0688837075 37.1618083521 33.5261092285 11.7046999107 8.54400374532 17.4928556845 17.2046505341 20.0 17.1172427686 32.6496554346 32.4499614792 12.7279220614 10.4403065089 25.7099202644 19.2353840617 15.0332963784 10.0 10.4403065089 9.89949493661 14.7648230602 14.3178210633 10.8166538264 10.1980390272 26.8700576851 21.5870331449 20.6155281281 40.4969134626 26.0768096208 56.5862174032 47.4341649025 
321 93.9414711403 16.4924225025 16.1245154966 25.3179778023 22.360679775 35.902646142 18.3847763109 18.3847763109 17.2626765016 17.4928556845 45.7055795281 29.1204395571 28.4429253067 36.6196668472 34.2344855372 13.152946438 10.8166538264 20.5182845287 19.3132079158 22.0907220344 21.0950231097 38.2883794382 38.3275357935 12.6491106407 13.6014705087 25.6124969497 25.632011236 13.9283882772 11.401754251 12.0415945788 10.7703296143 11.6619037897 17.4928556845 12.3693168769 11.6619037897 29.4108823397 27.4590604355 28.4253408071 32.0624390838 23.4093998214 51.3127664427 44.283179651 
331 101.004950374 17.0 16.0312195419 25.0 18.0 30.0166620396 19.1049731745 19.1049731745 14.5602197786 13.3416640641 51.0 31.5753068077 31.0161248385 38.0788655293 36.4005494464 9.8488578018 9.8488578018 18.3575597507 18.3575597507 19.3132079158 17.7200451467 30.2324329157 29.0688837075 11.1803398875 11.401754251 24.1660919472 21.4709105536 14.0356688476 12.7279220614 11.0453610172 12.8062484749 13.8924439894 13.3416640641 10.7703296143 11.1803398875 21.400934559 18.0 20.8086520467 36.2491379208 29.6816441593 53.7587202229 48.5489443758 
439 99.4082491547 18.0277563773 16.1245154966 27.0739727414 19.0262975904 37.0135110466 20.0 21.4709105536 18.0277563773 18.0277563773 49.2544414241 25.9615099715 26.0192236625 33.2866339542 31.3209195267 11.401754251 8.94427191 14.8660687473 15.0 22.360679775 21.5406592285 37.7359245282 37.1214223865 13.9283882772 14.3178210633 26.9258240357 24.5967477525 15.8113883008 12.8062484749 12.3693168769 11.6619037897 11.401754251 18.0277563773 9.21954445729 8.0622577483 25.2388589282 22.0 23.0217288664 31.0161248385 24.3515913238 48.9182992345 46.6154480832 
