Leaf
330 103.004854255 16.0312195419 16.0 27.0185121722 17.0293863659 34.0587727319 21.2602916255 19.8494332413 15.1327459504 15.2970585408 54.0370243444 31.4006369362 31.4006369362 37.6961536499 36.4005494464 9.8488578018 8.54400374532 18.7882942281 18.3575597507 21.0237960416 21.5406592285 39.3573373083 36.6742416418 13.6014705087 13.9283882772 23.3238075794 24.6981780705 14.0356688476 15.6204993518 13.152946438 13.6014705087 14.7648230602 15.2970585408 12.0830459736 12.6491106407 23.3238075794 22.0227155455 25.0 29.7321374946 32.8937684068 54.2033209315 53.4134814443 
172 105.076162853 19.2353840617 18.1107702763 29.0172362571 22.0 43.0116263352 21.9544984001 21.400934559 17.88854382 15.8113883008 53.0848377599 27.1661554144 26.3058928759 34.0147027034 33.5410196625 11.7046999107 11.7046999107 14.8660687473 14.8660687473 19.2093727123 18.3575597507 39.4461658466 40.2243707222 16.1554944214 13.6014705087 27.7308492477 24.5967477525 15.5241746963 14.2126704036 14.8660687473 12.8062484749 12.8062484749 15.8113883008 8.0622577483 7.21110255093 26.6270539114 24.0831891576 24.5967477525 28.4429253067 24.5153013443 50.931326313 49.5176736126 
16 103.121287812 17.0293863659 16.0312195419 24.0831891576 20.0997512422 36.3455636908 23.4307490277 23.0217288664 19.1049731745 18.2482875909 52.0864665724 29.2745623366 29.0 33.5410196625 33.2415402772 11.0453610172 9.48683298051 15.5563491861 15.8113883008 22.4722050542 19.6977156036 37.4432904537 39.0 15.2970585408 14.3178210633 25.6124969497 23.0217288664 12.6491106407 14.2126704036 12.1655250606 15.0 13.0384048104 18.2482875909 10.8166538264 9.43398113206 27.7308492477 25.0199920064 26.0768096208 30.0 29.0688837075 49.040799341 46.7546789102 
37 99.5037687728 14.1421356237 15.1327459504 27.1661554144 16.1245154966 36.1247837364 22.360679775 22.627416998 18.4390889146 18.0277563773 53.4602656185 30.1496268634 30.083217913 35.7351367704 34.885527085 8.94427191 8.24621125124 15.6524758425 15.0 19.2093727123 17.88854382 39.2173431023 41.0487515035 17.88854382 17.1172427686 26.0768096208 25.495097568 15.1327459504 15.6524758425 13.0 15.6204993518 13.0384048104 18.0277563773 10.8166538264 10.7703296143 27.2029410175 25.3179778023 26.2488094968 30.4138126515 22.0227155455 49.8196748283 48.1040538832 
151 105.004761797 16.0312195419 16.2788205961 28.0178514522 21.0 37.0 22.4722050542 24.4131112315 18.4390889146 17.1172427686 54.0370243444 30.5941170816 31.0161248385 36.235341864 34.7850542619 11.1803398875 10.1980390272 16.4012194669 17.0293863659 19.7230829233 18.0277563773 36.0555127546 34.4818792991 18.0277563773 17.1172427686 27.2029410175 22.803508502 17.2626765016 17.8044938148 11.1803398875 17.4928556845 14.2126704036 17.1172427686 11.6619037897 10.7703296143 26.6270539114 23.0217288664 24.1867732449 34.3656805549 26.0 52.4976189936 47.2016948848 
159 103.019415646 17.0 16.0312195419 26.0192236625 18.0277563773 34.0587727319 23.0217288664 23.6008474424 19.4164878389 20.0997512422 53.0094331228 31.2569992162 31.2569992162 35.4682957019 34.5398320783 9.21954445729 9.05538513814 15.2643375225 15.6204993518 19.2353840617 19.3132079158 36.6742416418 35.8468966579 14.3178210633 14.5602197786 26.4196896272 25.0 14.0356688476 14.4222051019 12.1655250606 14.4222051019 15.6204993518 20.0997512422 10.295630141 11.1803398875 27.4590604355 25.0199920064 25.9422435421 32.9848450049 28.1602556807 51.7397332811 48.9182992345 
214 99.0807751282 17.0293863659 17.0293863659 25.179356624 17.0293863659 36.1247837364 25.2388589282 25.6124969497 20.2237484162 21.0237960416 55.1452627158 31.1448230048 29.4278779391 37.0 34.5398320783 9.8488578018 8.54400374532 16.6433169771 15.2643375225 17.2046505341 18.3575597507 39.8120584748 38.0788655293 17.4642491966 19.1049731745 26.4007575649 27.5862284483 13.152946438 17.4928556845 13.0 17.2046505341 14.1421356237 21.0237960416 9.8488578018 10.7703296143 28.3019433962 27.0185121722 27.7308492477 28.1602556807 26.2488094968 50.8035431835 49.8196748283 
233 95.0210502994 16.0312195419 16.0312195419 28.0178514522 21.0237960416 38.0131556175 20.8086520467 20.591260282 16.4924225025 18.0277563773 50.0 29.0688837075 29.4278779391 33.6154726279 33.5410196625 11.1803398875 10.0498756211 20.2484567313 18.8679622641 24.3515913238 24.6981780705 38.9486841883 38.0788655293 13.0 15.6524758425 23.7065391823 26.4196896272 14.5602197786 12.0415945788 14.8660687473 11.401754251 12.0415945788 18.0277563773 15.2315462117 14.8660687473 26.9258240357 25.0 27.7848879789 25.495097568 28.4604989415 51.3127664427 52.0096144958 
252 105.261578936 18.0277563773 18.6815416923 28.8617393793 18.6815416923 35.7351367704 21.8403296678 21.400934559 18.6010752377 18.0277563773 53.16013544 31.0161248385 31.0161248385 36.6742416418 35.8050275799 9.43398113206 10.0 16.1554944214 15.6204993518 19.8494332413 21.2132034356 37.6563407675 37.483329628 14.2126704036 13.3416640641 28.1602556807 27.6586333719 16.0312195419 11.1803398875 13.416407865 11.401754251 14.2126704036 18.0277563773 10.6301458127 11.401754251 29.7321374946 28.1602556807 29.6141857899 34.0147027034 28.4429253067 52.8393792545 52.6307894678 
302 101.493842178 17.0293863659 16.1245154966 25.179356624 19.0262975904 37.1214223865 22.0227155455 23.7065391823 18.2482875909 19.6468827044 50.4876222455 25.3179778023 27.0739727414 30.4138126515 31.9530906173 10.1980390272 9.48683298051 18.0277563773 18.3575597507 23.0867927612 22.825424421 39.1152144312 39.3954312072 14.3178210633 14.8660687473 25.0 24.1867732449 12.0830459736 12.0415945788 14.1421356237 15.0 12.8062484749 19.6468827044 13.0 12.0830459736 26.83281573 25.179356624 27.8028775489 31.064449134 31.5753068077 50.2493781056 51.0881590978 
320 96.337946833 17.2626765016 16.0312195419 28.4429253067 21.2132034356 34.3656805549 23.2594066992 24.0831891576 19.3132079158 19.0 54.5893762558 29.0 27.892651362 36.4005494464 34.9857113691 11.6619037897 11.401754251 20.1246117975 19.2093727123 23.7065391823 23.0867927612 37.947331922 38.0131556175 15.6524758425 16.0 26.4007575649 23.3452350599 15.0332963784 15.2643375225 14.3178210633 16.4012194669 15.2643375225 19.0 11.6619037897 11.7046999107 26.2488094968 24.5153013443 24.6981780705 32.2024843762 26.9258240357 54.3783044973 50.2493781056 
332 101.004950374 16.0 16.0312195419 25.0 18.0 32.0156211872 21.9317121995 21.2132034356 16.0312195419 16.0312195419 55.0090901579 28.2842712475 28.1602556807 33.6154726279 33.2415402772 9.48683298051 9.48683298051 17.4928556845 17.4928556845 21.8403296678 23.4093998214 36.6742416418 35.77708764 14.5602197786 14.8660687473 24.4131112315 25.8069758011 12.6491106407 12.8062484749 13.6014705087 12.8062484749 12.6491106407 16.0312195419 12.0830459736 12.0830459736 25.0599281723 24.0208242989 26.9258240357 29.1547594742 29.2745623366 46.6904701197 47.4236228055 
361 98.005101908 19.1049731745 18.0 27.0 18.0277563773 38.0 24.4131112315 22.2036033112 18.6815416923 18.6815416923 54.0370243444 30.4138126515 31.2569992162 36.7695526217 36.4005494464 9.8488578018 9.48683298051 15.0 14.2126704036 18.6010752377 16.6433169771 37.5898922584 38.5875627631 14.8660687473 14.5602197786 26.83281573 26.0768096208 14.1421356237 15.0 13.152946438 15.0 14.2126704036 18.6815416923 7.81024967591 8.60232526704 26.9258240357 24.0831891576 25.495097568 28.4429253067 24.5153013443 50.2493781056 48.2700735446 
372 97.1853898485 17.0293863659 15.0 25.0199920064 16.0 36.0555127546 24.2074368738 22.825424421 20.0997512422 20.3960780544 51.0392006207 28.1602556807 28.0178514522 33.1209903234 31.3209195267 8.24621125124 8.24621125124 16.1245154966 16.1245154966 23.7065391823 21.0237960416 40.3112887415 40.3112887415 15.1327459504 14.3178210633 24.8394846967 22.803508502 14.5602197786 16.2788205961 11.401754251 13.6014705087 16.9705627485 20.3960780544 12.6491106407 12.0830459736 27.2946881279 26.0 25.9422435421 30.4138126515 24.5967477525 53.0377224247 51.9711458407 
398 98.8584847143 17.2626765016 17.0293863659 25.179356624 18.2482875909 35.3553390593 23.769728648 25.495097568 20.6155281281 20.0 51.3517283059 32.0156211872 32.5576411922 36.4005494464 35.3411940941 9.48683298051 9.0 17.4642491966 17.0293863659 23.3238075794 22.5610283454 41.7851648316 39.4461658466 19.6977156036 19.0262975904 29.1547594742 25.6124969497 15.2970585408 16.5529453572 11.6619037897 17.0293863659 14.7648230602 20.0 12.8062484749 12.3693168769 25.8069758011 25.0199920064 25.9422435421 31.384709653 26.0 55.7584074378 52.2015325446 
