Leaf
279 107.466273779 17.4642491966 18.0 26.0768096208 23.0867927612 36.2215405525 20.2484567313 20.5182845287 14.3178210633 14.3178210633 52.2398315464 34.1320963318 34.5253530033 40.7921561087 42.0475920833 12.5299640861 12.6491106407 21.0950231097 20.0 18.0277563773 20.2484567313 39.5600808897 39.6610640301 10.8166538264 9.8488578018 23.5372045919 23.769728648 12.0415945788 11.6619037897 14.0356688476 12.8062484749 14.2126704036 14.3178210633 12.0830459736 12.0830459736 32.7566787083 32.0156211872 34.885527085 36.3593179254 37.3363094052 59.5399025864 60.207972894 
44 108.166538264 18.0277563773 17.2626765016 27.0185121722 16.0312195419 31.1448230048 19.7989898732 18.6010752377 13.6014705087 13.416407865 52.038447325 36.8781778292 36.1247837364 40.718546143 39.2937654088 9.05538513814 7.28010988928 18.6010752377 16.7630546142 21.8403296678 21.0237960416 34.4818792991 35.8468966579 11.6619037897 11.401754251 25.632011236 24.7386337537 14.0356688476 12.0415945788 13.0 10.8166538264 13.6014705087 13.416407865 12.3693168769 13.416407865 23.8537208838 22.0227155455 21.9544984001 36.7695526217 35.8050275799 57.3149195236 59.6824932455 
8 106.301458127 18.0277563773 17.0293863659 25.0199920064 19.1049731745 33.1360830516 17.2046505341 17.2046505341 15.2643375225 11.401754251 49.2544414241 31.064449134 32.9848450049 35.5105618091 38.9486841883 8.94427191 11.1803398875 19.3132079158 20.0 21.0237960416 20.6155281281 39.8497176903 40.8166632639 11.313708499 9.8488578018 26.9258240357 23.2594066992 12.0415945788 8.0622577483 13.152946438 11.401754251 12.8062484749 11.401754251 13.416407865 13.6014705087 29.5296461205 30.0665927567 31.0161248385 29.9666481275 35.1710107901 54.2033209315 60.1082357086 
60 106.075444849 18.0277563773 17.1172427686 29.0172362571 17.0 34.0587727319 19.1049731745 17.8044938148 12.6491106407 13.416407865 54.0370243444 32.5576411922 33.5410196625 37.6961536499 39.0 8.54400374532 9.48683298051 17.2046505341 15.6524758425 19.3132079158 18.8679622641 34.9857113691 35.77708764 8.94427191 11.313708499 23.0867927612 25.7099202644 13.152946438 10.8166538264 16.0312195419 10.6301458127 13.0 13.416407865 10.4403065089 11.6619037897 25.0599281723 23.0217288664 25.2388589282 29.5465734054 35.1140997322 52.0096144958 55.3172667438 
91 106.301458127 15.0332963784 16.1245154966 25.079872408 20.0 32.0156211872 19.1049731745 17.88854382 15.1327459504 16.1245154966 46.1735855225 31.0161248385 33.2415402772 36.4005494464 39.9249295554 9.8488578018 11.7046999107 17.2046505341 17.2046505341 18.2482875909 19.2353840617 33.8378486314 31.7804971641 11.1803398875 14.8660687473 20.8086520467 27.5136329844 9.21954445729 11.401754251 16.0 12.5299640861 11.401754251 16.1245154966 9.48683298051 10.295630141 21.8403296678 23.769728648 28.319604517 26.0 41.9761837236 47.5078940809 54.5618914628 
95 103.004854255 15.0 15.0332963784 30.0166620396 20.0 34.0147027034 17.0293863659 17.8044938148 13.6014705087 13.6014705087 52.0 33.5410196625 32.2490309932 40.718546143 38.275318418 11.7046999107 9.8488578018 20.591260282 20.591260282 21.5406592285 19.9248588452 39.8120584748 40.718546143 10.8166538264 11.6619037897 22.8473193176 22.8473193176 16.0 13.4536240471 14.0356688476 12.0415945788 13.0384048104 13.6014705087 14.3178210633 13.3416640641 31.304951685 30.0166620396 30.4630924235 32.0156211872 28.1602556807 54.6717477313 53.0094331228 
115 103.121287812 16.0312195419 16.0 27.0739727414 18.1107702763 34.1320963318 17.2046505341 18.4390889146 14.3178210633 14.5602197786 49.040799341 30.2654919008 30.4138126515 35.4682957019 34.0147027034 9.48683298051 9.05538513814 18.3847763109 18.6010752377 19.2353840617 19.3132079158 37.6961536499 37.7359245282 9.21954445729 10.0 23.5372045919 23.4093998214 14.0356688476 8.60232526704 13.3416640641 8.60232526704 12.2065556157 14.5602197786 13.0 13.3416640641 27.4590604355 26.0192236625 29.0688837075 32.5729949498 31.5753068077 52.2015325446 53.0377224247 
258 114.070153853 17.2626765016 18.0277563773 27.0739727414 20.0997512422 36.1247837364 17.8044938148 17.691806013 12.5299640861 13.9283882772 51.1566222497 35.0142828 35.5105618091 41.2310562562 41.629316593 10.295630141 11.401754251 16.6433169771 16.2788205961 17.0 17.88854382 38.0131556175 36.3593179254 8.48528137424 10.6301458127 23.1948270095 27.2029410175 12.0 8.48528137424 15.1327459504 8.60232526704 12.2065556157 13.9283882772 8.60232526704 9.43398113206 20.8086520467 21.0237960416 24.8394846967 29.6816441593 40.8044115262 54.3783044973 59.4138031101 
290 101.004950374 16.4924225025 17.0293863659 26.0 23.0217288664 37.0540146273 19.8494332413 18.4390889146 11.401754251 13.9283882772 51.0098029794 31.0 32.14031736 37.6430604494 39.0 12.0830459736 12.6491106407 18.4390889146 17.0293863659 12.6491106407 16.4012194669 38.0131556175 37.7359245282 7.61577310586 10.6301458127 19.2353840617 25.0 11.0 10.6301458127 15.0 11.313708499 12.8062484749 13.9283882772 8.94427191 10.6301458127 26.4196896272 26.0192236625 30.0166620396 25.5538646784 34.205262753 50.6063237155 56.5862174032 
296 105.0 18.1107702763 18.1107702763 28.0 25.0 36.0138862107 16.2788205961 18.4390889146 12.2065556157 13.416407865 51.0392006207 35.0570962859 35.0142828 44.598206242 43.965895874 14.7648230602 13.8924439894 19.2093727123 19.8494332413 17.4642491966 15.5241746963 38.5875627631 37.5765884561 7.21110255093 7.07106781187 24.0831891576 23.1948270095 15.0 9.8488578018 13.0 9.43398113206 10.295630141 13.416407865 9.21954445729 7.81024967591 23.7065391823 24.0208242989 24.6981780705 30.5286750449 32.2024843762 57.2013985843 55.8032257132 
298 104.479663093 17.0 18.1107702763 26.0192236625 22.0 35.0570962859 23.4307490277 21.0950231097 18.1107702763 17.4642491966 52.0096144958 31.1448230048 32.0156211872 38.275318418 39.2173431023 11.1803398875 13.0 21.6333076528 20.591260282 20.3960780544 20.1246117975 33.0151480384 33.1209903234 13.3416640641 15.2643375225 23.8537208838 28.231188427 11.1803398875 13.6014705087 15.0332963784 13.8924439894 13.6014705087 17.4642491966 11.401754251 13.0384048104 21.0237960416 20.2237484162 24.0831891576 28.6356421266 36.2491379208 50.3289181286 55.3172667438 
375 100.623058987 17.1172427686 16.7630546142 28.2842712475 19.4164878389 37.1079506306 19.8494332413 20.591260282 15.1327459504 14.3178210633 53.7587202229 36.0555127546 34.1320963318 41.8807831827 39.3192065027 11.0453610172 9.43398113206 16.2788205961 16.5529453572 20.8806130178 18.6010752377 40.3608721412 40.0249921924 13.3416640641 13.0384048104 25.0 23.769728648 15.5241746963 15.0 13.0 12.5299640861 13.0 14.3178210633 10.7703296143 9.43398113206 23.0867927612 22.803508502 24.0416305603 30.083217913 27.4590604355 57.3846669416 53.310411741 
458 105.004761797 17.0293863659 16.2788205961 27.0185121722 20.0249843945 35.0570962859 17.2046505341 19.4164878389 14.7648230602 13.9283882772 48.0104155366 36.2215405525 36.1247837364 42.7200187266 40.8044115262 11.7046999107 9.48683298051 19.2353840617 19.4164878389 18.3575597507 18.0277563773 35.77708764 35.5105618091 11.313708499 9.43398113206 25.9615099715 21.5870331449 15.0 10.6301458127 12.0415945788 9.89949493661 12.7279220614 13.9283882772 13.0384048104 12.3693168769 26.2488094968 22.0907220344 23.3238075794 39.3954312072 33.2866339542 59.0338885726 56.6127194189 
