Leaf
90 98.005101908 15.1327459504 16.0 23.0217288664 20.0249843945 44.0113621693 19.7989898732 20.5182845287 16.0312195419 15.1327459504 51.0392006207 24.0208242989 24.0831891576 29.7321374946 31.7804971641 9.8488578018 12.0830459736 15.6204993518 16.4012194669 16.6433169771 20.5182845287 42.5440947724 44.418464629 12.1655250606 13.9283882772 22.0227155455 24.6981780705 10.7703296143 11.313708499 13.3416640641 12.8062484749 9.48683298051 15.1327459504 8.0622577483 9.89949493661 32.3109888428 31.0161248385 33.5410196625 21.0 28.4429253067 46.2276973253 48.9182992345 
92 95.1892851113 18.1107702763 18.0277563773 24.0831891576 20.0997512422 40.1123422403 19.8494332413 19.7989898732 13.9283882772 13.6014705087 51.0881590978 26.0 26.3058928759 32.5729949498 32.2024843762 11.1803398875 10.4403065089 17.2046505341 15.6204993518 16.4012194669 17.2046505341 42.0475920833 41.3400532172 11.1803398875 12.6491106407 24.3515913238 24.5967477525 12.1655250606 10.6301458127 12.6491106407 11.313708499 11.6619037897 13.6014705087 8.60232526704 8.60232526704 30.0166620396 28.0178514522 28.6356421266 26.1725046566 25.3179778023 49.2036584006 50.2493781056 
129 95.0052630121 14.0 16.0 24.0 21.0 36.0 20.0 20.0 16.1245154966 16.4924225025 48.0 25.079872408 25.495097568 29.8328677804 33.6154726279 9.8488578018 12.6491106407 15.6204993518 16.2788205961 17.7200451467 19.7230829233 39.0 41.6773319683 12.1655250606 14.3178210633 20.0 25.5538646784 9.48683298051 11.401754251 15.2970585408 13.4536240471 10.6301458127 16.4924225025 8.94427191 9.89949493661 25.9422435421 26.0 28.6530975638 20.6155281281 33.0151480384 46.5295604965 53.8144961883 
241 98.1274681218 18.0277563773 18.2482875909 27.0185121722 17.0293863659 39.3192065027 18.4390889146 17.8044938148 11.7046999107 13.0384048104 52.0864665724 27.2946881279 27.6586333719 31.384709653 33.5410196625 8.24621125124 9.48683298051 16.4012194669 15.6524758425 19.3132079158 20.5182845287 38.9486841883 43.8292140016 10.295630141 12.7279220614 24.3515913238 27.6586333719 11.1803398875 9.21954445729 16.0312195419 10.6301458127 10.1980390272 13.0384048104 11.401754251 12.0415945788 28.231188427 28.0 27.7308492477 21.2132034356 27.0185121722 45.4532727095 49.4974746831 
349 98.0459076147 16.0312195419 17.0293863659 24.0 18.0 38.0131556175 18.4390889146 19.4164878389 15.5241746963 16.1554944214 47.0425339454 27.4590604355 27.0185121722 33.1058907145 31.6227766017 9.48683298051 9.48683298051 14.2126704036 14.2126704036 18.0277563773 17.2046505341 42.1900462195 40.3112887415 13.0 14.3178210633 24.6981780705 25.9422435421 12.6491106407 10.6301458127 12.6491106407 10.8166538264 11.6619037897 16.1554944214 8.60232526704 8.60232526704 27.3130005675 27.0739727414 28.3019433962 28.0713376952 26.3058928759 51.6236379966 47.8016736109 
358 98.0612053771 16.4924225025 16.2788205961 25.7099202644 21.3775583264 36.8781778292 21.2602916255 21.1896201004 18.0 19.2353840617 49.4772675074 28.6356421266 30.0665927567 33.1209903234 36.1386219992 10.0498756211 12.0830459736 17.0293863659 17.0 15.1327459504 17.0293863659 38.4187454246 39.8497176903 14.1421356237 15.6204993518 25.4558441227 27.5136329844 12.5299640861 12.0415945788 14.0 12.6491106407 11.1803398875 19.2353840617 9.05538513814 11.313708499 26.6833281283 26.6833281283 27.8028775489 24.0 28.6356421266 46.8614980554 49.4064773081 
424 100.004999875 16.0312195419 18.0277563773 26.0192236625 20.0249843945 36.1247837364 19.1049731745 20.6155281281 15.2970585408 15.8113883008 52.0864665724 25.0 25.7099202644 28.4604989415 32.7566787083 9.21954445729 11.401754251 15.6204993518 16.4012194669 22.803508502 22.360679775 35.77708764 40.3112887415 12.3693168769 13.416407865 23.0217288664 26.4007575649 11.7046999107 11.313708499 15.2970585408 12.7279220614 10.295630141 15.8113883008 9.8488578018 10.8166538264 28.1780056072 26.0 27.7848879789 20.8806130178 36.0138862107 43.5660418216 52.8015151298 
435 97.0051545022 15.0 16.0312195419 26.0192236625 17.0293863659 36.0138862107 19.8494332413 20.5182845287 15.1327459504 16.1245154966 53.0094331228 24.0831891576 25.0 28.4604989415 31.064449134 7.61577310586 10.1980390272 13.6014705087 13.4536240471 17.0 18.6010752377 42.5440947724 42.4852915725 10.4403065089 11.7046999107 20.591260282 23.3238075794 11.1803398875 11.313708499 15.2970585408 13.6014705087 10.7703296143 16.1245154966 7.61577310586 10.0 29.7321374946 30.0665927567 32.6496554346 22.0907220344 33.3766385366 44.2040722106 50.4479930225 
451 97.3242004848 17.0293863659 16.4924225025 24.3310501212 19.2353840617 39.4588393139 20.0 21.4709105536 13.0384048104 16.1554944214 51.1957029447 26.4764045897 27.0 30.886890423 32.2800247831 10.0498756211 9.8488578018 16.2788205961 15.6524758425 18.3847763109 19.1049731745 40.0 40.8533964316 12.0415945788 12.5299640861 22.2036033112 23.0867927612 12.0830459736 12.2065556157 13.0384048104 12.2065556157 10.1980390272 16.1554944214 10.7703296143 10.0 26.5706605112 26.1725046566 26.6270539114 26.0192236625 26.9258240357 48.4148737476 50.219518118 
