Leaf
339 98.005101908 17.0293863659 17.0293863659 25.0199920064 16.0 26.0192236625 19.2093727123 20.6155281281 16.7630546142 17.4642491966 50.0 27.2946881279 26.4764045897 30.4630924235 29.9666481275 8.0622577483 8.0622577483 14.4222051019 14.4222051019 21.8403296678 22.360679775 29.1547594742 30.0166620396 17.0 16.1554944214 29.6816441593 28.0178514522 13.9283882772 11.1803398875 13.416407865 10.8166538264 11.1803398875 17.4642491966 11.1803398875 11.1803398875 30.4138126515 28.0713376952 29.1547594742 35.1283361405 29.4278779391 44.687805943 43.1393092202 
260 99.3227063667 16.1245154966 15.1327459504 29.0688837075 19.0262975904 30.0665927567 20.6155281281 22.360679775 18.2482875909 18.6815416923 52.3450093132 29.8328677804 30.1496268634 36.235341864 36.0555127546 10.4403065089 9.8488578018 18.8679622641 19.2353840617 23.5372045919 22.803508502 32.7566787083 32.6955654485 12.5299640861 12.5299640861 25.5538646784 22.8473193176 15.5241746963 11.401754251 14.1421356237 12.0415945788 14.2126704036 18.6815416923 12.6491106407 12.6491106407 27.2946881279 25.0199920064 26.9258240357 33.5261092285 29.1547594742 50.931326313 49.7393204618 
61 97.5141015443 16.1245154966 16.0312195419 22.0907220344 16.0312195419 31.0161248385 19.8494332413 20.0 15.0332963784 15.5241746963 49.2544414241 29.4278779391 30.0166620396 34.9284983931 34.9284983931 9.48683298051 8.0622577483 18.3575597507 18.3847763109 19.9248588452 21.0237960416 38.9101529167 38.6264158317 11.401754251 13.0 23.0217288664 23.7065391823 11.7046999107 10.6301458127 11.1803398875 11.6619037897 12.0830459736 15.5241746963 13.0 12.6491106407 27.3130005675 28.0178514522 28.6530975638 28.4429253067 28.7923600978 49.578221025 51.3127664427 
274 103.392456205 18.1107702763 17.0 26.0 16.0312195419 35.0570962859 20.0 20.2484567313 18.973665961 18.0277563773 49.0102030194 27.5136329844 25.0199920064 32.4499614792 28.1602556807 9.05538513814 7.28010988928 14.2126704036 13.8924439894 22.825424421 20.6155281281 36.0555127546 35.3411940941 15.2643375225 15.2315462117 30.0166620396 26.9258240357 16.1554944214 9.89949493661 12.5299640861 9.43398113206 14.1421356237 18.0277563773 10.295630141 9.8488578018 28.6530975638 25.0 26.4196896272 37.1214223865 24.5153013443 50.7740090991 43.6004587132 
303 97.2522493313 17.0293863659 16.0312195419 27.0185121722 18.0 34.0147027034 22.360679775 22.2036033112 20.2484567313 19.2353840617 50.0899191455 28.8617393793 27.0739727414 35.3553390593 31.6227766017 10.4403065089 8.54400374532 17.0 18.0277563773 20.8086520467 18.4390889146 31.9061122671 31.064449134 17.0293863659 14.5602197786 30.4630924235 25.0 17.2626765016 11.6619037897 10.7703296143 11.6619037897 14.4222051019 19.2353840617 12.5299640861 11.1803398875 25.8069758011 22.2036033112 21.5406592285 35.3553390593 20.2484567313 50.6063237155 39.8246155035 
329 96.4209520799 15.1327459504 15.1327459504 24.0831891576 18.1107702763 33.1360830516 22.825424421 21.2132034356 18.4390889146 17.0 50.4876222455 29.0688837075 29.2745623366 34.7850542619 33.6154726279 9.8488578018 9.21954445729 17.0 16.4012194669 21.0950231097 19.4164878389 38.6264158317 38.0788655293 14.3178210633 12.0415945788 23.7065391823 21.2602916255 14.1421356237 13.6014705087 10.7703296143 12.0415945788 14.2126704036 17.0 10.8166538264 10.7703296143 27.4590604355 26.1725046566 26.0 30.0665927567 24.0831891576 47.4236228055 44.598206242 
357 98.5088828482 15.1327459504 14.0 23.1948270095 17.1172427686 27.2946881279 17.0 18.3847763109 14.7648230602 13.0384048104 44.283179651 28.1602556807 27.1661554144 34.5398320783 30.6757233004 10.7703296143 7.28010988928 16.5529453572 16.4012194669 20.591260282 20.0 34.7850542619 33.1209903234 12.7279220614 10.0498756211 25.0 18.0277563773 15.0 10.8166538264 8.54400374532 9.89949493661 11.6619037897 13.0384048104 11.401754251 10.0498756211 28.6006992922 26.3058928759 25.0 41.7731971484 24.1660919472 54.4518135602 45.8039299624 
419 97.5141015443 18.0277563773 17.1172427686 23.0867927612 14.1421356237 28.2842712475 24.2074368738 23.3238075794 20.2237484162 18.6815416923 50.0899191455 28.7923600978 27.0185121722 33.2866339542 30.4138126515 8.0622577483 6.7082039325 15.0 14.8660687473 22.803508502 21.5406592285 34.6698716467 34.205262753 16.2788205961 14.1421356237 27.0185121722 22.4722050542 13.6014705087 15.6204993518 10.1980390272 14.4222051019 14.4222051019 18.6815416923 11.401754251 11.1803398875 26.0 24.0831891576 23.3238075794 36.0555127546 21.4709105536 53.0094331228 42.9534631898 
432 99.1261822124 17.0293863659 17.0293863659 23.0217288664 18.0277563773 32.14031736 15.8113883008 16.2788205961 10.7703296143 11.1803398875 48.0936586256 30.4138126515 30.0 36.2491379208 34.9284983931 10.4403065089 8.94427191 15.6204993518 15.2643375225 16.1554944214 15.2643375225 36.7151195014 37.6961536499 8.60232526704 10.0 23.4093998214 24.0416305603 12.1655250606 8.60232526704 11.0453610172 8.60232526704 12.3693168769 11.1803398875 8.94427191 8.60232526704 29.9666481275 28.0 27.7308492477 32.2490309932 25.9615099715 50.931326313 47.4341649025 
452 93.0215028905 16.0312195419 16.0 25.0 18.0277563773 36.0138862107 19.4164878389 22.6715680975 15.8113883008 17.0293863659 51.0098029794 30.1496268634 31.2569992162 35.4682957019 35.1140997322 10.4403065089 8.24621125124 18.7882942281 18.8679622641 21.4709105536 20.6155281281 35.77708764 36.8917334914 14.4222051019 14.3178210633 26.4007575649 23.6008474424 15.5241746963 10.6301458127 10.7703296143 12.2065556157 12.0830459736 17.0293863659 13.8924439894 13.6014705087 27.4590604355 25.079872408 26.0 29.8328677804 22.1359436212 48.9182992345 47.0106370942 
