Leaf
248 94.7628619239 13.3416640641 16.1245154966 21.2132034356 16.0312195419 28.0713376952 19.1049731745 19.2353840617 17.0 16.5529453572 43.4165866922 28.0178514522 30.5941170816 30.5941170816 36.2491379208 7.28010988928 9.48683298051 14.4222051019 15.2643375225 17.0 20.0 33.1209903234 33.2415402772 14.0 16.9705627485 21.400934559 29.7321374946 7.07106781187 10.295630141 16.1245154966 10.7703296143 11.401754251 16.5529453572 9.21954445729 10.8166538264 25.179356624 26.6833281283 29.4108823397 15.2643375225 47.1699056603 41.1825205639 58.2494635168 
2 93.4344690144 14.1421356237 16.1245154966 22.2036033112 17.1172427686 33.1360830516 18.4390889146 16.6433169771 14.0 13.8924439894 45.2769256907 26.1725046566 27.0739727414 29.7321374946 33.2415402772 7.28010988928 10.7703296143 14.2126704036 15.2643375225 16.7630546142 18.6010752377 35.8050275799 34.1760149813 10.0498756211 12.0415945788 19.2093727123 25.7099202644 9.43398113206 8.60232526704 14.1421356237 7.81024967591 10.8166538264 13.8924439894 8.54400374532 9.21954445729 24.7386337537 25.7099202644 28.4253408071 18.0277563773 34.5253530033 42.8018691181 48.795491595 
102 90.7964757025 14.0356688476 14.3178210633 25.179356624 15.2970585408 33.5410196625 17.2046505341 16.9705627485 13.6014705087 15.1327459504 47.2652091924 25.079872408 27.7308492477 29.2745623366 33.4215499341 7.21110255093 9.05538513814 17.4642491966 17.8044938148 18.8679622641 20.6155281281 38.8973006776 37.4432904537 10.295630141 11.6619037897 20.6155281281 23.8537208838 10.0498756211 9.43398113206 15.5241746963 10.8166538264 8.60232526704 15.1327459504 12.5299640861 12.6491106407 30.083217913 31.0 33.1058907145 17.7200451467 36.0555127546 42.9534631898 51.3127664427 
135 91.0878696644 14.0356688476 15.0332963784 25.0199920064 18.0 33.0151480384 20.0 20.1246117975 17.1172427686 18.0277563773 46.0977222865 29.0688837075 30.4138126515 33.5261092285 36.2491379208 8.54400374532 10.4403065089 15.8113883008 15.8113883008 18.4390889146 20.2484567313 29.6816441593 31.064449134 15.2970585408 17.0 23.3452350599 26.9258240357 10.7703296143 13.0384048104 15.2970585408 13.8924439894 10.6301458127 18.0277563773 9.48683298051 10.8166538264 23.2594066992 23.0867927612 26.0768096208 22.360679775 31.7804971641 40.8044115262 48.1663783152 
189 96.0208310733 15.0 16.0 26.0768096208 20.0249843945 35.0142828 18.6010752377 18.8679622641 15.5241746963 17.0880074906 47.0956473573 25.0199920064 26.9258240357 30.083217913 35.8468966579 9.8488578018 12.0830459736 18.6010752377 18.3575597507 21.0950231097 24.6981780705 32.2024843762 36.6196668472 12.3693168769 15.0 21.6333076528 27.7308492477 9.8488578018 10.0 17.1172427686 12.8062484749 10.6301458127 17.0880074906 10.4403065089 12.2065556157 27.3130005675 27.0185121722 30.0166620396 19.6977156036 36.0555127546 40.3112887415 50.7740090991 
212 92.0 13.0384048104 14.0 23.0217288664 20.0249843945 30.0 18.4390889146 18.0277563773 15.0332963784 15.5241746963 45.0444225182 26.0768096208 28.4429253067 29.8328677804 34.0 9.48683298051 11.1803398875 17.4928556845 17.8044938148 21.0950231097 21.5406592285 34.0147027034 34.885527085 11.401754251 14.4222051019 20.0 25.0599281723 9.8488578018 9.21954445729 14.3178210633 10.8166538264 9.21954445729 15.5241746963 10.4403065089 12.0830459736 26.5706605112 27.1661554144 29.6816441593 20.2484567313 38.0525951809 41.6773319683 51.4003891036 
251 93.9414711403 14.8660687473 16.0312195419 21.3775583264 15.1327459504 30.4138126515 24.2074368738 22.8473193176 20.6155281281 21.1896201004 50.0099990002 25.079872408 27.2946881279 29.4108823397 34.1760149813 7.61577310586 9.43398113206 15.6204993518 14.8660687473 22.0 24.2074368738 40.249223595 42.7200187266 15.5241746963 18.4390889146 22.360679775 30.8706980809 7.07106781187 13.4536240471 16.0312195419 13.6014705087 10.7703296143 21.1896201004 9.21954445729 11.313708499 30.8058436015 32.3882694814 34.6698716467 20.0997512422 40.1995024845 44.4072066223 56.639209034 
288 95.0052630121 14.0356688476 16.0 24.0208242989 17.0293863659 27.0185121722 17.2046505341 18.0277563773 13.6014705087 16.1554944214 44.0 27.0185121722 28.1602556807 30.4138126515 34.6698716467 6.7082039325 11.1803398875 13.8924439894 14.8660687473 18.2482875909 19.3132079158 28.6356421266 29.1547594742 9.48683298051 13.0384048104 18.7882942281 25.495097568 8.0622577483 9.43398113206 16.1245154966 12.7279220614 10.0 16.1554944214 8.24621125124 9.43398113206 17.0 17.1172427686 21.400934559 20.2484567313 40.1995024845 39.8246155035 52.697248505 
293 99.1413132856 15.1327459504 16.1245154966 25.179356624 20.0997512422 34.2344855372 18.8679622641 20.5182845287 14.8660687473 17.1172427686 49.1629942131 28.2842712475 28.4604989415 31.4006369362 34.4093010682 9.48683298051 11.0453610172 17.88854382 18.4390889146 21.9317121995 22.5610283454 36.6878726557 38.6005181312 14.3178210633 15.8113883008 23.7065391823 27.0185121722 11.1803398875 12.0830459736 14.8660687473 13.4536240471 9.43398113206 17.1172427686 12.5299640861 12.3693168769 31.384709653 30.2654919008 31.6227766017 21.5870331449 37.483329628 42.0594816896 52.3545604508 
350 82.4924238946 13.0384048104 14.3178210633 23.0217288664 18.0277563773 34.0147027034 15.2643375225 16.9705627485 14.8660687473 15.1327459504 43.0464865001 25.079872408 25.9615099715 27.6586333719 31.064449134 8.24621125124 10.0498756211 13.8924439894 15.5563491861 21.9317121995 21.1896201004 35.4682957019 38.275318418 12.0415945788 10.8166538264 23.2594066992 23.3238075794 10.4403065089 6.32455532034 13.6014705087 8.60232526704 7.21110255093 15.1327459504 11.1803398875 10.7703296143 36.6742416418 35.1283361405 36.6878726557 19.2353840617 28.4429253067 38.9486841883 44.2040722106 
391 96.1769203084 15.1327459504 16.2788205961 23.3452350599 20.2237484162 35.6931365951 21.9317121995 20.1246117975 18.0 16.5529453572 47.3814309619 25.179356624 26.0 29.9666481275 32.5729949498 10.1980390272 11.1803398875 17.0293863659 18.3575597507 17.1172427686 18.3847763109 34.205262753 36.7695526217 14.0 14.2126704036 21.9317121995 26.2488094968 10.295630141 12.7279220614 14.0356688476 11.1803398875 12.0415945788 16.5529453572 11.401754251 10.8166538264 25.7099202644 25.7099202644 29.0688837075 21.3775583264 35.5105618091 43.1393092202 51.6236379966 
442 97.1853898485 16.0312195419 18.0 21.0237960416 18.0 34.0 18.6010752377 18.4390889146 14.8660687473 15.2315462117 44.0454310911 28.2842712475 27.892651362 30.2654919008 33.6154726279 8.24621125124 10.1980390272 15.8113883008 15.8113883008 19.6468827044 21.9544984001 32.6955654485 36.6196668472 12.3693168769 14.4222051019 21.9544984001 28.6356421266 7.61577310586 9.8488578018 14.5602197786 10.0 10.6301458127 15.2315462117 10.4403065089 11.6619037897 34.0147027034 33.0151480384 36.7695526217 21.0237960416 37.0540146273 41.5932686862 51.8652099196 
462 98.1274681218 14.0356688476 15.0332963784 24.0208242989 17.0293863659 32.0156211872 16.2788205961 17.0 12.1655250606 15.6524758425 44.283179651 27.0185121722 27.6586333719 31.0483493925 34.885527085 7.61577310586 10.7703296143 15.8113883008 16.1245154966 15.0332963784 20.5182845287 32.2024843762 34.9857113691 7.07106781187 12.7279220614 17.0 25.2982212813 8.24621125124 8.60232526704 16.0312195419 10.6301458127 9.89949493661 15.6524758425 9.21954445729 10.6301458127 21.1896201004 22.2036033112 26.4007575649 20.6155281281 39.0512483795 41.8807831827 53.8237865632 
485 93.1933474021 14.3178210633 15.0332963784 24.0831891576 20.0997512422 36.1247837364 16.9705627485 16.5529453572 15.1327459504 16.1245154966 43.2897216438 25.0 25.3179778023 29.4108823397 33.5410196625 9.48683298051 12.0830459736 16.4012194669 18.0277563773 19.4164878389 21.6333076528 34.1320963318 36.7151195014 11.7046999107 16.2788205961 22.803508502 28.7923600978 10.295630141 7.81024967591 15.2970585408 8.54400374532 9.43398113206 16.1245154966 9.48683298051 10.8166538264 25.632011236 24.1867732449 26.6270539114 16.7630546142 34.0 40.4969134626 50.0 
