Leaf
146 101.493842178 18.1107702763 18.1107702763 31.1448230048 25.079872408 39.1152144312 24.0831891576 24.1660919472 20.0997512422 21.5406592285 57.4282160614 28.4429253067 29.0172362571 34.4818792991 35.8468966579 12.1655250606 13.6014705087 19.8494332413 20.8086520467 22.5610283454 22.8473193176 35.0 35.8468966579 17.4642491966 19.2353840617 29.0688837075 30.886890423 15.2315462117 14.8660687473 17.2626765016 16.1245154966 13.0384048104 21.5406592285 12.3693168769 13.416407865 23.7065391823 21.0950231097 23.6008474424 26.6833281283 29.4108823397 48.0832611207 50.9901951359 
118 105.929221653 17.0293863659 16.1245154966 26.0768096208 18.0277563773 34.0147027034 26.4196896272 25.6124969497 22.360679775 22.0 55.2268050859 31.0161248385 31.3209195267 34.7131099154 37.2155881319 8.54400374532 10.1980390272 16.1245154966 16.4012194669 21.5406592285 21.5406592285 34.0147027034 36.0555127546 19.2353840617 19.4164878389 26.9072480941 29.0 11.401754251 17.88854382 15.8113883008 17.8044938148 12.8062484749 22.0 11.1803398875 10.7703296143 28.3019433962 27.0739727414 29.5465734054 27.3130005675 38.1182371051 46.872166581 51.6236379966 
145 107.228727494 19.0262975904 19.1049731745 25.079872408 18.0277563773 42.0475920833 24.0831891576 23.3238075794 17.2626765016 19.3132079158 53.1507290637 29.1547594742 30.2654919008 35.1140997322 37.3363094052 9.8488578018 10.295630141 14.8660687473 14.4222051019 16.6433169771 19.8494332413 40.4969134626 41.1825205639 14.1421356237 14.7648230602 24.6981780705 28.231188427 11.7046999107 13.4536240471 14.1421356237 13.0384048104 14.8660687473 19.3132079158 7.21110255093 9.21954445729 25.495097568 25.079872408 28.0178514522 25.495097568 31.7804971641 50.2493781056 55.2268050859 
149 102.313244499 17.2626765016 18.0 26.0768096208 17.1172427686 36.2215405525 27.2946881279 27.0185121722 21.3775583264 21.0237960416 56.2227711875 30.0665927567 30.8058436015 34.4818792991 34.885527085 8.54400374532 9.05538513814 15.6524758425 15.6204993518 21.0950231097 21.5406592285 40.162171256 41.0487515035 18.0277563773 18.2482875909 26.9258240357 27.6586333719 13.3416640641 15.6524758425 13.9283882772 16.4012194669 12.8062484749 21.0237960416 11.6619037897 11.7046999107 25.6124969497 24.3310501212 24.6981780705 31.9530906173 29.6141857899 54.6443043693 55.1543289326 
164 106.117859006 18.0277563773 20.0 26.0192236625 20.0249843945 40.0124980475 25.2388589282 25.8069758011 20.3960780544 21.5870331449 55.0090901579 29.0172362571 29.8328677804 33.9558536927 36.7151195014 9.8488578018 11.401754251 16.6433169771 17.0293863659 20.2484567313 23.0217288664 35.3553390593 37.8021163429 18.4390889146 18.973665961 27.8028775489 31.6227766017 11.6619037897 13.416407865 17.4642491966 14.8660687473 10.6301458127 21.5870331449 10.295630141 10.8166538264 27.3130005675 27.0185121722 30.0166620396 22.803508502 32.0624390838 44.2040722106 49.0917508345 
180 102.591422643 18.1107702763 17.0293863659 26.1725046566 17.1172427686 33.1360830516 24.5967477525 24.8394846967 21.1896201004 20.0249843945 53.3385414124 30.0 30.3644529014 33.9558536927 34.9857113691 8.54400374532 9.05538513814 17.88854382 16.6433169771 25.079872408 24.7386337537 38.6264158317 38.0788655293 18.7882942281 18.4390889146 30.0166620396 28.319604517 13.3416640641 14.8660687473 14.3178210633 15.0 13.4536240471 20.0249843945 13.0 13.6014705087 29.1547594742 28.0713376952 30.083217913 30.2654919008 32.0156211872 48.2700735446 49.6789693935 
199 103.0 17.1172427686 18.1107702763 24.0208242989 17.0 33.0151480384 23.0217288664 23.8537208838 17.4642491966 18.6815416923 50.0399840128 30.0166620396 31.5753068077 34.205262753 37.1618083521 8.54400374532 9.48683298051 16.6433169771 16.1245154966 19.6468827044 21.0950231097 34.885527085 36.235341864 14.8660687473 16.1554944214 25.0599281723 27.2946881279 10.4403065089 12.0830459736 14.1421356237 15.2643375225 12.8062484749 18.6815416923 10.7703296143 11.6619037897 23.7065391823 23.0217288664 25.2388589282 26.4196896272 34.9284983931 49.9299509313 53.7401153702 
201 109.224539367 17.0293863659 16.0312195419 29.0688837075 20.0249843945 33.1360830516 23.6008474424 24.2074368738 18.2482875909 20.0249843945 58.0344725142 28.0178514522 28.1602556807 31.6227766017 33.8378486314 9.21954445729 11.0453610172 16.1245154966 17.691806013 21.1896201004 22.803508502 36.7695526217 36.3593179254 15.2970585408 17.4642491966 24.4131112315 26.9072480941 13.152946438 16.4012194669 16.4924225025 17.691806013 15.5563491861 20.0249843945 11.1803398875 11.7046999107 26.0768096208 25.0199920064 27.7308492477 31.2569992162 38.0525951809 47.4236228055 52.697248505 
203 95.0210502994 16.1245154966 16.0 23.0 22.0227155455 37.0540146273 26.0768096208 23.8537208838 20.0997512422 20.2237484162 50.0399840128 27.1661554144 28.2842712475 32.7566787083 35.77708764 11.1803398875 12.6491106407 17.691806013 15.6204993518 20.3960780544 23.7065391823 47.9270278653 45.6946386352 17.0 18.0277563773 21.9317121995 27.8028775489 9.21954445729 17.4928556845 14.1421356237 17.0 13.6014705087 20.2237484162 8.0622577483 10.6301458127 21.4709105536 23.0867927612 25.6124969497 21.5406592285 32.0156211872 55.0726792521 58.6003412959 
209 97.4166310237 16.2788205961 19.2353840617 27.1661554144 22.0907220344 39.2045915678 22.6715680975 25.0599281723 20.0249843945 20.2484567313 54.5893762558 26.0192236625 27.2946881279 28.231188427 33.1209903234 10.0 12.1655250606 17.0293863659 18.6010752377 23.3452350599 24.6981780705 43.0116263352 41.4366987102 16.0312195419 17.0 25.495097568 29.5465734054 11.1803398875 14.2126704036 17.1172427686 15.8113883008 12.0415945788 20.2484567313 13.6014705087 12.5299640861 26.4764045897 29.1204395571 34.0587727319 17.88854382 37.483329628 49.6487663492 56.7274184147 
226 107.228727494 18.1107702763 18.0277563773 27.0739727414 19.1049731745 36.2215405525 25.0 24.0831891576 18.2482875909 19.1049731745 58.137767415 32.0 32.9848450049 35.902646142 38.0788655293 8.54400374532 11.0453610172 17.4928556845 16.4012194669 17.4642491966 20.591260282 38.4837628098 36.8917334914 14.1421356237 15.8113883008 23.3238075794 28.0178514522 11.1803398875 15.0 16.4924225025 15.5563491861 11.6619037897 19.1049731745 10.4403065089 12.5299640861 25.0599281723 25.0 28.1780056072 26.2488094968 33.1360830516 49.4064773081 52.4976189936 
228 106.794194599 17.0 18.2482875909 27.1661554144 20.0249843945 35.0570962859 22.2036033112 22.8473193176 18.4390889146 20.1246117975 49.3659801888 29.4278779391 31.064449134 34.4383507154 36.0555127546 10.1980390272 10.4403065089 15.5563491861 15.0 18.2482875909 20.8086520467 34.4093010682 33.5410196625 14.5602197786 17.8044938148 25.2388589282 31.0161248385 13.0 12.0415945788 15.1327459504 12.6491106407 14.8660687473 20.1246117975 8.94427191 10.0 19.6977156036 19.6468827044 24.8394846967 27.3130005675 37.1618083521 49.6789693935 54.6717477313 
242 105.683489723 17.1172427686 18.0277563773 29.1547594742 20.0997512422 31.4006369362 22.4722050542 23.4307490277 17.7200451467 19.2353840617 56.1426753905 29.0 29.4108823397 33.2415402772 35.2278299076 9.48683298051 11.0453610172 17.0 17.691806013 20.8806130178 23.5372045919 36.4005494464 34.1320963318 14.7648230602 16.1554944214 26.4007575649 28.8444102037 14.3178210633 12.2065556157 16.1554944214 12.7279220614 12.0415945788 19.2353840617 11.6619037897 11.7046999107 26.4196896272 26.0192236625 30.0166620396 26.6833281283 40.1123422403 44.6542271235 51.1077293567 
298 104.479663093 17.0 18.1107702763 26.0192236625 22.0 35.0570962859 23.4307490277 21.0950231097 18.1107702763 17.4642491966 52.0096144958 31.1448230048 32.0156211872 38.275318418 39.2173431023 11.1803398875 13.0 21.6333076528 20.591260282 20.3960780544 20.1246117975 33.0151480384 33.1209903234 13.3416640641 15.2643375225 23.8537208838 28.231188427 11.1803398875 13.6014705087 15.0332963784 13.8924439894 13.6014705087 17.4642491966 11.401754251 13.0384048104 21.0237960416 20.2237484162 24.0831891576 28.6356421266 36.2491379208 50.3289181286 55.3172667438 
300 103.696673042 15.1327459504 16.0312195419 27.1661554144 18.1107702763 34.3656805549 21.5406592285 22.4722050542 19.3132079158 20.3960780544 47.1699056603 32.0156211872 32.5729949498 35.5105618091 38.275318418 7.61577310586 11.0453610172 18.973665961 20.0 22.8473193176 25.0 31.7804971641 31.8904374382 15.2643375225 17.4928556845 25.495097568 29.6816441593 11.401754251 10.4403065089 17.0880074906 11.401754251 12.2065556157 20.3960780544 13.9283882772 14.5602197786 23.3238075794 24.0 29.1547594742 26.1725046566 42.2965719651 47.4236228055 56.6038867923 
310 109.004587059 19.0262975904 20.0 28.0 22.0227155455 42.0475920833 25.2388589282 23.0217288664 20.6155281281 20.2484567313 55.0363516233 32.0 33.5410196625 38.3275357935 41.1460812229 11.1803398875 12.6491106407 20.2484567313 19.4164878389 21.0237960416 22.825424421 39.1152144312 37.4432904537 14.5602197786 15.6524758425 26.4196896272 30.4138126515 12.3693168769 13.6014705087 16.2788205961 14.2126704036 14.8660687473 20.2484567313 11.1803398875 13.0384048104 23.7065391823 24.0831891576 27.8028775489 22.825424421 36.4005494464 49.6487663492 56.5862174032 
367 101.079176886 16.1245154966 17.0293863659 25.0199920064 19.0262975904 37.0135110466 23.6008474424 24.6981780705 21.0950231097 20.3960780544 52.0864665724 29.1547594742 29.1547594742 33.2415402772 34.5398320783 9.21954445729 10.4403065089 15.6204993518 15.8113883008 21.1896201004 22.825424421 38.0788655293 38.4707681233 16.2788205961 15.8113883008 26.1725046566 26.0768096208 12.0830459736 13.6014705087 14.5602197786 14.2126704036 12.0415945788 20.3960780544 9.8488578018 10.6301458127 26.4007575649 26.0768096208 28.3019433962 24.3310501212 30.1496268634 46.0977222865 49.4974746831 
402 117.004273426 21.0 20.0 30.0 22.0 40.0124980475 23.4307490277 22.4722050542 18.973665961 20.6155281281 57.008771255 35.1283361405 35.3553390593 40.4969134626 41.2310562562 11.401754251 11.401754251 20.8086520467 19.7230829233 21.8403296678 23.3238075794 36.3593179254 38.275318418 14.5602197786 17.0 28.6530975638 31.7647603485 14.3178210633 14.8660687473 16.2788205961 14.4222051019 13.4536240471 20.6155281281 12.6491106407 14.7648230602 28.6530975638 27.0 30.0166620396 31.384709653 35.1710107901 53.2634959423 56.5685424949 
445 110.027269347 17.0 18.4390889146 30.2654919008 20.2237484162 45.2769256907 25.6124969497 26.0 20.0249843945 21.5406592285 56.5685424949 32.0156211872 32.0624390838 36.7151195014 37.947331922 10.0498756211 10.7703296143 17.691806013 17.88854382 18.7882942281 22.6715680975 41.8688428309 41.1460812229 16.0 17.4642491966 23.3452350599 27.7308492477 13.9283882772 17.0293863659 17.0293863659 18.0277563773 15.6204993518 21.5406592285 11.7046999107 12.8062484749 26.9258240357 25.495097568 30.4138126515 24.3515913238 34.5398320783 53.1507290637 58.0086200491 
