Leaf
286 106.16967552 17.1172427686 17.0293863659 27.0185121722 18.0277563773 32.0624390838 22.4722050542 22.0227155455 17.7200451467 16.2788205961 53.0848377599 32.14031736 32.5576411922 38.8973006776 39.0 10.295630141 9.8488578018 18.7882942281 18.8679622641 19.2353840617 18.6815416923 33.1209903234 31.384709653 13.0 12.3693168769 24.1660919472 22.825424421 14.0356688476 14.2126704036 13.152946438 14.1421356237 19.2093727123 16.2788205961 11.1803398875 11.401754251 20.5182845287 17.0 19.8494332413 38.0788655293 35.8468966579 57.8013840665 54.8178802947 
15 99.5037687728 16.1245154966 17.1172427686 27.0739727414 17.1172427686 33.2415402772 21.2602916255 23.3238075794 18.1107702763 18.6815416923 53.3385414124 29.8328677804 29.1547594742 33.5410196625 34.1760149813 8.0622577483 9.48683298051 15.6204993518 15.6524758425 18.6815416923 19.4164878389 30.8058436015 32.6496554346 15.2970585408 16.5529453572 25.495097568 27.2946881279 13.416407865 12.7279220614 15.5241746963 13.6014705087 10.8166538264 18.6815416923 10.4403065089 10.8166538264 24.1660919472 23.0867927612 25.2388589282 26.9258240357 32.2800247831 44.5533388199 49.5176736126 
70 104.580112832 15.0332963784 18.1107702763 26.0192236625 17.0293863659 39.1152144312 20.5182845287 21.0950231097 14.0356688476 17.4642491966 51.1566222497 30.1496268634 30.5941170816 35.4400902933 38.4837628098 8.0622577483 11.1803398875 14.8660687473 13.8924439894 13.6014705087 21.0950231097 35.2278299076 37.2155881319 11.0453610172 13.8924439894 17.2046505341 26.9258240357 9.05538513814 14.1421356237 17.0 15.6204993518 15.8113883008 17.4642491966 7.28010988928 10.0 17.7200451467 20.6155281281 24.7588368063 20.591260282 37.8549864615 45.607017004 58.137767415 
3 100.498756211 17.0293863659 17.2626765016 26.0768096208 18.0277563773 32.14031736 20.6155281281 21.0950231097 14.0356688476 16.1554944214 53.4602656185 29.6141857899 30.0665927567 34.4383507154 34.7850542619 9.21954445729 9.48683298051 17.8044938148 16.5529453572 17.2626765016 18.6010752377 33.2866339542 34.0147027034 11.1803398875 13.0384048104 22.4722050542 25.2982212813 11.7046999107 11.401754251 15.1327459504 12.0415945788 13.0 16.1554944214 11.401754251 12.2065556157 23.2594066992 22.0907220344 24.4131112315 29.1204395571 31.9530906173 48.795491595 51.2249938995 
89 99.0454441153 17.0293863659 18.0277563773 25.079872408 20.0997512422 38.1182371051 22.803508502 22.0227155455 17.2626765016 18.4390889146 53.0848377599 29.0172362571 29.6141857899 33.9558536927 35.3553390593 9.8488578018 11.1803398875 17.4928556845 17.0293863659 17.88854382 19.7230829233 37.1214223865 36.6196668472 11.7046999107 15.2643375225 23.2594066992 29.5296461205 11.0453610172 12.2065556157 14.3178210633 11.6619037897 13.0384048104 18.4390889146 10.295630141 11.1803398875 21.9544984001 22.0227155455 26.6270539114 24.1867732449 33.5410196625 49.3963561409 53.8144961883 
127 105.076162853 18.1107702763 18.0277563773 25.079872408 22.0227155455 41.1096095822 19.8494332413 20.5182845287 13.9283882772 14.5602197786 52.038447325 27.0185121722 26.3058928759 33.5261092285 33.5410196625 12.0830459736 11.7046999107 16.2788205961 15.5563491861 15.0 17.2046505341 35.8468966579 36.235341864 12.2065556157 13.6014705087 26.2488094968 27.8567765544 11.1803398875 8.94427191 14.5602197786 9.21954445729 10.4403065089 14.5602197786 7.81024967591 8.48528137424 25.0 22.0227155455 26.0768096208 27.2029410175 32.3882694814 47.6340214553 51.8555686499 
131 98.7319603776 18.0277563773 18.973665961 26.1725046566 18.1107702763 35.3553390593 22.0227155455 21.5406592285 16.4924225025 17.2046505341 48.3735464898 29.6141857899 30.0665927567 33.1058907145 35.1140997322 8.0622577483 10.4403065089 13.4536240471 13.6014705087 16.4924225025 18.3847763109 32.8024389337 34.4383507154 12.1655250606 14.4222051019 22.825424421 26.6833281283 11.1803398875 10.6301458127 16.1245154966 12.8062484749 14.2126704036 17.2046505341 8.24621125124 9.21954445729 21.9317121995 20.3960780544 24.0416305603 26.5706605112 32.3109888428 47.4236228055 51.2249938995 
139 99.0050503762 15.1327459504 16.1245154966 29.0 18.0 39.0 20.591260282 21.0950231097 16.7630546142 16.7630546142 50.0 26.1725046566 27.2029410175 30.083217913 33.2866339542 8.24621125124 10.1980390272 18.3575597507 18.3575597507 21.0237960416 22.4722050542 36.7151195014 38.275318418 14.3178210633 13.416407865 23.7065391823 24.1660919472 13.3416640641 12.2065556157 16.2788205961 13.4536240471 15.0 16.7630546142 13.9283882772 14.3178210633 22.825424421 22.0 23.0217288664 20.6155281281 29.2745623366 46.0434577329 49.578221025 
147 98.0459076147 15.0332963784 15.0332963784 27.0185121722 17.0293863659 34.0147027034 20.2484567313 21.4709105536 18.4390889146 18.6815416923 48.0936586256 27.4590604355 27.4590604355 30.8706980809 32.2024843762 8.0622577483 9.21954445729 14.2126704036 14.4222051019 18.973665961 21.0950231097 36.7151195014 36.6742416418 15.6524758425 16.1245154966 26.6270539114 26.4196896272 13.6014705087 11.6619037897 14.3178210633 12.5299640861 11.401754251 18.6815416923 9.8488578018 11.6619037897 23.2594066992 23.1948270095 25.8069758011 25.7099202644 32.2490309932 46.8614980554 50.2095608425 
160 100.04498988 17.0 17.0 25.0 17.0 34.0 21.2602916255 20.6155281281 16.2788205961 16.4924225025 52.0 26.0192236625 26.9258240357 30.3644529014 33.1209903234 8.54400374532 9.48683298051 15.8113883008 15.2643375225 19.9248588452 21.9544984001 37.1214223865 37.1214223865 13.3416640641 15.2643375225 23.8537208838 28.1780056072 9.8488578018 10.8166538264 16.4924225025 12.0415945788 11.1803398875 16.4924225025 9.8488578018 10.295630141 25.495097568 25.079872408 28.3019433962 22.360679775 35.0570962859 43.6004587132 49.2036584006 
243 102.239913928 17.2626765016 17.1172427686 24.0208242989 18.0 37.0135110466 19.7989898732 18.0277563773 11.401754251 14.7648230602 48.0416485979 29.0 30.5941170816 32.9848450049 36.6742416418 8.54400374532 10.4403065089 16.4012194669 15.2643375225 14.5602197786 19.8494332413 35.8468966579 37.2155881319 11.0 13.0384048104 18.7882942281 25.632011236 7.28010988928 11.401754251 17.0293863659 14.1421356237 11.313708499 14.7648230602 8.54400374532 10.6301458127 20.2484567313 22.360679775 27.0185121722 21.9544984001 36.6742416418 46.872166581 56.639209034 
252 105.261578936 18.0277563773 18.6815416923 28.8617393793 18.6815416923 35.7351367704 21.8403296678 21.400934559 18.6010752377 18.0277563773 53.16013544 31.0161248385 31.0161248385 36.6742416418 35.8050275799 9.43398113206 10.0 16.1554944214 15.6204993518 19.8494332413 21.2132034356 37.6563407675 37.483329628 14.2126704036 13.3416640641 28.1602556807 27.6586333719 16.0312195419 11.1803398875 13.416407865 11.401754251 14.2126704036 18.0277563773 10.6301458127 11.401754251 29.7321374946 28.1602556807 29.6141857899 34.0147027034 28.4429253067 52.8393792545 52.6307894678 
253 101.597244057 16.2788205961 18.4390889146 28.0178514522 18.0 36.0555127546 20.5182845287 19.7230829233 12.1655250606 15.2643375225 52.0864665724 30.5941170816 31.2569992162 35.8468966579 36.7695526217 8.54400374532 10.4403065089 15.0 15.0 17.0880074906 18.4390889146 33.4215499341 31.7647603485 9.05538513814 12.7279220614 18.0277563773 27.4590604355 11.0453610172 12.8062484749 17.0 12.0415945788 13.0384048104 15.2643375225 8.54400374532 10.0 16.7630546142 18.6815416923 24.0416305603 22.2036033112 38.6264158317 47.0106370942 56.5862174032 
279 107.466273779 17.4642491966 18.0 26.0768096208 23.0867927612 36.2215405525 20.2484567313 20.5182845287 14.3178210633 14.3178210633 52.2398315464 34.1320963318 34.5253530033 40.7921561087 42.0475920833 12.5299640861 12.6491106407 21.0950231097 20.0 18.0277563773 20.2484567313 39.5600808897 39.6610640301 10.8166538264 9.8488578018 23.5372045919 23.769728648 12.0415945788 11.6619037897 14.0356688476 12.8062484749 14.2126704036 14.3178210633 12.0830459736 12.0830459736 32.7566787083 32.0156211872 34.885527085 36.3593179254 37.3363094052 59.5399025864 60.207972894 
291 105.118980208 18.0277563773 16.1245154966 26.0192236625 21.0 35.0142828 25.6124969497 25.5538646784 19.1049731745 20.2237484162 55.0817574157 29.2745623366 30.0166620396 36.2491379208 35.7351367704 11.7046999107 10.7703296143 19.7230829233 20.2484567313 22.4722050542 20.8806130178 37.2021504755 33.6154726279 17.1172427686 18.4390889146 25.6124969497 25.6124969497 14.3178210633 18.4390889146 12.1655250606 17.88854382 16.2788205961 20.2237484162 13.416407865 12.3693168769 25.495097568 24.1867732449 25.8069758011 32.0156211872 31.7804971641 53.7587202229 50.8035431835 
414 103.817146946 17.0293863659 18.4390889146 26.3058928759 16.1245154966 29.4278779391 21.2132034356 21.9317121995 16.1245154966 18.3575597507 50.8035431835 29.8328677804 31.1448230048 34.4383507154 36.6878726557 8.24621125124 8.94427191 15.6204993518 15.2315462117 22.0907220344 21.9544984001 33.8378486314 34.4818792991 14.1421356237 15.2643375225 24.2074368738 27.5136329844 11.1803398875 12.0415945788 16.0312195419 14.4222051019 11.1803398875 18.3575597507 9.48683298051 10.0 24.7386337537 24.7386337537 28.319604517 25.9615099715 39.0512483795 47.4236228055 52.4022900263 
415 101.493842178 18.6815416923 19.0262975904 26.1725046566 18.2482875909 39.6232255123 20.8086520467 21.2602916255 13.416407865 15.8113883008 52.1536192416 31.0161248385 32.2800247831 36.6742416418 38.0788655293 9.43398113206 10.1980390272 14.7648230602 14.8660687473 17.691806013 19.2353840617 39.8120584748 36.4005494464 11.1803398875 13.416407865 23.5372045919 27.3130005675 11.0453610172 10.8166538264 15.5241746963 12.0415945788 11.401754251 15.8113883008 8.48528137424 8.94427191 23.3238075794 23.0 26.4196896272 23.2594066992 30.083217913 50.2493781056 53.0377224247 
476 104.479663093 15.0 15.2970585408 26.1725046566 20.0249843945 32.0156211872 17.691806013 18.0277563773 12.1655250606 13.0 49.3659801888 29.6141857899 31.0 34.885527085 35.4400902933 10.1980390272 10.4403065089 17.2046505341 18.0277563773 19.6468827044 20.2484567313 34.6698716467 32.6955654485 9.8488578018 9.43398113206 21.0237960416 20.6155281281 13.3416640641 10.8166538264 13.0 11.313708499 13.416407865 13.0 12.0830459736 12.0830459736 19.2353840617 19.4164878389 22.6715680975 33.5261092285 35.8468966579 53.0377224247 53.8237865632 
