Leaf
56 102.176318196 17.1172427686 17.1172427686 29.0172362571 21.0237960416 49.1629942131 20.6155281281 20.5182845287 14.5602197786 16.1245154966 57.0788927713 29.0688837075 29.6141857899 36.0555127546 37.1214223865 11.1803398875 11.7046999107 17.0293863659 15.6204993518 19.1049731745 22.6715680975 57.3846669416 55.9464029228 13.0384048104 13.0384048104 25.632011236 27.2946881279 14.0356688476 12.2065556157 15.1327459504 12.0415945788 13.0 16.1245154966 9.89949493661 11.313708499 26.0768096208 26.0192236625 27.2946881279 21.3775583264 24.0831891576 60.9015599143 61.400325732 
18 102.961157725 18.4390889146 18.2482875909 26.3058928759 23.3452350599 53.600373133 20.0 20.591260282 16.1245154966 17.0 52.9528091795 27.6586333719 27.1661554144 35.8468966579 35.902646142 12.6491106407 13.6014705087 17.8044938148 17.4928556845 17.8044938148 21.4709105536 51.7397332811 50.6951674225 12.3693168769 13.4536240471 26.4007575649 27.892651362 13.416407865 10.8166538264 14.1421356237 9.43398113206 11.401754251 17.0 8.48528137424 9.8488578018 27.2029410175 25.7099202644 28.319604517 18.4390889146 22.5610283454 52.3450093132 55.5697759578 
31 105.019045892 18.0277563773 19.0 29.0172362571 24.0 51.0 19.2093727123 19.8494332413 17.0880074906 16.1554944214 54.0092584656 28.1602556807 27.0739727414 35.3411940941 34.0147027034 12.6491106407 12.6491106407 17.691806013 16.2788205961 19.1049731745 19.7989898732 47.5078940809 49.0917508345 12.2065556157 12.2065556157 27.3130005675 27.8567765544 15.1327459504 11.313708499 14.3178210633 9.89949493661 13.0384048104 16.1554944214 9.89949493661 10.6301458127 27.7848879789 26.0192236625 28.1780056072 24.0831891576 20.0 53.9073278878 51.8555686499 
67 101.019800039 18.0277563773 18.1107702763 28.0 22.0227155455 48.0 21.9317121995 20.6155281281 15.2970585408 14.8660687473 56.0 25.079872408 26.3058928759 30.4630924235 32.2490309932 10.4403065089 12.1655250606 16.2788205961 15.5563491861 18.0277563773 21.2602916255 48.3011387029 50.2493781056 13.152946438 13.9283882772 23.3238075794 25.495097568 13.3416640641 14.8660687473 15.2970585408 14.1421356237 12.8062484749 14.8660687473 10.0 11.313708499 25.495097568 26.0192236625 27.4590604355 21.5870331449 25.0199920064 54.6443043693 53.7587202229 
68 98.0459076147 17.1172427686 18.0 28.0 27.0185121722 49.0102030194 23.6008474424 23.3452350599 17.2626765016 17.1172427686 58.0344725142 25.0199920064 26.0 32.2024843762 32.2024843762 13.6014705087 14.3178210633 18.4390889146 17.0293863659 21.6333076528 18.8679622641 46.3249392876 46.6476151588 15.5241746963 14.1421356237 24.6981780705 24.4131112315 15.2970585408 16.2788205961 13.3416640641 15.5563491861 13.6014705087 17.1172427686 9.21954445729 10.6301458127 23.6008474424 21.0 22.2036033112 20.8806130178 22.360679775 53.0094331228 52.6307894678 
97 105.118980208 19.1049731745 19.2353840617 28.0713376952 21.0 54.0370243444 21.2602916255 21.6333076528 14.8660687473 16.5529453572 54.1479454827 31.2569992162 33.1360830516 38.6264158317 40.4969134626 11.1803398875 12.0830459736 15.5563491861 14.8660687473 17.691806013 22.360679775 49.4064773081 48.8773976394 11.0453610172 12.5299640861 21.9317121995 26.2488094968 13.3416640641 14.4222051019 15.0332963784 13.4536240471 14.1421356237 16.5529453572 7.07106781187 10.295630141 23.2594066992 22.360679775 25.4558441227 20.0997512422 27.2946881279 53.9073278878 56.639209034 
134 104.479663093 18.0 18.4390889146 25.179356624 21.0950231097 53.2353266168 24.8394846967 24.1867732449 19.1049731745 18.0277563773 53.2353266168 29.4278779391 30.0166620396 34.885527085 35.1710107901 11.1803398875 10.7703296143 15.5563491861 16.4012194669 18.4390889146 20.1246117975 49.6789693935 47.853944456 15.0332963784 15.5241746963 24.2074368738 24.5967477525 13.0 14.8660687473 13.152946438 15.8113883008 14.2126704036 18.0277563773 10.0 9.89949493661 25.079872408 25.3179778023 26.2488094968 25.0199920064 24.3310501212 56.7274184147 52.8015151298 
193 99.3227063667 16.2788205961 18.0277563773 26.1725046566 21.0950231097 47.1699056603 24.1867732449 24.7588368063 18.4390889146 19.0262975904 55.3263047745 29.0 28.4429253067 34.4818792991 34.0 10.7703296143 11.1803398875 17.4928556845 17.691806013 21.9317121995 21.0950231097 52.9244744896 52.4785670536 16.7630546142 16.0312195419 24.6981780705 25.495097568 14.1421356237 16.6433169771 13.0 15.5563491861 12.8062484749 19.0262975904 12.2065556157 12.5299640861 30.5286750449 30.1496268634 30.083217913 25.0 22.0 55.2177507691 55.4436651025 
195 94.3398113206 16.1245154966 15.0332963784 28.0713376952 22.0907220344 50.1597448159 20.6155281281 19.7989898732 14.3178210633 15.0332963784 55.1452627158 25.0 25.7099202644 32.5729949498 34.1320963318 11.6619037897 12.6491106407 17.8044938148 16.2788205961 18.3847763109 21.2132034356 50.1597448159 51.6139516023 12.5299640861 13.8924439894 23.769728648 25.5538646784 13.152946438 11.401754251 15.5241746963 11.313708499 10.1980390272 15.0332963784 8.48528137424 10.6301458127 29.6816441593 28.1602556807 28.7923600978 18.0277563773 19.9248588452 50.6063237155 50.2095608425 
335 103.121287812 18.0277563773 17.0293863659 29.0688837075 19.0262975904 49.040799341 25.0 23.7065391823 19.2353840617 20.8806130178 55.0817574157 29.2745623366 30.5941170816 34.5398320783 37.5765884561 9.48683298051 10.7703296143 16.2788205961 13.8924439894 17.2046505341 23.8537208838 46.6476151588 48.8773976394 17.0 17.4642491966 24.0831891576 28.3019433962 13.0 16.9705627485 17.2626765016 16.4012194669 15.0 20.8806130178 8.0622577483 11.401754251 25.495097568 25.0199920064 26.0768096208 22.2036033112 24.1867732449 53.2634959423 55.3172667438 
352 105.233074649 20.0 21.2132034356 31.064449134 20.0997512422 51.1566222497 24.2074368738 26.0768096208 19.6468827044 20.2484567313 60.207972894 31.0483493925 30.1496268634 36.7151195014 36.4005494464 10.1980390272 10.7703296143 13.6014705087 13.4536240471 20.6155281281 22.803508502 54.918120871 54.2309874518 16.2788205961 16.4924225025 28.0178514522 28.1780056072 16.7630546142 17.0293863659 15.2970585408 17.0293863659 12.7279220614 20.2484567313 8.48528137424 9.43398113206 24.6981780705 24.3310501212 26.2488094968 22.0227155455 23.1948270095 60.3075451333 57.9827560573 
395 97.1853898485 16.1245154966 17.1172427686 25.079872408 23.0867927612 49.1629942131 19.4164878389 19.8494332413 14.8660687473 15.1327459504 51.2445119013 25.0199920064 25.179356624 31.6227766017 31.7647603485 12.0830459736 12.3693168769 17.8044938148 16.9705627485 21.2602916255 21.6333076528 52.3927475897 52.1536192416 13.0384048104 12.1655250606 24.6981780705 23.6008474424 14.1421356237 11.401754251 11.7046999107 12.0415945788 11.6619037897 15.1327459504 10.0 11.401754251 31.9061122671 31.1448230048 31.384709653 20.0997512422 19.1049731745 49.9299509313 51.2249938995 
396 95.2575456329 16.0312195419 16.1245154966 28.1602556807 20.0249843945 45.0998891351 21.9317121995 20.8086520467 17.0293863659 15.5241746963 55.1452627158 25.7099202644 27.0739727414 32.2490309932 33.2415402772 10.4403065089 10.7703296143 16.2788205961 15.8113883008 19.7230829233 21.2132034356 46.6476151588 47.853944456 15.2970585408 15.2315462117 24.8394846967 25.0599281723 13.9283882772 14.1421356237 15.1327459504 15.0 10.7703296143 15.5241746963 9.43398113206 10.6301458127 30.8706980809 29.0688837075 30.5286750449 22.0227155455 22.2036033112 50.6063237155 51.8652099196 
404 94.1912947145 17.1172427686 17.0293863659 29.0688837075 22.0227155455 45.1774279923 21.9317121995 23.3238075794 18.1107702763 19.6468827044 56.3205113613 26.1725046566 27.2946881279 30.4138126515 32.6496554346 11.0453610172 11.1803398875 16.9705627485 16.4012194669 22.360679775 21.400934559 42.4381903478 44.2944691807 16.4924225025 19.2353840617 27.6586333719 30.5286750449 14.3178210633 13.4536240471 16.4924225025 14.7648230602 10.7703296143 19.6468827044 11.6619037897 12.2065556157 31.384709653 30.0665927567 32.2490309932 20.0997512422 26.1725046566 43.8634243989 47.3814309619 
407 102.004901843 18.0 18.0277563773 30.0166620396 19.0 48.0 24.1867732449 25.5538646784 21.8403296678 21.5870331449 55.0 24.0416305603 22.360679775 29.4108823397 26.4196896272 10.0498756211 9.05538513814 15.6204993518 15.0 24.2074368738 23.6008474424 44.6542271235 43.5660418216 16.1554944214 17.4642491966 28.3019433962 27.2029410175 16.7630546142 14.1421356237 15.2315462117 14.8660687473 14.8660687473 21.5870331449 11.6619037897 11.6619037897 24.6981780705 23.0 24.6981780705 23.0217288664 19.2353840617 50.2095608425 47.8016736109 
408 106.042444332 19.0 19.0262975904 31.0 20.0 52.0096144958 24.6981780705 25.0599281723 21.8403296678 22.1359436212 56.0089278598 23.769728648 23.5372045919 28.8444102037 28.3019433962 10.0498756211 10.0498756211 15.6204993518 15.6204993518 26.4007575649 25.6124969497 48.0104155366 46.6476151588 16.7630546142 17.0880074906 28.8444102037 29.1547594742 17.0880074906 14.8660687473 16.1554944214 13.4536240471 15.6204993518 22.1359436212 11.6619037897 12.2065556157 29.5296461205 27.0185121722 30.5286750449 25.7099202644 27.2946881279 49.6789693935 50.2095608425 
