Leaf
323 94.3716058992 15.8113883008 16.2788205961 24.5153013443 18.4390889146 32.7566787083 21.0950231097 19.6977156036 16.2788205961 17.0 51.4198405287 28.4604989415 28.1602556807 33.0151480384 32.3882694814 10.0 8.94427191 17.691806013 18.0277563773 21.0950231097 21.6333076528 36.8781778292 35.902646142 13.152946438 15.0 22.2036033112 26.5706605112 12.5299640861 14.7648230602 13.0384048104 11.7046999107 12.6491106407 17.0 13.3416640641 13.0384048104 25.495097568 25.0 27.6586333719 25.3179778023 25.2982212813 44.6542271235 45.1774279923 
16 103.121287812 17.0293863659 16.0312195419 24.0831891576 20.0997512422 36.3455636908 23.4307490277 23.0217288664 19.1049731745 18.2482875909 52.0864665724 29.2745623366 29.0 33.5410196625 33.2415402772 11.0453610172 9.48683298051 15.5563491861 15.8113883008 22.4722050542 19.6977156036 37.4432904537 39.0 15.2970585408 14.3178210633 25.6124969497 23.0217288664 12.6491106407 14.2126704036 12.1655250606 15.0 13.0384048104 18.2482875909 10.8166538264 9.43398113206 27.7308492477 25.0199920064 26.0768096208 30.0 29.0688837075 49.040799341 46.7546789102 
37 99.5037687728 14.1421356237 15.1327459504 27.1661554144 16.1245154966 36.1247837364 22.360679775 22.627416998 18.4390889146 18.0277563773 53.4602656185 30.1496268634 30.083217913 35.7351367704 34.885527085 8.94427191 8.24621125124 15.6524758425 15.0 19.2093727123 17.88854382 39.2173431023 41.0487515035 17.88854382 17.1172427686 26.0768096208 25.495097568 15.1327459504 15.6524758425 13.0 15.6204993518 13.0384048104 18.0277563773 10.8166538264 10.7703296143 27.2029410175 25.3179778023 26.2488094968 30.4138126515 22.0227155455 49.8196748283 48.1040538832 
107 98.2496819333 17.1172427686 17.1172427686 28.0713376952 18.1107702763 33.2415402772 21.4709105536 20.6155281281 18.3847763109 18.4390889146 51.2445119013 26.1725046566 26.9258240357 30.4630924235 30.5286750449 9.21954445729 9.0 14.7648230602 15.5563491861 21.4709105536 21.5870331449 36.4005494464 36.0555127546 14.8660687473 15.2643375225 28.4604989415 29.1547594742 15.2970585408 9.43398113206 13.9283882772 9.43398113206 11.6619037897 18.4390889146 11.6619037897 11.401754251 29.1547594742 28.1602556807 29.7321374946 31.2569992162 27.1661554144 47.4236228055 47.3814309619 
130 101.651364969 17.7200451467 15.8113883008 27.892651362 18.973665961 37.3363094052 20.2484567313 18.973665961 16.0 15.8113883008 51.923019943 28.231188427 27.0739727414 33.4215499341 33.5410196625 10.0 10.0 18.4390889146 18.4390889146 22.0907220344 21.2132034356 37.5366487582 38.6393581727 12.3693168769 15.0 26.2488094968 27.2946881279 13.8924439894 10.295630141 15.0 9.48683298051 14.3178210633 15.8113883008 12.1655250606 11.313708499 28.8617393793 25.9615099715 27.5862284483 31.2569992162 26.0 51.0 47.0106370942 
214 99.0807751282 17.0293863659 17.0293863659 25.179356624 17.0293863659 36.1247837364 25.2388589282 25.6124969497 20.2237484162 21.0237960416 55.1452627158 31.1448230048 29.4278779391 37.0 34.5398320783 9.8488578018 8.54400374532 16.6433169771 15.2643375225 17.2046505341 18.3575597507 39.8120584748 38.0788655293 17.4642491966 19.1049731745 26.4007575649 27.5862284483 13.152946438 17.4928556845 13.0 17.2046505341 14.1421356237 21.0237960416 9.8488578018 10.7703296143 28.3019433962 27.0185121722 27.7308492477 28.1602556807 26.2488094968 50.8035431835 49.8196748283 
231 102.420701033 18.4390889146 17.0293863659 25.3179778023 18.1107702763 40.3112887415 24.1660919472 24.0831891576 19.6977156036 19.0262975904 51.6236379966 30.0166620396 28.6356421266 33.5261092285 31.7647603485 9.21954445729 9.0 13.6014705087 13.4536240471 18.3847763109 18.3575597507 38.0131556175 37.0135110466 15.6524758425 15.0332963784 26.9258240357 24.0831891576 14.0 15.6524758425 11.7046999107 14.8660687473 14.2126704036 19.0262975904 10.0 9.48683298051 27.4590604355 27.0739727414 28.7923600978 30.3644529014 22.2036033112 51.0881590978 45.9673797382 
233 95.0210502994 16.0312195419 16.0312195419 28.0178514522 21.0237960416 38.0131556175 20.8086520467 20.591260282 16.4924225025 18.0277563773 50.0 29.0688837075 29.4278779391 33.6154726279 33.5410196625 11.1803398875 10.0498756211 20.2484567313 18.8679622641 24.3515913238 24.6981780705 38.9486841883 38.0788655293 13.0 15.6524758425 23.7065391823 26.4196896272 14.5602197786 12.0415945788 14.8660687473 11.401754251 12.0415945788 18.0277563773 15.2315462117 14.8660687473 26.9258240357 25.0 27.7848879789 25.495097568 28.4604989415 51.3127664427 52.0096144958 
260 99.3227063667 16.1245154966 15.1327459504 29.0688837075 19.0262975904 30.0665927567 20.6155281281 22.360679775 18.2482875909 18.6815416923 52.3450093132 29.8328677804 30.1496268634 36.235341864 36.0555127546 10.4403065089 9.8488578018 18.8679622641 19.2353840617 23.5372045919 22.803508502 32.7566787083 32.6955654485 12.5299640861 12.5299640861 25.5538646784 22.8473193176 15.5241746963 11.401754251 14.1421356237 12.0415945788 14.2126704036 18.6815416923 12.6491106407 12.6491106407 27.2946881279 25.0199920064 26.9258240357 33.5261092285 29.1547594742 50.931326313 49.7393204618 
302 101.493842178 17.0293863659 16.1245154966 25.179356624 19.0262975904 37.1214223865 22.0227155455 23.7065391823 18.2482875909 19.6468827044 50.4876222455 25.3179778023 27.0739727414 30.4138126515 31.9530906173 10.1980390272 9.48683298051 18.0277563773 18.3575597507 23.0867927612 22.825424421 39.1152144312 39.3954312072 14.3178210633 14.8660687473 25.0 24.1867732449 12.0830459736 12.0415945788 14.1421356237 15.0 12.8062484749 19.6468827044 13.0 12.0830459736 26.83281573 25.179356624 27.8028775489 31.064449134 31.5753068077 50.2493781056 51.0881590978 
320 96.337946833 17.2626765016 16.0312195419 28.4429253067 21.2132034356 34.3656805549 23.2594066992 24.0831891576 19.3132079158 19.0 54.5893762558 29.0 27.892651362 36.4005494464 34.9857113691 11.6619037897 11.401754251 20.1246117975 19.2093727123 23.7065391823 23.0867927612 37.947331922 38.0131556175 15.6524758425 16.0 26.4007575649 23.3452350599 15.0332963784 15.2643375225 14.3178210633 16.4012194669 15.2643375225 19.0 11.6619037897 11.7046999107 26.2488094968 24.5153013443 24.6981780705 32.2024843762 26.9258240357 54.3783044973 50.2493781056 
321 93.9414711403 16.4924225025 16.1245154966 25.3179778023 22.360679775 35.902646142 18.3847763109 18.3847763109 17.2626765016 17.4928556845 45.7055795281 29.1204395571 28.4429253067 36.6196668472 34.2344855372 13.152946438 10.8166538264 20.5182845287 19.3132079158 22.0907220344 21.0950231097 38.2883794382 38.3275357935 12.6491106407 13.6014705087 25.6124969497 25.632011236 13.9283882772 11.401754251 12.0415945788 10.7703296143 11.6619037897 17.4928556845 12.3693168769 11.6619037897 29.4108823397 27.4590604355 28.4253408071 32.0624390838 23.4093998214 51.3127664427 44.283179651 
329 96.4209520799 15.1327459504 15.1327459504 24.0831891576 18.1107702763 33.1360830516 22.825424421 21.2132034356 18.4390889146 17.0 50.4876222455 29.0688837075 29.2745623366 34.7850542619 33.6154726279 9.8488578018 9.21954445729 17.0 16.4012194669 21.0950231097 19.4164878389 38.6264158317 38.0788655293 14.3178210633 12.0415945788 23.7065391823 21.2602916255 14.1421356237 13.6014705087 10.7703296143 12.0415945788 14.2126704036 17.0 10.8166538264 10.7703296143 27.4590604355 26.1725046566 26.0 30.0665927567 24.0831891576 47.4236228055 44.598206242 
332 101.004950374 16.0 16.0312195419 25.0 18.0 32.0156211872 21.9317121995 21.2132034356 16.0312195419 16.0312195419 55.0090901579 28.2842712475 28.1602556807 33.6154726279 33.2415402772 9.48683298051 9.48683298051 17.4928556845 17.4928556845 21.8403296678 23.4093998214 36.6742416418 35.77708764 14.5602197786 14.8660687473 24.4131112315 25.8069758011 12.6491106407 12.8062484749 13.6014705087 12.8062484749 12.6491106407 16.0312195419 12.0830459736 12.0830459736 25.0599281723 24.0208242989 26.9258240357 29.1547594742 29.2745623366 46.6904701197 47.4236228055 
361 98.005101908 19.1049731745 18.0 27.0 18.0277563773 38.0 24.4131112315 22.2036033112 18.6815416923 18.6815416923 54.0370243444 30.4138126515 31.2569992162 36.7695526217 36.4005494464 9.8488578018 9.48683298051 15.0 14.2126704036 18.6010752377 16.6433169771 37.5898922584 38.5875627631 14.8660687473 14.5602197786 26.83281573 26.0768096208 14.1421356237 15.0 13.152946438 15.0 14.2126704036 18.6815416923 7.81024967591 8.60232526704 26.9258240357 24.0831891576 25.495097568 28.4429253067 24.5153013443 50.2493781056 48.2700735446 
421 98.2496819333 18.0277563773 16.2788205961 25.079872408 17.0293863659 37.1214223865 22.627416998 22.825424421 17.1172427686 17.7200451467 52.3450093132 27.4590604355 28.1602556807 32.6955654485 34.1760149813 8.54400374532 9.8488578018 15.0 15.2643375225 16.6433169771 16.2788205961 35.6089876295 34.4383507154 14.0 14.8660687473 23.4307490277 23.7065391823 11.7046999107 14.8660687473 14.1421356237 15.0 14.8660687473 17.7200451467 8.54400374532 9.21954445729 22.360679775 20.2237484162 23.4307490277 23.769728648 29.4108823397 46.6904701197 49.040799341 
427 97.0463806641 16.1245154966 16.0312195419 21.0237960416 17.0 34.0147027034 21.2602916255 18.4390889146 14.1421356237 13.6014705087 47.0956473573 26.0 25.3179778023 29.8328677804 31.304951685 7.61577310586 10.4403065089 14.4222051019 15.0 17.4642491966 19.7230829233 33.5410196625 34.6698716467 12.0830459736 13.6014705087 22.8473193176 26.0 9.48683298051 8.94427191 12.6491106407 8.0622577483 11.401754251 13.6014705087 7.61577310586 9.43398113206 26.9258240357 27.0185121722 29.0688837075 25.495097568 33.0605505096 43.931765273 50.0 
434 87.0229854694 17.1172427686 17.2626765016 24.0 15.0 33.0 22.4722050542 23.7065391823 17.7200451467 18.973665961 47.0425339454 30.1496268634 30.5941170816 34.7850542619 35.4682957019 8.54400374532 7.61577310586 14.7648230602 15.2643375225 17.4642491966 19.4164878389 37.1214223865 36.6742416418 14.0356688476 15.5241746963 21.6333076528 24.1867732449 11.7046999107 14.1421356237 13.6014705087 14.2126704036 10.8166538264 18.973665961 9.43398113206 9.8488578018 22.8473193176 24.0831891576 26.0768096208 20.591260282 26.9258240357 46.6476151588 50.219518118 
439 99.4082491547 18.0277563773 16.1245154966 27.0739727414 19.0262975904 37.0135110466 20.0 21.4709105536 18.0277563773 18.0277563773 49.2544414241 25.9615099715 26.0192236625 33.2866339542 31.3209195267 11.401754251 8.94427191 14.8660687473 15.0 22.360679775 21.5406592285 37.7359245282 37.1214223865 13.9283882772 14.3178210633 26.9258240357 24.5967477525 15.8113883008 12.8062484749 12.3693168769 11.6619037897 11.401754251 18.0277563773 9.21954445729 8.0622577483 25.2388589282 22.0 23.0217288664 31.0161248385 24.3515913238 48.9182992345 46.6154480832 
