Leaf
47 117.388244727 17.2626765016 18.2482875909 32.3882694814 24.3310501212 42.5793377121 18.3575597507 19.8494332413 15.2643375225 16.2788205961 56.5685424949 30.0665927567 30.6757233004 38.0788655293 39.4081209905 13.0384048104 13.3416640641 22.8473193176 22.6715680975 22.360679775 24.3515913238 37.5765884561 37.483329628 10.8166538264 12.8062484749 26.1725046566 29.0688837075 16.0 9.21954445729 16.7630546142 9.43398113206 14.8660687473 16.2788205961 13.0384048104 13.9283882772 22.803508502 23.0 28.0178514522 31.9061122671 39.3192065027 54.3783044973 58.5234995536 
39 108.226614102 17.2626765016 18.0277563773 29.1547594742 23.0867927612 40.3112887415 19.4164878389 20.5182845287 14.3178210633 16.4924225025 54.1479454827 35.0 34.5253530033 42.4499705536 42.0475920833 12.5299640861 12.6491106407 18.8679622641 19.1049731745 16.1245154966 19.2353840617 44.7772263545 42.1900462195 9.43398113206 11.1803398875 22.5610283454 25.495097568 14.0356688476 12.7279220614 15.1327459504 12.8062484749 14.1421356237 16.4924225025 10.0 10.295630141 23.6008474424 23.0 26.6270539114 30.0166620396 33.8378486314 60.0333240792 60.3075451333 
123 112.614386292 18.2482875909 16.4924225025 30.4138126515 22.360679775 41.7731971484 20.5182845287 21.0237960416 17.2626765016 16.5529453572 54.918120871 31.384709653 30.2654919008 39.0512483795 35.3553390593 13.0384048104 10.295630141 18.4390889146 17.88854382 23.4093998214 21.0950231097 42.6380112107 43.3243580449 15.2315462117 14.7648230602 29.4108823397 24.6981780705 16.7630546142 13.4536240471 14.0 14.7648230602 15.2315462117 16.5529453572 11.6619037897 10.0 28.6530975638 25.079872408 25.6124969497 38.0131556175 26.4196896272 59.640590205 54.1294744109 
128 108.461974904 16.1245154966 15.0332963784 31.064449134 20.0997512422 36.0138862107 19.3132079158 19.8494332413 18.3575597507 16.1245154966 51.2445119013 31.7804971641 31.2569992162 39.3573373083 35.4682957019 11.7046999107 9.21954445729 18.7882942281 19.2093727123 25.2388589282 20.0997512422 39.8246155035 38.0131556175 17.0293863659 12.6491106407 30.3644529014 23.0217288664 19.0262975904 11.6619037897 12.3693168769 12.0415945788 14.8660687473 16.1245154966 14.4222051019 12.1655250606 28.0178514522 25.079872408 24.1660919472 39.8120584748 24.5967477525 60.141499815 49.9299509313 
305 106.470653234 18.0 16.2788205961 26.1725046566 22.0907220344 36.1247837364 24.4131112315 23.7065391823 20.3960780544 18.6815416923 51.1566222497 34.2344855372 35.0 39.9249295554 41.4849370254 11.401754251 12.0830459736 18.3847763109 17.4928556845 19.9248588452 19.6977156036 39.1152144312 39.0 17.7200451467 16.5529453572 28.6006992922 25.9422435421 13.0 13.8924439894 14.1421356237 14.7648230602 14.8660687473 18.6815416923 10.7703296143 11.401754251 26.83281573 25.079872408 26.6270539114 33.9558536927 30.886890423 56.5685424949 56.0802995712 
341 113.017697729 18.0 17.0 29.0172362571 24.0 38.0131556175 23.3238075794 21.6333076528 20.8806130178 18.6815416923 53.0848377599 33.0605505096 32.14031736 39.5600808897 39.0 12.6491106407 12.6491106407 17.691806013 16.2788205961 25.0 24.0416305603 39.8246155035 40.7062648741 14.7648230602 14.7648230602 28.1780056072 27.2946881279 14.3178210633 12.2065556157 15.5241746963 12.0415945788 14.8660687473 18.6815416923 8.60232526704 9.21954445729 28.6006992922 25.079872408 26.4196896272 35.7351367704 33.8378486314 58.137767415 57.6281181369 
365 111.646764396 18.1107702763 17.1172427686 28.1602556807 23.0217288664 39.2045915678 21.400934559 20.6155281281 15.8113883008 15.0332963784 57.4282160614 32.0156211872 30.2654919008 37.947331922 36.6742416418 11.7046999107 12.3693168769 18.6010752377 18.4390889146 16.4012194669 17.0880074906 43.3243580449 44.6542271235 12.7279220614 10.295630141 27.892651362 24.5967477525 15.0332963784 11.6619037897 13.152946438 10.6301458127 16.5529453572 15.0332963784 10.295630141 11.1803398875 31.4006369362 29.4278779391 30.083217913 36.6878726557 28.2842712475 59.4053869611 57.2800139665 
375 100.623058987 17.1172427686 16.7630546142 28.2842712475 19.4164878389 37.1079506306 19.8494332413 20.591260282 15.1327459504 14.3178210633 53.7587202229 36.0555127546 34.1320963318 41.8807831827 39.3192065027 11.0453610172 9.43398113206 16.2788205961 16.5529453572 20.8806130178 18.6010752377 40.3608721412 40.0249921924 13.3416640641 13.0384048104 25.0 23.769728648 15.5241746963 15.0 13.0 12.5299640861 13.0 14.3178210633 10.7703296143 9.43398113206 23.0867927612 22.803508502 24.0416305603 30.083217913 27.4590604355 57.3846669416 53.310411741 
386 112.787410645 19.4164878389 18.2482875909 32.5576411922 23.3452350599 34.5253530033 20.6155281281 20.6155281281 18.6010752377 16.1245154966 57.2712842531 38.0131556175 37.3630833845 47.0744091838 45.6508488421 13.6014705087 12.6491106407 20.1246117975 19.7989898732 21.0237960416 21.0950231097 41.4849370254 41.0487515035 14.8660687473 13.3416640641 29.8328677804 26.4007575649 17.1172427686 14.7648230602 15.5241746963 15.0 15.6524758425 16.1245154966 10.6301458127 10.7703296143 33.6005952328 32.3882694814 32.8937684068 39.1152144312 35.7351367704 63.0634601017 60.141499815 
453 112.641022723 19.2353840617 19.0 27.1661554144 21.2132034356 41.3037528561 18.8679622641 22.6715680975 15.8113883008 15.1327459504 54.1479454827 36.0555127546 36.2215405525 42.0594816896 39.5600808897 11.7046999107 10.0498756211 18.3575597507 17.691806013 19.1049731745 17.4642491966 44.0113621693 43.8292140016 12.2065556157 9.21954445729 29.2745623366 22.8473193176 17.0293863659 10.6301458127 10.1980390272 10.6301458127 15.5563491861 15.1327459504 11.6619037897 11.7046999107 28.4253408071 27.2946881279 26.9258240357 37.0 29.1204395571 60.605280298 57.3149195236 
458 105.004761797 17.0293863659 16.2788205961 27.0185121722 20.0249843945 35.0570962859 17.2046505341 19.4164878389 14.7648230602 13.9283882772 48.0104155366 36.2215405525 36.1247837364 42.7200187266 40.8044115262 11.7046999107 9.48683298051 19.2353840617 19.4164878389 18.3575597507 18.0277563773 35.77708764 35.5105618091 11.313708499 9.43398113206 25.9615099715 21.5870331449 15.0 10.6301458127 12.0415945788 9.89949493661 12.7279220614 13.9283882772 13.0384048104 12.3693168769 26.2488094968 22.0907220344 23.3238075794 39.3954312072 33.2866339542 59.0338885726 56.6127194189 
463 114.127122105 17.4642491966 17.0 34.1320963318 26.1725046566 41.4366987102 21.5406592285 21.2132034356 18.3575597507 15.1327459504 57.5586657246 32.0 32.9848450049 40.162171256 40.8166632639 14.3178210633 13.3416640641 20.2484567313 20.5182845287 17.2046505341 17.7200451467 43.0813184571 42.201895692 16.2788205961 11.7046999107 29.1204395571 23.7065391823 18.0 13.8924439894 16.2788205961 14.4222051019 16.4012194669 15.1327459504 10.6301458127 10.4403065089 28.4253408071 26.3058928759 28.231188427 36.6878726557 31.5753068077 59.816385715 57.2800139665 
