Leaf
301 97.1853898485 17.2626765016 18.0277563773 24.0831891576 24.0831891576 53.0848377599 19.2093727123 19.7989898732 13.0 13.6014705087 50.0899191455 25.079872408 25.079872408 32.5729949498 32.2024843762 13.416407865 12.6491106407 16.2788205961 16.4012194669 18.4390889146 19.8494332413 49.6487663492 50.8035431835 9.8488578018 11.1803398875 21.8403296678 24.6981780705 12.1655250606 10.6301458127 12.6491106407 9.21954445729 10.295630141 13.6014705087 8.94427191 8.60232526704 26.0768096208 25.0199920064 26.83281573 19.2353840617 20.0249843945 52.697248505 53.7587202229 
246 95.7548954362 17.1172427686 16.1245154966 27.2946881279 23.0867927612 45.1774279923 24.0831891576 24.1660919472 20.0249843945 20.8806130178 53.600373133 29.4278779391 31.0161248385 37.5898922584 38.0788655293 13.6014705087 11.6619037897 16.9705627485 17.8044938148 17.8044938148 16.2788205961 46.872166581 47.0106370942 19.1049731745 19.3132079158 28.319604517 28.0178514522 14.3178210633 17.0293863659 14.1421356237 17.4642491966 13.0384048104 20.8806130178 10.6301458127 7.81024967591 28.231188427 27.0739727414 27.2946881279 20.3960780544 21.0950231097 47.3814309619 51.0392006207 
299 101.316336294 16.2788205961 17.0293863659 25.179356624 24.0831891576 47.6759897642 19.7989898732 20.2484567313 17.1172427686 17.0880074906 50.3587132481 23.0 24.0208242989 27.7308492477 30.8706980809 12.1655250606 12.6491106407 16.2788205961 17.691806013 23.4093998214 21.9317121995 40.4598566483 44.2944691807 14.5602197786 15.8113883008 26.2488094968 28.6356421266 12.2065556157 9.21954445729 15.5241746963 10.8166538264 8.94427191 17.0880074906 10.8166538264 9.89949493661 29.7321374946 28.2842712475 32.2024843762 17.0 28.2842712475 42.4499705536 47.3814309619 
307 101.118742081 16.2788205961 16.2788205961 23.1948270095 22.2036033112 43.4165866922 19.6977156036 19.7989898732 17.0 17.1172427686 45.5411901469 27.1661554144 27.2946881279 32.7566787083 33.1209903234 11.1803398875 12.1655250606 15.8113883008 16.4012194669 18.4390889146 19.2353840617 42.7200187266 44.0454310911 15.0 14.5602197786 26.5706605112 26.2488094968 12.3693168769 9.48683298051 12.5299640861 10.6301458127 10.6301458127 17.1172427686 9.21954445729 10.0 27.8028775489 26.3058928759 29.7321374946 24.0416305603 25.179356624 49.7393204618 51.0881590978 
343 102.0 17.0293863659 16.0312195419 28.0 18.0 48.0104155366 21.400934559 22.6715680975 16.4924225025 16.0312195419 56.0 30.4138126515 30.4138126515 35.8468966579 35.8468966579 9.48683298051 9.48683298051 12.7279220614 12.7279220614 19.4164878389 17.2046505341 45.7930125674 46.6476151588 13.3416640641 13.0384048104 23.3238075794 20.8086520467 15.1327459504 16.2788205961 13.152946438 16.2788205961 15.5563491861 16.0312195419 8.60232526704 8.60232526704 24.1867732449 23.0217288664 22.360679775 21.2132034356 20.3960780544 52.4976189936 52.6307894678 
345 89.8220462915 17.7200451467 18.1107702763 27.4590604355 19.4164878389 46.872166581 22.4722050542 24.0831891576 18.3575597507 20.0997512422 51.6236379966 28.0178514522 28.4604989415 33.7342555869 34.4093010682 9.43398113206 11.0453610172 12.8062484749 12.5299640861 19.4164878389 19.4164878389 47.759815745 46.8614980554 14.8660687473 17.0 23.769728648 26.1725046566 14.0356688476 15.8113883008 14.3178210633 17.0293863659 15.2315462117 20.0997512422 7.28010988928 8.60232526704 22.627416998 20.3960780544 21.9317121995 18.973665961 18.0 51.8941229813 50.2095608425 
420 100.04498988 16.0312195419 17.0293863659 29.0 18.0 48.0104155366 23.0217288664 24.4131112315 18.2482875909 19.2353840617 56.0089278598 26.1725046566 27.2029410175 31.9530906173 34.9857113691 8.94427191 10.7703296143 14.2126704036 14.2126704036 19.1049731745 22.6715680975 45.2769256907 45.4862616622 16.0312195419 17.4642491966 22.6715680975 26.4007575649 13.6014705087 16.9705627485 16.4924225025 17.691806013 13.6014705087 19.2353840617 8.48528137424 9.21954445729 24.5967477525 24.0831891576 27.4590604355 18.2482875909 26.0192236625 48.8262224629 52.3450093132 
429 99.0807751282 16.0312195419 16.0312195419 28.0713376952 21.0237960416 50.0399840128 20.0 19.7989898732 15.5241746963 15.1327459504 54.1479454827 29.1547594742 28.2842712475 36.7695526217 34.9284983931 12.0830459736 10.7703296143 17.2046505341 17.0293863659 20.8086520467 17.691806013 53.66563146 52.8393792545 13.8924439894 13.6014705087 25.495097568 24.4131112315 15.0332963784 13.6014705087 13.3416640641 13.4536240471 13.0 15.1327459504 11.313708499 10.0 29.6816441593 28.0713376952 27.7308492477 24.0208242989 19.0262975904 55.6057550978 53.8237865632 
433 98.3259884263 17.1172427686 17.0293863659 28.1602556807 27.0739727414 54.083269132 15.6204993518 16.4012194669 12.2065556157 11.7046999107 51.2445119013 28.0178514522 27.0739727414 36.0555127546 34.885527085 14.3178210633 14.5602197786 19.1049731745 18.4390889146 18.0277563773 16.2788205961 50.0899191455 52.8015151298 10.8166538264 9.89949493661 26.3058928759 25.2982212813 15.0332963784 9.21954445729 13.152946438 7.81024967591 12.0830459736 11.7046999107 9.89949493661 10.6301458127 27.0185121722 25.3179778023 25.079872408 22.0227155455 19.1049731745 52.2015325446 53.0377224247 
