Leaf
352 105.233074649 20.0 21.2132034356 31.064449134 20.0997512422 51.1566222497 24.2074368738 26.0768096208 19.6468827044 20.2484567313 60.207972894 31.0483493925 30.1496268634 36.7151195014 36.4005494464 10.1980390272 10.7703296143 13.6014705087 13.4536240471 20.6155281281 22.803508502 54.918120871 54.2309874518 16.2788205961 16.4924225025 28.0178514522 28.1780056072 16.7630546142 17.0293863659 15.2970585408 17.0293863659 12.7279220614 20.2484567313 8.48528137424 9.43398113206 24.6981780705 24.3310501212 26.2488094968 22.0227155455 23.1948270095 60.3075451333 57.9827560573 
56 102.176318196 17.1172427686 17.1172427686 29.0172362571 21.0237960416 49.1629942131 20.6155281281 20.5182845287 14.5602197786 16.1245154966 57.0788927713 29.0688837075 29.6141857899 36.0555127546 37.1214223865 11.1803398875 11.7046999107 17.0293863659 15.6204993518 19.1049731745 22.6715680975 57.3846669416 55.9464029228 13.0384048104 13.0384048104 25.632011236 27.2946881279 14.0356688476 12.2065556157 15.1327459504 12.0415945788 13.0 16.1245154966 9.89949493661 11.313708499 26.0768096208 26.0192236625 27.2946881279 21.3775583264 24.0831891576 60.9015599143 61.400325732 
97 105.118980208 19.1049731745 19.2353840617 28.0713376952 21.0 54.0370243444 21.2602916255 21.6333076528 14.8660687473 16.5529453572 54.1479454827 31.2569992162 33.1360830516 38.6264158317 40.4969134626 11.1803398875 12.0830459736 15.5563491861 14.8660687473 17.691806013 22.360679775 49.4064773081 48.8773976394 11.0453610172 12.5299640861 21.9317121995 26.2488094968 13.3416640641 14.4222051019 15.0332963784 13.4536240471 14.1421356237 16.5529453572 7.07106781187 10.295630141 23.2594066992 22.360679775 25.4558441227 20.0997512422 27.2946881279 53.9073278878 56.639209034 
134 104.479663093 18.0 18.4390889146 25.179356624 21.0950231097 53.2353266168 24.8394846967 24.1867732449 19.1049731745 18.0277563773 53.2353266168 29.4278779391 30.0166620396 34.885527085 35.1710107901 11.1803398875 10.7703296143 15.5563491861 16.4012194669 18.4390889146 20.1246117975 49.6789693935 47.853944456 15.0332963784 15.5241746963 24.2074368738 24.5967477525 13.0 14.8660687473 13.152946438 15.8113883008 14.2126704036 18.0277563773 10.0 9.89949493661 25.079872408 25.3179778023 26.2488094968 25.0199920064 24.3310501212 56.7274184147 52.8015151298 
193 99.3227063667 16.2788205961 18.0277563773 26.1725046566 21.0950231097 47.1699056603 24.1867732449 24.7588368063 18.4390889146 19.0262975904 55.3263047745 29.0 28.4429253067 34.4818792991 34.0 10.7703296143 11.1803398875 17.4928556845 17.691806013 21.9317121995 21.0950231097 52.9244744896 52.4785670536 16.7630546142 16.0312195419 24.6981780705 25.495097568 14.1421356237 16.6433169771 13.0 15.5563491861 12.8062484749 19.0262975904 12.2065556157 12.5299640861 30.5286750449 30.1496268634 30.083217913 25.0 22.0 55.2177507691 55.4436651025 
275 108.295890965 19.1049731745 18.1107702763 27.2946881279 21.2132034356 56.5685424949 20.2484567313 21.2132034356 17.0 17.2626765016 53.3385414124 26.3058928759 25.079872408 34.0 28.231188427 12.6491106407 9.05538513814 15.0 15.0 26.4196896272 21.6333076528 55.0726792521 49.4064773081 15.6204993518 14.1421356237 30.6757233004 25.6124969497 18.1107702763 12.8062484749 10.8166538264 10.6301458127 16.2788205961 17.2626765016 11.6619037897 9.43398113206 31.4006369362 28.1602556807 29.1547594742 33.7342555869 16.0312195419 58.137767415 50.6063237155 
284 103.043680059 18.0 17.0293863659 29.0688837075 21.0237960416 48.0104155366 22.6715680975 20.591260282 17.2626765016 18.3847763109 54.083269132 27.1661554144 28.4429253067 33.6154726279 36.6742416418 10.7703296143 12.0830459736 16.9705627485 15.8113883008 16.6433169771 22.803508502 47.5078940809 48.3735464898 11.1803398875 13.4536240471 22.825424421 27.5136329844 12.3693168769 12.8062484749 17.0293863659 12.0415945788 10.8166538264 18.3847763109 8.0622577483 11.401754251 25.495097568 26.0768096208 27.4590604355 21.2132034356 25.0 52.0096144958 53.0754180389 
335 103.121287812 18.0277563773 17.0293863659 29.0688837075 19.0262975904 49.040799341 25.0 23.7065391823 19.2353840617 20.8806130178 55.0817574157 29.2745623366 30.5941170816 34.5398320783 37.5765884561 9.48683298051 10.7703296143 16.2788205961 13.8924439894 17.2046505341 23.8537208838 46.6476151588 48.8773976394 17.0 17.4642491966 24.0831891576 28.3019433962 13.0 16.9705627485 17.2626765016 16.4012194669 15.0 20.8806130178 8.0622577483 11.401754251 25.495097568 25.0199920064 26.0768096208 22.2036033112 24.1867732449 53.2634959423 55.3172667438 
464 110.040901487 20.0 19.0262975904 27.0185121722 21.0237960416 52.0096144958 22.627416998 22.6715680975 16.4924225025 16.4924225025 58.0344725142 23.3452350599 23.0867927612 29.1547594742 28.6356421266 11.1803398875 10.4403065089 14.8660687473 14.8660687473 23.3452350599 22.6715680975 51.3127664427 50.1198563446 14.3178210633 14.3178210633 26.9258240357 25.5538646784 14.8660687473 14.2126704036 13.6014705087 14.1421356237 13.416407865 16.4924225025 9.89949493661 9.89949493661 29.5296461205 28.0178514522 30.5286750449 27.4590604355 23.0867927612 53.8144961883 51.2249938995 
466 104.0 19.0 18.0277563773 30.0166620396 29.0172362571 50.0 30.4138126515 30.0166620396 27.4590604355 27.1661554144 59.0 29.0 29.0172362571 34.9284983931 36.6742416418 14.3178210633 15.5241746963 19.8494332413 19.7989898732 20.1246117975 22.4722050542 52.7730992078 53.712196008 23.5372045919 22.5610283454 33.2415402772 32.5269119346 16.1554944214 19.7230829233 15.8113883008 19.7230829233 15.8113883008 27.1661554144 9.43398113206 12.0415945788 31.7647603485 31.0 31.7647603485 25.0 23.0 55.6057550978 55.6057550978 
482 95.0368349641 17.2626765016 20.0249843945 27.1661554144 27.2946881279 52.4690384894 24.5967477525 24.2074368738 19.9248588452 20.6155281281 53.3385414124 26.9258240357 27.892651362 32.3882694814 36.4005494464 13.416407865 15.1327459504 19.2093727123 18.6010752377 18.6010752377 22.803508502 51.4781507049 50.6063237155 16.4924225025 16.7630546142 24.6981780705 30.2324329157 11.401754251 14.7648230602 17.0880074906 14.8660687473 13.0 20.6155281281 9.89949493661 11.401754251 21.0950231097 22.0 26.0768096208 12.8062484749 26.3058928759 54.7813836992 56.0802995712 
