Leaf
308 84.0238061504 13.0 14.0356688476 24.0 17.0293863659 36.0 21.6333076528 20.8086520467 18.0277563773 18.1107702763 48.0104155366 24.0208242989 25.7099202644 30.3644529014 32.6496554346 9.43398113206 9.8488578018 16.1245154966 15.8113883008 20.6155281281 21.0950231097 38.4837628098 40.3112887415 16.0312195419 15.1327459504 21.2602916255 22.627416998 10.7703296143 15.0 14.5602197786 16.2788205961 10.6301458127 18.1107702763 9.43398113206 10.0 25.5538646784 24.0 26.0768096208 20.8806130178 28.1602556807 45.2769256907 49.5176736126 
7 94.0212741883 15.0332963784 16.1245154966 26.0192236625 17.0293863659 39.0128184063 19.1049731745 21.0950231097 15.1327459504 16.7630546142 50.2493781056 26.0768096208 26.9258240357 30.3644529014 34.4818792991 7.61577310586 10.7703296143 15.0 15.2643375225 16.1554944214 21.9317121995 39.8120584748 43.0464865001 11.0 15.6524758425 19.2093727123 25.9422435421 10.7703296143 12.2065556157 16.2788205961 14.2126704036 11.313708499 16.7630546142 8.54400374532 11.313708499 22.360679775 22.0227155455 24.1867732449 18.0277563773 27.0185121722 46.1410879802 51.6623654124 
22 96.0 16.0 16.0 23.0 18.0 39.0512483795 21.2602916255 21.2602916255 16.1245154966 16.1245154966 51.0 22.0907220344 22.2036033112 27.3130005675 27.7308492477 9.48683298051 9.48683298051 15.0 15.0 20.2484567313 21.4709105536 43.382023927 42.0594816896 13.0 13.416407865 24.1867732449 25.0599281723 11.7046999107 10.0 12.6491106407 10.0 13.0 16.1245154966 10.0 9.43398113206 32.6955654485 32.0 33.6154726279 26.3058928759 26.1725046566 45.9673797382 46.6690475583 
29 88.955044826 14.0356688476 13.3416640641 26.3058928759 19.2353840617 37.6563407675 21.9317121995 21.9544984001 16.1245154966 16.1245154966 53.600373133 27.6586333719 28.0178514522 33.1209903234 34.4818792991 10.1980390272 10.295630141 16.2788205961 15.6524758425 15.8113883008 17.0293863659 38.6005181312 40.4969134626 16.0 16.1554944214 22.0227155455 22.4722050542 13.0 16.2788205961 14.0356688476 16.1245154966 10.1980390272 16.1245154966 9.48683298051 9.89949493661 26.5706605112 25.3179778023 27.0185121722 22.0907220344 25.495097568 45.9673797382 46.872166581 
126 94.0478601564 14.3178210633 16.2788205961 23.1948270095 19.2353840617 40.0249921924 19.2093727123 19.2353840617 15.0332963784 15.6524758425 47.6759897642 26.1725046566 26.0192236625 29.9666481275 31.6227766017 10.0498756211 9.8488578018 17.0293863659 15.2315462117 17.1172427686 21.0950231097 44.9444101085 49.3355855342 12.0415945788 14.4222051019 19.8494332413 25.632011236 8.94427191 12.0415945788 15.0332963784 13.0384048104 9.43398113206 15.6524758425 10.1980390272 11.313708499 30.5941170816 30.5941170816 33.0151480384 16.0312195419 31.5753068077 46.4004310325 50.3289181286 
133 96.0208310733 16.0312195419 16.0 24.0208242989 20.0 39.0128184063 22.2036033112 23.8537208838 17.2626765016 20.2237484162 50.0099990002 25.0199920064 24.5153013443 29.1204395571 31.384709653 9.48683298051 11.401754251 14.2126704036 15.5563491861 17.0 19.4164878389 41.2310562562 43.5660418216 16.2788205961 19.6468827044 24.2074368738 28.319604517 10.7703296143 13.8924439894 14.8660687473 16.6433169771 10.6301458127 20.2237484162 8.60232526704 9.21954445729 24.1867732449 24.0 26.4196896272 21.3775583264 31.064449134 46.3249392876 53.2634959423 
137 100.717426496 16.0312195419 16.1245154966 26.1725046566 18.0277563773 42.2965719651 19.8494332413 20.1246117975 16.2788205961 17.4642491966 48.3735464898 23.5372045919 25.179356624 28.6530975638 30.4630924235 9.21954445729 9.48683298051 14.8660687473 13.0384048104 18.3847763109 21.400934559 43.8292140016 44.3846820423 13.0384048104 14.4222051019 22.0227155455 26.0 10.7703296143 12.7279220614 16.0312195419 13.6014705087 12.7279220614 17.4642491966 8.0622577483 10.0 22.803508502 23.5372045919 26.4007575649 21.0237960416 29.0172362571 48.795491595 51.6623654124 
167 89.5600357302 15.1327459504 14.0356688476 22.0227155455 19.0262975904 39.0512483795 20.6155281281 21.4709105536 18.1107702763 18.4390889146 45.1774279923 24.5153013443 24.0831891576 30.886890423 28.8617393793 10.4403065089 9.8488578018 14.1421356237 14.2126704036 20.0 17.0 46.3249392876 43.3243580449 14.8660687473 15.2315462117 25.6124969497 23.8537208838 13.9283882772 12.0415945788 9.8488578018 10.4403065089 13.8924439894 18.4390889146 8.48528137424 7.81024967591 26.9258240357 26.1725046566 27.4590604355 23.769728648 21.3775583264 47.4236228055 47.8852795753 
178 93.0215028905 16.0312195419 17.0 25.0199920064 21.0237960416 43.1045241245 21.6333076528 22.4722050542 19.4164878389 19.6468827044 49.040799341 25.0199920064 25.179356624 29.1547594742 31.304951685 10.1980390272 11.401754251 17.691806013 16.6433169771 25.9615099715 27.4590604355 44.418464629 45.6179789118 15.8113883008 16.6433169771 26.4007575649 29.5296461205 11.7046999107 12.5299640861 14.3178210633 12.0830459736 10.6301458127 19.6468827044 10.7703296143 12.0415945788 23.2594066992 22.2036033112 24.0831891576 19.3132079158 26.4764045897 52.1536192416 53.4134814443 
205 100.079968026 17.0 18.1107702763 29.0172362571 16.0312195419 42.1070065429 20.6155281281 21.6333076528 16.4924225025 17.0880074906 54.083269132 26.2488094968 25.495097568 30.5286750449 29.9666481275 8.0622577483 8.24621125124 12.7279220614 12.2065556157 18.8679622641 21.2602916255 37.4432904537 39.9624824054 13.3416640641 14.3178210633 23.8537208838 26.4007575649 14.8660687473 13.6014705087 15.5241746963 12.7279220614 14.1421356237 17.0880074906 8.0622577483 9.89949493661 23.3238075794 21.0237960416 24.4131112315 24.1867732449 24.0831891576 45.9673797382 47.4236228055 
213 93.0859817588 13.0384048104 15.0332963784 25.0199920064 19.0262975904 39.1152144312 20.5182845287 20.8086520467 16.0312195419 16.2788205961 51.0881590978 29.0688837075 29.2745623366 32.5729949498 35.3411940941 8.24621125124 11.401754251 17.0293863659 16.1245154966 19.4164878389 23.3452350599 40.718546143 45.6508488421 12.0415945788 13.8924439894 19.1049731745 24.5967477525 9.48683298051 12.0415945788 16.1245154966 13.4536240471 10.4403065089 16.2788205961 10.1980390272 12.7279220614 28.231188427 28.0178514522 30.0166620396 20.2484567313 28.0713376952 48.3735464898 53.8144961883 
222 96.0832971957 17.0293863659 17.0293863659 26.0 21.0 38.0131556175 21.400934559 20.2484567313 18.4390889146 17.0880074906 50.0 28.0713376952 28.1602556807 33.2415402772 34.0147027034 10.4403065089 11.401754251 17.0293863659 16.4012194669 20.8806130178 21.9544984001 42.5440947724 41.629316593 13.6014705087 14.7648230602 25.2388589282 26.83281573 12.6491106407 12.0415945788 14.5602197786 11.401754251 12.0415945788 17.0880074906 9.8488578018 10.0 29.1547594742 29.1547594742 31.064449134 20.8806130178 32.5576411922 49.0917508345 53.9073278878 
244 91.6624241442 17.0 18.4390889146 25.3179778023 19.2353840617 47.3814309619 23.4307490277 25.495097568 18.1107702763 20.2484567313 51.7880295049 24.5153013443 25.0199920064 30.886890423 32.5729949498 10.4403065089 10.8166538264 14.4222051019 13.0384048104 18.8679622641 22.2036033112 45.0 46.5188133985 15.0 16.1554944214 22.6715680975 26.4007575649 13.0384048104 13.6014705087 14.3178210633 14.4222051019 13.4536240471 20.2484567313 7.07106781187 9.48683298051 25.079872408 24.1867732449 25.8069758011 19.0262975904 20.0249843945 47.3814309619 47.2016948848 
250 93.9042065085 17.2626765016 17.0293863659 26.3058928759 18.1107702763 46.0977222865 22.8473193176 22.803508502 19.6977156036 19.2353840617 49.4974746831 27.0185121722 25.9615099715 32.5729949498 31.384709653 9.8488578018 9.21954445729 12.0415945788 12.2065556157 19.4164878389 16.9705627485 41.1825205639 42.0119030752 15.2315462117 15.1327459504 25.495097568 24.8394846967 13.152946438 13.8924439894 14.3178210633 14.2126704036 15.6524758425 19.2353840617 8.0622577483 7.07106781187 23.3452350599 20.2237484162 21.4709105536 21.9317121995 20.0997512422 49.9299509313 47.3814309619 
285 91.2688336728 15.0332963784 15.0332963784 24.1867732449 19.1049731745 34.3656805549 22.803508502 20.591260282 19.0262975904 17.7200451467 48.0936586256 26.6833281283 27.0185121722 33.1209903234 32.9848450049 10.4403065089 10.295630141 16.2788205961 14.7648230602 17.7200451467 17.2046505341 36.0555127546 37.6961536499 13.152946438 12.6491106407 22.0227155455 21.9544984001 12.6491106407 13.4536240471 12.0415945788 13.6014705087 13.4536240471 17.7200451467 7.61577310586 9.21954445729 23.7065391823 23.0867927612 23.8537208838 26.9258240357 22.4722050542 48.1040538832 46.6476151588 
390 94.0850678907 16.0312195419 17.1172427686 22.0907220344 19.0 40.049968789 19.8494332413 21.0237960416 14.3178210633 18.7882942281 44.4072066223 26.0 28.1602556807 30.083217913 34.0147027034 8.54400374532 11.401754251 13.4536240471 14.1421356237 14.7648230602 17.8044938148 42.0475920833 45.6508488421 12.3693168769 15.2643375225 21.9544984001 27.3130005675 9.48683298051 10.8166538264 13.0384048104 13.0 9.43398113206 18.7882942281 7.21110255093 9.43398113206 22.360679775 24.0208242989 25.2388589282 19.9248588452 28.0713376952 47.7074417675 53.7587202229 
465 91.0219753686 17.1172427686 17.2626765016 21.0237960416 17.0293863659 39.0128184063 20.8086520467 21.6333076528 15.8113883008 15.8113883008 45.0 27.1661554144 25.0199920064 31.384709653 29.4108823397 9.21954445729 8.54400374532 12.8062484749 14.2126704036 17.691806013 16.4012194669 39.8246155035 41.1825205639 12.3693168769 14.1421356237 22.360679775 21.9544984001 12.3693168769 12.7279220614 9.8488578018 12.2065556157 14.8660687473 15.8113883008 9.21954445729 8.60232526704 22.2036033112 20.0997512422 20.1246117975 26.6833281283 20.8806130178 51.7397332811 49.4064773081 
467 95.0473566176 16.0312195419 15.0 25.0199920064 21.0237960416 41.0121933088 22.2036033112 22.803508502 17.2626765016 18.0277563773 52.0096144958 25.0199920064 25.179356624 31.9530906173 32.2024843762 11.1803398875 11.7046999107 15.5563491861 14.1421356237 15.2643375225 17.691806013 39.3573373083 41.0487515035 13.3416640641 14.5602197786 22.4722050542 23.6008474424 12.1655250606 14.2126704036 13.3416640641 14.2126704036 11.313708499 18.0277563773 6.40312423743 8.60232526704 24.6981780705 23.0217288664 25.5538646784 21.3775583264 27.0185121722 45.8039299624 49.5176736126 
