Leaf
152 100.004999875 18.0277563773 18.0277563773 32.0 28.0178514522 45.0444225182 23.0217288664 22.2036033112 18.6815416923 17.7200451467 58.0086200491 30.0665927567 29.0688837075 40.3112887415 40.3112887415 15.6524758425 16.1245154966 19.7989898732 20.5182845287 16.5529453572 17.2046505341 42.7200187266 43.9089968002 14.3178210633 14.7648230602 26.83281573 27.7308492477 15.2970585408 13.4536240471 17.2626765016 14.1421356237 11.401754251 17.7200451467 8.48528137424 8.48528137424 27.7308492477 27.0185121722 29.1547594742 21.1896201004 26.4764045897 50.8035431835 53.2634959423 
10 106.004716876 17.0293863659 17.0293863659 27.0185121722 21.0237960416 46.0108682813 19.8494332413 19.2093727123 14.5602197786 14.8660687473 52.0096144958 28.1602556807 28.1602556807 34.9284983931 33.6154726279 11.7046999107 10.4403065089 14.8660687473 14.8660687473 16.2788205961 17.0293863659 47.0106370942 46.1410879802 11.7046999107 13.0 23.2594066992 24.5967477525 13.0384048104 13.4536240471 14.1421356237 13.4536240471 13.6014705087 14.8660687473 9.21954445729 8.60232526704 23.8537208838 23.0217288664 26.6270539114 26.3058928759 28.0713376952 54.6717477313 55.2268050859 
26 101.178060863 18.1107702763 17.0293863659 28.1602556807 21.0950231097 40.1123422403 20.0 20.5182845287 15.2315462117 14.3178210633 54.1479454827 31.1448230048 30.2654919008 37.3363094052 35.3411940941 10.7703296143 11.1803398875 16.4012194669 15.5563491861 20.0 18.3847763109 46.6154480832 45.6508488421 10.7703296143 12.3693168769 23.4093998214 22.825424421 15.0 14.8660687473 13.3416640641 13.4536240471 13.4536240471 14.3178210633 9.21954445729 10.8166538264 26.6270539114 26.0768096208 26.0 26.9258240357 25.7099202644 55.4707129934 56.2227711875 
46 103.121287812 17.0293863659 17.1172427686 27.0739727414 24.0208242989 47.0425339454 17.691806013 16.4012194669 11.7046999107 13.0384048104 50.0899191455 29.1547594742 30.0 36.2491379208 37.0 12.6491106407 13.0 16.2788205961 16.9705627485 15.6204993518 17.0293863659 48.5489443758 47.853944456 9.89949493661 10.0 24.7386337537 25.3179778023 13.0384048104 8.48528137424 14.0356688476 9.21954445729 12.3693168769 13.0384048104 8.48528137424 9.21954445729 25.0599281723 24.0831891576 25.8069758011 24.5153013443 25.9615099715 56.8506816142 57.4282160614 
81 100.0 15.0332963784 16.0 27.0185121722 24.0 48.0 16.9705627485 17.8044938148 13.3416640641 14.8660687473 50.0899191455 28.0713376952 29.0172362571 34.9284983931 35.4682957019 12.6491106407 12.6491106407 16.2788205961 16.2788205961 19.7989898732 17.2046505341 48.0208288142 47.0106370942 11.401754251 11.401754251 24.1660919472 24.6981780705 14.5602197786 8.60232526704 13.3416640641 8.48528137424 12.6491106407 14.8660687473 10.0 9.21954445729 27.4590604355 25.0 27.4590604355 24.1867732449 21.3775583264 54.0370243444 51.8652099196 
125 106.38138935 17.1172427686 17.1172427686 26.0768096208 23.1948270095 45.0998891351 18.6010752377 17.691806013 14.3178210633 14.5602197786 50.2493781056 29.0172362571 30.2654919008 35.4400902933 35.77708764 12.0830459736 12.1655250606 18.6010752377 16.9705627485 18.4390889146 17.2046505341 39.8246155035 41.2310562562 10.6301458127 10.6301458127 24.7386337537 26.0 14.0356688476 9.89949493661 12.3693168769 7.07106781187 13.8924439894 14.5602197786 10.8166538264 11.6619037897 27.0185121722 24.1867732449 26.4196896272 29.1204395571 28.4429253067 51.8555686499 52.3450093132 
161 107.079409785 17.1172427686 16.2788205961 26.4764045897 20.2237484162 42.7551166529 19.4164878389 19.2353840617 13.0384048104 15.6524758425 52.172789843 28.1602556807 29.0688837075 34.6698716467 34.7131099154 11.1803398875 10.295630141 16.4012194669 14.7648230602 16.5529453572 18.0277563773 43.4165866922 44.598206242 9.48683298051 11.313708499 22.825424421 24.5153013443 12.3693168769 10.8166538264 14.1421356237 11.6619037897 12.6491106407 15.6524758425 8.0622577483 10.295630141 26.5706605112 26.3058928759 27.0185121722 27.0185121722 29.1204395571 53.2634959423 54.083269132 
166 92.7200086281 17.1172427686 17.7200451467 23.0867927612 23.5372045919 45.607017004 20.591260282 17.88854382 12.0415945788 14.2126704036 49.7292670366 26.4764045897 28.6356421266 32.7566787083 35.3553390593 12.1655250606 13.0384048104 18.6010752377 17.88854382 19.4164878389 20.8086520467 46.8614980554 50.0 11.0 12.8062484749 21.400934559 27.1661554144 10.0 9.43398113206 14.0356688476 9.8488578018 10.0 14.2126704036 9.48683298051 10.0 28.4604989415 27.6586333719 29.7321374946 20.2237484162 23.5372045919 48.1040538832 53.2259335287 
215 98.2496819333 16.0 16.1245154966 24.0831891576 21.0950231097 43.1856457634 17.0293863659 16.2788205961 11.401754251 11.1803398875 48.0936586256 30.2654919008 30.0166620396 36.2491379208 36.1386219992 11.401754251 11.1803398875 16.2788205961 17.2046505341 18.6010752377 17.0293863659 43.8292140016 43.8634243989 9.43398113206 8.60232526704 22.4722050542 21.5870331449 13.152946438 10.0 11.0 9.21954445729 12.6491106407 11.1803398875 10.0 9.21954445729 29.5465734054 29.0172362571 28.6530975638 25.179356624 25.2982212813 52.3259018078 52.697248505 
236 96.0052081921 17.0293863659 17.1172427686 24.0208242989 20.0249843945 45.0 19.7989898732 18.3847763109 13.3416640641 11.7046999107 51.0 28.0 28.2842712475 33.2415402772 36.2491379208 9.8488578018 12.0830459736 16.4012194669 17.2046505341 16.4012194669 20.5182845287 45.6179789118 48.0208288142 11.0453610172 12.0830459736 20.591260282 23.769728648 10.1980390272 12.7279220614 14.0356688476 13.4536240471 10.295630141 11.7046999107 8.60232526704 10.6301458127 28.1780056072 27.0185121722 28.1780056072 20.0997512422 26.0192236625 49.6487663492 53.0377224247 
264 97.1287804927 16.0312195419 16.0312195419 26.0192236625 22.0227155455 41.1096095822 21.2602916255 22.2036033112 17.1172427686 17.2626765016 53.0848377599 30.0665927567 30.0665927567 36.0555127546 37.6961536499 10.7703296143 13.0 16.2788205961 17.0293863659 15.6524758425 16.9705627485 42.7200187266 42.9534631898 13.0384048104 13.6014705087 22.0227155455 23.3238075794 11.401754251 14.1421356237 15.1327459504 15.5563491861 13.4536240471 17.2626765016 8.94427191 9.89949493661 29.7321374946 30.2654919008 32.7566787083 20.2484567313 30.2654919008 49.6487663492 53.9073278878 
316 98.3259884263 16.1245154966 15.0332963784 28.1602556807 19.1049731745 41.1096095822 19.1049731745 18.0277563773 15.1327459504 14.8660687473 52.2398315464 28.6356421266 29.1547594742 34.885527085 36.0555127546 10.4403065089 10.295630141 14.8660687473 14.4222051019 16.4012194669 16.9705627485 45.2769256907 45.6946386352 13.8924439894 14.1421356237 26.9258240357 26.5706605112 14.5602197786 10.6301458127 14.0356688476 9.8488578018 12.1655250606 14.8660687473 9.21954445729 9.21954445729 27.3130005675 26.0192236625 27.2946881279 24.0 25.079872408 51.6623654124 52.2015325446 
354 99.4082491547 16.0312195419 16.1245154966 25.079872408 23.0867927612 45.0998891351 20.0 21.9317121995 17.4642491966 19.3132079158 46.389654019 28.1602556807 28.0178514522 34.4383507154 34.4818792991 12.3693168769 12.0830459736 15.6204993518 16.2788205961 17.4928556845 19.1049731745 42.201895692 42.0594816896 14.5602197786 15.2315462117 25.0 25.0599281723 13.0 12.0415945788 13.3416640641 13.0384048104 10.6301458127 19.3132079158 8.48528137424 8.60232526704 26.4007575649 25.179356624 28.0178514522 24.0 26.1725046566 48.1040538832 50.3289181286 
394 94.0053189984 17.0293863659 17.0293863659 25.079872408 23.0 49.0 19.1049731745 17.8044938148 13.6014705087 14.3178210633 49.040799341 26.0768096208 28.0 33.1058907145 33.8378486314 12.6491106407 11.7046999107 16.2788205961 15.5563491861 18.4390889146 19.7989898732 51.4781507049 51.0 13.0 11.401754251 24.5967477525 25.2982212813 12.3693168769 11.401754251 13.0384048104 10.0 10.7703296143 14.3178210633 8.60232526704 9.21954445729 29.0688837075 29.0172362571 30.886890423 18.0277563773 22.0227155455 51.8652099196 52.8015151298 
397 101.019800039 16.0 18.0 24.0 21.0 44.0 19.7989898732 18.3847763109 14.1421356237 13.9283882772 51.0098029794 26.0 26.1725046566 31.3209195267 33.5410196625 9.8488578018 12.6491106407 15.6204993518 13.4536240471 13.8924439894 20.0 47.4130783645 47.4130783645 9.05538513814 10.0 19.2353840617 25.2982212813 9.21954445729 10.6301458127 15.1327459504 10.8166538264 10.295630141 13.9283882772 5.83095189485 10.295630141 25.079872408 26.1725046566 29.4108823397 19.1049731745 31.064449134 49.6487663492 54.4518135602 
450 103.0 17.0 18.0 25.0 22.0 45.0111097397 19.1049731745 19.1049731745 14.5602197786 14.8660687473 51.0 25.0199920064 25.079872408 31.384709653 31.7804971641 11.7046999107 11.7046999107 17.0293863659 17.0293863659 21.4709105536 22.2036033112 49.6588360717 51.8844870843 11.6619037897 12.5299640861 25.079872408 26.4007575649 12.6491106407 8.48528137424 13.6014705087 9.89949493661 12.5299640861 14.8660687473 10.0 10.6301458127 27.2946881279 27.0 27.7848879789 23.0867927612 28.0 53.8237865632 57.3846669416 
451 97.3242004848 17.0293863659 16.4924225025 24.3310501212 19.2353840617 39.4588393139 20.0 21.4709105536 13.0384048104 16.1554944214 51.1957029447 26.4764045897 27.0 30.886890423 32.2800247831 10.0498756211 9.8488578018 16.2788205961 15.6524758425 18.3847763109 19.1049731745 40.0 40.8533964316 12.0415945788 12.5299640861 22.2036033112 23.0867927612 12.0830459736 12.2065556157 13.0384048104 12.2065556157 10.1980390272 16.1554944214 10.7703296143 10.0 26.5706605112 26.1725046566 26.6270539114 26.0192236625 26.9258240357 48.4148737476 50.219518118 
487 99.0454441153 17.1172427686 17.0 26.0192236625 23.0217288664 43.1045241245 16.9705627485 14.8660687473 11.1803398875 13.0384048104 48.0416485979 29.0688837075 29.4278779391 34.9284983931 37.5898922584 11.1803398875 13.6014705087 15.5563491861 15.6204993518 11.6619037897 18.4390889146 44.598206242 48.0104155366 8.0622577483 14.2126704036 21.5870331449 29.4108823397 9.05538513814 7.81024967591 17.1172427686 9.21954445729 9.8488578018 13.0384048104 6.40312423743 9.43398113206 29.0688837075 29.0688837075 30.083217913 17.7200451467 29.0688837075 48.754486973 56.8506816142 
489 90.0888450364 15.0332963784 15.0332963784 24.0 21.0237960416 41.0121933088 21.400934559 22.803508502 18.1107702763 19.0262975904 51.0098029794 28.1602556807 29.6141857899 32.7566787083 36.235341864 10.7703296143 11.401754251 16.4012194669 16.2788205961 17.88854382 20.0 46.2385120868 48.3735464898 13.9283882772 16.1245154966 24.4131112315 27.4590604355 10.4403065089 11.1803398875 14.3178210633 12.5299640861 8.54400374532 19.0262975904 10.0 10.0 31.9530906173 33.0 33.6154726279 18.0277563773 26.6833281283 47.5078940809 50.2493781056 
