Leaf
258 114.070153853 17.2626765016 18.0277563773 27.0739727414 20.0997512422 36.1247837364 17.8044938148 17.691806013 12.5299640861 13.9283882772 51.1566222497 35.0142828 35.5105618091 41.2310562562 41.629316593 10.295630141 11.401754251 16.6433169771 16.2788205961 17.0 17.88854382 38.0131556175 36.3593179254 8.48528137424 10.6301458127 23.1948270095 27.2029410175 12.0 8.48528137424 15.1327459504 8.60232526704 12.2065556157 13.9283882772 8.60232526704 9.43398113206 20.8086520467 21.0237960416 24.8394846967 29.6816441593 40.8044115262 54.3783044973 59.4138031101 
44 108.166538264 18.0277563773 17.2626765016 27.0185121722 16.0312195419 31.1448230048 19.7989898732 18.6010752377 13.6014705087 13.416407865 52.038447325 36.8781778292 36.1247837364 40.718546143 39.2937654088 9.05538513814 7.28010988928 18.6010752377 16.7630546142 21.8403296678 21.0237960416 34.4818792991 35.8468966579 11.6619037897 11.401754251 25.632011236 24.7386337537 14.0356688476 12.0415945788 13.0 10.8166538264 13.6014705087 13.416407865 12.3693168769 13.416407865 23.8537208838 22.0227155455 21.9544984001 36.7695526217 35.8050275799 57.3149195236 59.6824932455 
8 106.301458127 18.0277563773 17.0293863659 25.0199920064 19.1049731745 33.1360830516 17.2046505341 17.2046505341 15.2643375225 11.401754251 49.2544414241 31.064449134 32.9848450049 35.5105618091 38.9486841883 8.94427191 11.1803398875 19.3132079158 20.0 21.0237960416 20.6155281281 39.8497176903 40.8166632639 11.313708499 9.8488578018 26.9258240357 23.2594066992 12.0415945788 8.0622577483 13.152946438 11.401754251 12.8062484749 11.401754251 13.416407865 13.6014705087 29.5296461205 30.0665927567 31.0161248385 29.9666481275 35.1710107901 54.2033209315 60.1082357086 
60 106.075444849 18.0277563773 17.1172427686 29.0172362571 17.0 34.0587727319 19.1049731745 17.8044938148 12.6491106407 13.416407865 54.0370243444 32.5576411922 33.5410196625 37.6961536499 39.0 8.54400374532 9.48683298051 17.2046505341 15.6524758425 19.3132079158 18.8679622641 34.9857113691 35.77708764 8.94427191 11.313708499 23.0867927612 25.7099202644 13.152946438 10.8166538264 16.0312195419 10.6301458127 13.0 13.416407865 10.4403065089 11.6619037897 25.0599281723 23.0217288664 25.2388589282 29.5465734054 35.1140997322 52.0096144958 55.3172667438 
91 106.301458127 15.0332963784 16.1245154966 25.079872408 20.0 32.0156211872 19.1049731745 17.88854382 15.1327459504 16.1245154966 46.1735855225 31.0161248385 33.2415402772 36.4005494464 39.9249295554 9.8488578018 11.7046999107 17.2046505341 17.2046505341 18.2482875909 19.2353840617 33.8378486314 31.7804971641 11.1803398875 14.8660687473 20.8086520467 27.5136329844 9.21954445729 11.401754251 16.0 12.5299640861 11.401754251 16.1245154966 9.48683298051 10.295630141 21.8403296678 23.769728648 28.319604517 26.0 41.9761837236 47.5078940809 54.5618914628 
93 99.2471662064 16.0312195419 16.1245154966 22.0 17.0 31.0 16.4012194669 16.4012194669 9.48683298051 12.5299640861 45.0998891351 32.14031736 32.0624390838 36.6878726557 36.6878726557 8.54400374532 9.48683298051 16.6433169771 16.1245154966 17.0880074906 17.88854382 33.8378486314 30.4630924235 5.83095189485 9.21954445729 19.4164878389 23.3452350599 10.0498756211 9.21954445729 12.0415945788 8.60232526704 12.0830459736 12.5299640861 10.7703296143 11.6619037897 19.6977156036 20.3960780544 23.3452350599 27.7848879789 38.9486841883 50.6063237155 55.6057550978 
95 103.004854255 15.0 15.0332963784 30.0166620396 20.0 34.0147027034 17.0293863659 17.8044938148 13.6014705087 13.6014705087 52.0 33.5410196625 32.2490309932 40.718546143 38.275318418 11.7046999107 9.8488578018 20.591260282 20.591260282 21.5406592285 19.9248588452 39.8120584748 40.718546143 10.8166538264 11.6619037897 22.8473193176 22.8473193176 16.0 13.4536240471 14.0356688476 12.0415945788 13.0384048104 13.6014705087 14.3178210633 13.3416640641 31.304951685 30.0166620396 30.4630924235 32.0156211872 28.1602556807 54.6717477313 53.0094331228 
115 103.121287812 16.0312195419 16.0 27.0739727414 18.1107702763 34.1320963318 17.2046505341 18.4390889146 14.3178210633 14.5602197786 49.040799341 30.2654919008 30.4138126515 35.4682957019 34.0147027034 9.48683298051 9.05538513814 18.3847763109 18.6010752377 19.2353840617 19.3132079158 37.6961536499 37.7359245282 9.21954445729 10.0 23.5372045919 23.4093998214 14.0356688476 8.60232526704 13.3416640641 8.60232526704 12.2065556157 14.5602197786 13.0 13.3416640641 27.4590604355 26.0192236625 29.0688837075 32.5729949498 31.5753068077 52.2015325446 53.0377224247 
162 113.004424692 20.2237484162 19.4164878389 27.0 22.0 41.0 15.5563491861 16.2788205961 12.0415945788 9.89949493661 50.0 29.1547594742 29.0688837075 36.7695526217 36.4005494464 12.0830459736 12.0830459736 14.2126704036 14.2126704036 13.4536240471 12.7279220614 37.4432904537 36.8917334914 9.21954445729 8.48528137424 27.1661554144 25.079872408 14.0 9.21954445729 13.0 9.21954445729 11.6619037897 9.89949493661 5.83095189485 6.7082039325 23.0217288664 22.0 23.6008474424 31.7804971641 32.0156211872 52.4022900263 51.6236379966 
267 103.310212467 18.0277563773 18.2482875909 27.0739727414 20.0997512422 41.1946598481 17.2046505341 17.8044938148 11.7046999107 13.0384048104 52.3450093132 31.4006369362 31.064449134 36.2491379208 37.0 10.1980390272 10.7703296143 17.0293863659 17.4928556845 17.4928556845 17.691806013 37.0135110466 37.5898922584 8.94427191 11.313708499 23.769728648 26.4764045897 13.3416640641 10.295630141 14.0356688476 9.21954445729 11.7046999107 13.0384048104 11.1803398875 10.8166538264 25.9422435421 24.0831891576 25.8069758011 25.079872408 27.8567765544 49.6789693935 50.6063237155 
296 105.0 18.1107702763 18.1107702763 28.0 25.0 36.0138862107 16.2788205961 18.4390889146 12.2065556157 13.416407865 51.0392006207 35.0570962859 35.0142828 44.598206242 43.965895874 14.7648230602 13.8924439894 19.2093727123 19.8494332413 17.4642491966 15.5241746963 38.5875627631 37.5765884561 7.21110255093 7.07106781187 24.0831891576 23.1948270095 15.0 9.8488578018 13.0 9.43398113206 10.295630141 13.416407865 9.21954445729 7.81024967591 23.7065391823 24.0208242989 24.6981780705 30.5286750449 32.2024843762 57.2013985843 55.8032257132 
318 94.3663075467 15.0332963784 17.2626765016 22.2036033112 20.0249843945 32.14031736 19.2093727123 19.2353840617 13.0 16.1245154966 46.6904701197 30.1496268634 32.0156211872 36.4005494464 38.0788655293 10.7703296143 11.1803398875 17.0293863659 16.6433169771 18.0277563773 19.4164878389 37.7359245282 37.0 9.0 11.401754251 18.0277563773 24.7386337537 8.24621125124 10.6301458127 14.0356688476 12.2065556157 9.8488578018 16.1245154966 8.94427191 9.21954445729 20.8806130178 23.769728648 26.9072480941 22.4722050542 37.6961536499 49.0917508345 57.8013840665 
330 103.004854255 16.0312195419 16.0 27.0185121722 17.0293863659 34.0587727319 21.2602916255 19.8494332413 15.1327459504 15.2970585408 54.0370243444 31.4006369362 31.4006369362 37.6961536499 36.4005494464 9.8488578018 8.54400374532 18.7882942281 18.3575597507 21.0237960416 21.5406592285 39.3573373083 36.6742416418 13.6014705087 13.9283882772 23.3238075794 24.6981780705 14.0356688476 15.6204993518 13.152946438 13.6014705087 14.7648230602 15.2970585408 12.0830459736 12.6491106407 23.3238075794 22.0227155455 25.0 29.7321374946 32.8937684068 54.2033209315 53.4134814443 
368 102.019605959 16.0312195419 17.0293863659 26.0192236625 16.0 33.0151480384 19.8494332413 19.2093727123 14.3178210633 14.8660687473 51.0098029794 29.1547594742 30.8058436015 33.5261092285 36.6742416418 7.61577310586 9.48683298051 16.6433169771 15.6524758425 13.9283882772 18.4390889146 36.2491379208 36.7151195014 11.7046999107 12.8062484749 22.360679775 26.5706605112 11.401754251 10.6301458127 15.1327459504 10.6301458127 11.6619037897 14.8660687473 9.48683298051 11.6619037897 26.0 27.0185121722 28.6530975638 27.2029410175 37.6563407675 48.4148737476 55.9732078766 
385 101.242283657 15.0332963784 16.1245154966 25.079872408 18.1107702763 32.2490309932 18.0277563773 17.691806013 14.8660687473 15.5241746963 47.1699056603 34.0147027034 34.5253530033 40.2616442784 39.9249295554 10.295630141 9.48683298051 17.4642491966 17.8044938148 19.2353840617 19.6468827044 35.3411940941 32.7566787083 12.2065556157 12.5299640861 23.769728648 25.5538646784 13.0384048104 10.8166538264 12.3693168769 10.0 12.2065556157 15.5241746963 11.401754251 10.7703296143 23.6008474424 22.0 24.6981780705 31.9061122671 35.8468966579 53.8516480713 55.2268050859 
405 100.717426496 16.0312195419 17.4642491966 26.1725046566 19.1049731745 36.2215405525 19.7989898732 21.4709105536 15.1327459504 16.5529453572 50.6359556047 30.5941170816 31.0161248385 35.3411940941 36.6878726557 9.21954445729 10.7703296143 14.8660687473 15.8113883008 16.7630546142 18.4390889146 37.2021504755 36.7695526217 12.1655250606 12.5299640861 22.2036033112 24.0416305603 12.3693168769 13.4536240471 14.0 13.6014705087 13.4536240471 16.5529453572 9.8488578018 9.89949493661 20.8806130178 21.5870331449 24.7588368063 22.1359436212 32.6955654485 48.1663783152 53.0094331228 
425 97.2522493313 14.0 14.0 27.0739727414 15.0332963784 33.0151480384 18.4390889146 15.8113883008 12.0 13.9283882772 50.0899191455 30.5941170816 31.5753068077 34.5398320783 36.7695526217 7.28010988928 8.54400374532 15.2643375225 15.6524758425 18.973665961 21.6333076528 39.8246155035 38.6264158317 9.21954445729 12.0415945788 18.3575597507 24.3515913238 11.0453610172 12.0415945788 16.0312195419 11.401754251 13.0 13.9283882772 10.7703296143 11.6619037897 26.5706605112 27.2946881279 29.6816441593 23.5372045919 30.8058436015 47.8016736109 52.0096144958 
428 97.2522493313 15.0 16.2788205961 25.079872408 22.0227155455 37.1214223865 13.6014705087 13.6014705087 8.94427191 11.313708499 44.283179651 28.0713376952 29.0172362571 34.5398320783 36.0555127546 11.7046999107 12.0830459736 15.5563491861 16.2788205961 14.3178210633 14.2126704036 36.6196668472 36.6742416418 6.40312423743 9.8488578018 19.6468827044 25.0199920064 10.0498756211 7.21110255093 15.0332963784 7.81024967591 10.7703296143 11.313708499 7.81024967591 7.81024967591 25.632011236 26.1725046566 28.8444102037 22.8473193176 31.3209195267 47.6340214553 51.8555686499 
432 99.1261822124 17.0293863659 17.0293863659 23.0217288664 18.0277563773 32.14031736 15.8113883008 16.2788205961 10.7703296143 11.1803398875 48.0936586256 30.4138126515 30.0 36.2491379208 34.9284983931 10.4403065089 8.94427191 15.6204993518 15.2643375225 16.1554944214 15.2643375225 36.7151195014 37.6961536499 8.60232526704 10.0 23.4093998214 24.0416305603 12.1655250606 8.60232526704 11.0453610172 8.60232526704 12.3693168769 11.1803398875 8.94427191 8.60232526704 29.9666481275 28.0 27.7308492477 32.2490309932 25.9615099715 50.931326313 47.4341649025 
