Leaf
219 96.0832971957 15.1327459504 17.1172427686 23.0217288664 21.0237960416 34.0147027034 19.1049731745 17.2046505341 12.1655250606 13.8924439894 46.0108682813 30.0166620396 30.1496268634 35.1710107901 35.8468966579 10.7703296143 11.401754251 18.8679622641 18.6010752377 18.2482875909 20.591260282 34.9857113691 33.1209903234 7.21110255093 12.8062484749 19.4164878389 27.6586333719 9.05538513814 8.60232526704 14.0 8.94427191 12.0830459736 13.8924439894 11.1803398875 11.1803398875 18.0277563773 19.6468827044 24.0416305603 23.4307490277 35.4682957019 49.7393204618 54.4885309033 
83 101.019800039 15.0332963784 15.0332963784 29.0172362571 19.0262975904 41.0121933088 16.9705627485 16.6433169771 13.3416640641 14.3178210633 50.0899191455 30.0665927567 31.0483493925 34.4818792991 38.9486841883 8.54400374532 11.7046999107 18.0277563773 18.3575597507 19.6977156036 22.803508502 38.5875627631 39.9624824054 10.295630141 13.4536240471 22.360679775 26.2488094968 11.401754251 8.48528137424 18.1107702763 10.6301458127 10.7703296143 14.3178210633 11.1803398875 12.8062484749 23.7065391823 23.1948270095 27.0185121722 21.9544984001 31.7804971641 48.8773976394 54.4518135602 
109 94.1912947145 15.0 16.0312195419 24.0831891576 18.1107702763 37.0135110466 16.2788205961 16.4012194669 11.401754251 13.416407865 46.1735855225 30.2654919008 30.0665927567 36.0555127546 37.947331922 8.94427191 11.6619037897 15.8113883008 17.4928556845 14.7648230602 18.4390889146 41.6773319683 40.3112887415 9.48683298051 10.6301458127 20.1246117975 24.0416305603 10.4403065089 9.21954445729 14.0356688476 9.89949493661 8.54400374532 13.416407865 8.0622577483 9.89949493661 24.6981780705 25.3179778023 27.2029410175 21.1896201004 32.0156211872 49.6487663492 54.6717477313 
140 97.7394495585 16.0 15.2970585408 24.0831891576 19.1049731745 35.2278299076 19.1049731745 17.88854382 13.152946438 14.7648230602 46.270941205 29.0688837075 29.1547594742 33.8378486314 36.4005494464 9.48683298051 11.1803398875 14.8660687473 15.8113883008 15.5241746963 17.691806013 34.6698716467 36.6742416418 9.48683298051 13.4536240471 21.0237960416 25.7099202644 9.48683298051 8.48528137424 15.0332963784 9.43398113206 11.1803398875 14.7648230602 8.94427191 9.89949493661 22.8473193176 21.2132034356 24.7588368063 18.7882942281 34.9284983931 44.1021541424 52.3450093132 
234 95.0841732361 16.0312195419 17.1172427686 25.0199920064 17.0293863659 32.0624390838 17.691806013 15.8113883008 12.6491106407 13.6014705087 46.0108682813 29.2745623366 29.2745623366 34.1760149813 35.4682957019 8.54400374532 9.8488578018 14.1421356237 13.0384048104 18.4390889146 20.2484567313 36.6742416418 38.4837628098 10.4403065089 10.8166538264 21.0237960416 24.0416305603 11.1803398875 11.313708499 14.0356688476 11.313708499 11.313708499 13.6014705087 6.7082039325 9.21954445729 21.4709105536 22.0227155455 23.8537208838 22.8473193176 29.8328677804 46.872166581 51.8555686499 
282 93.1933474021 17.0 16.2788205961 24.1867732449 18.2482875909 40.3112887415 19.7989898732 18.3575597507 14.3178210633 14.7648230602 47.2652091924 31.5753068077 31.0 35.3411940941 36.1386219992 9.05538513814 9.8488578018 15.6204993518 17.0 18.0277563773 17.691806013 40.2243707222 41.629316593 9.8488578018 11.401754251 22.8473193176 23.769728648 12.3693168769 10.0 12.0 10.295630141 13.0384048104 14.7648230602 11.1803398875 11.401754251 22.825424421 21.0237960416 20.8086520467 24.1660919472 22.360679775 53.4134814443 51.1077293567 
290 101.004950374 16.4924225025 17.0293863659 26.0 23.0217288664 37.0540146273 19.8494332413 18.4390889146 11.401754251 13.9283882772 51.0098029794 31.0 32.14031736 37.6430604494 39.0 12.0830459736 12.6491106407 18.4390889146 17.0293863659 12.6491106407 16.4012194669 38.0131556175 37.7359245282 7.61577310586 10.6301458127 19.2353840617 25.0 11.0 10.6301458127 15.0 11.313708499 12.8062484749 13.9283882772 8.94427191 10.6301458127 26.4196896272 26.0192236625 30.0166620396 25.5538646784 34.205262753 50.6063237155 56.5862174032 
312 89.1403387923 13.0384048104 14.0356688476 22.0227155455 19.0 35.0142828 19.1049731745 16.6433169771 13.0 13.9283882772 44.0113621693 28.0178514522 29.0688837075 34.7850542619 35.7351367704 11.1803398875 10.295630141 15.6204993518 15.0 12.5299640861 14.1421356237 40.7062648741 40.3112887415 10.0498756211 9.43398113206 16.6433169771 20.2484567313 9.05538513814 12.0415945788 13.0 11.313708499 10.295630141 13.9283882772 7.21110255093 7.81024967591 22.8473193176 24.0831891576 25.2388589282 21.8403296678 27.892651362 48.6004115209 51.4003891036 
327 98.5088828482 14.0356688476 15.2970585408 23.0867927612 19.1049731745 34.3656805549 14.8660687473 15.2643375225 11.401754251 12.2065556157 42.2965719651 31.4006369362 31.0161248385 36.2491379208 35.902646142 10.1980390272 9.8488578018 17.0293863659 17.0 17.4642491966 17.8044938148 37.7359245282 39.5600808897 8.60232526704 10.0 20.6155281281 23.1948270095 11.1803398875 7.81024967591 12.0 7.21110255093 12.0830459736 12.2065556157 10.7703296143 11.6619037897 27.3130005675 27.0739727414 28.3019433962 27.6586333719 29.8328677804 49.5176736126 50.8035431835 
337 100.244700608 16.0 16.1245154966 26.0192236625 17.1172427686 35.0142828 19.1049731745 18.8679622641 14.3178210633 15.2315462117 49.0917508345 32.3882694814 31.2569992162 37.3363094052 38.275318418 8.54400374532 10.295630141 17.4928556845 18.7882942281 18.0277563773 21.6333076528 38.0131556175 39.3573373083 11.1803398875 13.6014705087 23.2594066992 25.632011236 11.401754251 9.21954445729 15.1327459504 11.401754251 12.0830459736 15.2315462117 11.401754251 11.6619037897 25.9422435421 25.0199920064 26.9258240357 25.632011236 27.7308492477 49.6487663492 54.083269132 
338 95.0841732361 16.1245154966 18.2482875909 25.0 17.0 39.0 22.2036033112 22.4722050542 16.2788205961 17.0880074906 50.0099990002 30.1496268634 30.4138126515 35.1140997322 35.4682957019 9.48683298051 8.54400374532 12.0415945788 11.313708499 13.8924439894 19.2093727123 43.4165866922 42.0475920833 14.0 14.8660687473 20.0 25.495097568 12.1655250606 16.9705627485 13.152946438 14.4222051019 12.8062484749 17.0880074906 5.83095189485 7.21110255093 20.2484567313 22.360679775 25.6124969497 20.6155281281 28.6356421266 51.8652099196 54.0370243444 
342 89.0898422942 16.0 16.1245154966 27.0739727414 21.0237960416 38.0131556175 15.6204993518 15.6204993518 10.7703296143 11.6619037897 49.1629942131 27.2946881279 28.0713376952 33.5410196625 34.1760149813 11.401754251 10.7703296143 18.6010752377 18.8679622641 20.6155281281 21.0237960416 40.4969134626 38.4837628098 7.61577310586 8.60232526704 20.2484567313 21.5870331449 13.152946438 11.1803398875 14.0 11.401754251 10.8166538264 11.6619037897 12.0830459736 11.7046999107 24.1660919472 24.1867732449 25.8069758011 24.6981780705 29.5465734054 52.0096144958 53.8237865632 
