Leaf
370 99.0454441153 18.1107702763 17.0293863659 24.0 19.0 38.0 22.803508502 24.6981780705 16.4924225025 20.3960780544 51.0881590978 28.0178514522 28.6356421266 32.0156211872 34.885527085 9.48683298051 10.4403065089 14.8660687473 14.2126704036 15.6524758425 18.4390889146 40.3112887415 43.0464865001 16.1245154966 19.9248588452 24.4131112315 29.206163733 11.7046999107 15.0 13.6014705087 16.5529453572 10.8166538264 20.3960780544 8.0622577483 9.89949493661 25.5538646784 24.0208242989 25.9422435421 24.5153013443 28.0 48.8262224629 51.6236379966 
265 101.597244057 17.2626765016 18.1107702763 25.079872408 19.2353840617 37.483329628 22.360679775 21.2602916255 18.3847763109 18.4390889146 49.3659801888 28.0713376952 30.083217913 31.7804971641 34.1320963318 9.48683298051 10.0 13.0384048104 14.4222051019 22.825424421 24.0416305603 45.2216762184 43.5660418216 14.8660687473 15.8113883008 24.5967477525 28.6006992922 12.1655250606 13.8924439894 13.6014705087 13.6014705087 12.0415945788 18.4390889146 9.89949493661 8.94427191 26.9258240357 28.0713376952 30.4630924235 22.803508502 32.0624390838 50.1198563446 53.9073278878 
63 97.3293378175 17.1172427686 19.0 28.0178514522 20.0249843945 36.0138862107 17.2046505341 16.9705627485 13.8924439894 13.8924439894 50.0899191455 33.0151480384 33.7342555869 38.3275357935 40.249223595 9.8488578018 11.401754251 16.6433169771 17.0293863659 18.3847763109 19.2353840617 37.5765884561 38.5875627631 11.313708499 11.401754251 25.7099202644 28.8617393793 13.0384048104 8.60232526704 15.1327459504 7.81024967591 8.94427191 13.8924439894 10.295630141 10.295630141 27.7308492477 28.0178514522 31.7647603485 24.1867732449 29.1547594742 49.244289009 50.2095608425 
42 109.114618636 17.0 19.0262975904 27.0185121722 18.0 39.0128184063 22.803508502 21.9317121995 18.2482875909 17.4642491966 56.0089278598 28.0713376952 29.8328677804 31.6227766017 35.3553390593 8.24621125124 10.1980390272 16.1245154966 17.2046505341 18.3575597507 20.8086520467 37.5898922584 38.275318418 15.8113883008 16.5529453572 26.6270539114 30.5286750449 12.0830459736 11.6619037897 16.4924225025 14.2126704036 11.1803398875 17.4642491966 10.7703296143 11.1803398875 29.5465734054 28.0178514522 30.886890423 22.360679775 38.2099463491 45.0 52.4785670536 
136 105.546198416 16.0312195419 17.4642491966 24.3310501212 21.2132034356 42.2965719651 22.0227155455 21.4709105536 15.0332963784 16.5529453572 51.7880295049 29.2745623366 30.0166620396 34.9284983931 37.3630833845 10.4403065089 12.5299640861 16.2788205961 16.6433169771 16.1554944214 19.8494332413 44.1021541424 45.6946386352 13.0 15.8113883008 21.2602916255 27.5136329844 10.295630141 12.0415945788 15.0332963784 13.416407865 12.3693168769 16.5529453572 8.0622577483 10.8166538264 28.4604989415 28.2842712475 30.0 20.0997512422 34.7131099154 49.040799341 58.8982172905 
174 106.301458127 17.2626765016 18.0277563773 28.2842712475 17.2626765016 39.3192065027 22.825424421 20.5182845287 18.0277563773 16.4924225025 53.7587202229 31.2569992162 30.8058436015 37.947331922 35.77708764 9.43398113206 9.21954445729 17.88854382 15.8113883008 21.6333076528 22.360679775 40.3112887415 39.4081209905 13.0 13.0 23.769728648 26.4196896272 14.0356688476 14.2126704036 14.8660687473 11.401754251 14.2126704036 16.4924225025 10.8166538264 12.0830459736 25.0 24.0831891576 25.9422435421 28.7923600978 31.7804971641 52.4309069157 55.1724568965 
266 104.172933145 17.0293863659 17.0293863659 26.0192236625 21.0237960416 42.1070065429 22.6715680975 21.0950231097 18.1107702763 18.0277563773 52.038447325 30.2654919008 30.0166620396 37.1618083521 36.6878726557 11.7046999107 11.1803398875 18.6010752377 18.8679622641 21.0237960416 20.8086520467 40.0 39.3573373083 13.6014705087 14.4222051019 25.2388589282 27.3130005675 13.0 11.313708499 14.5602197786 10.0 13.0 18.0277563773 11.6619037897 10.8166538264 28.6356421266 27.1661554144 30.2324329157 25.495097568 29.6141857899 49.5176736126 51.0881590978 
358 98.0612053771 16.4924225025 16.2788205961 25.7099202644 21.3775583264 36.8781778292 21.2602916255 21.1896201004 18.0 19.2353840617 49.4772675074 28.6356421266 30.0665927567 33.1209903234 36.1386219992 10.0498756211 12.0830459736 17.0293863659 17.0 15.1327459504 17.0293863659 38.4187454246 39.8497176903 14.1421356237 15.6204993518 25.4558441227 27.5136329844 12.5299640861 12.0415945788 14.0 12.6491106407 11.1803398875 19.2353840617 9.05538513814 11.313708499 26.6833281283 26.6833281283 27.8028775489 24.0 28.6356421266 46.8614980554 49.4064773081 
480 104.479663093 18.1107702763 18.0 24.1867732449 16.1245154966 40.049968789 21.400934559 21.2602916255 15.8113883008 14.1421356237 53.3385414124 26.0768096208 25.7099202644 31.6227766017 30.4138126515 8.94427191 8.24621125124 14.7648230602 14.2126704036 23.6008474424 21.4709105536 38.0788655293 37.4432904537 13.416407865 13.3416640641 26.0 24.6981780705 13.3416640641 11.401754251 12.5299640861 10.6301458127 13.8924439894 14.1421356237 9.21954445729 10.0 28.3019433962 26.0192236625 29.0688837075 28.8617393793 27.0739727414 50.3289181286 47.3814309619 
