Leaf
110 94.0478601564 16.0 14.0 25.0199920064 19.0 41.0121933088 17.8044938148 18.4390889146 14.8660687473 14.1421356237 48.0104155366 25.3179778023 24.0831891576 31.304951685 29.1547594742 10.4403065089 9.48683298051 13.4536240471 14.1421356237 17.8044938148 14.4222051019 42.5440947724 41.1825205639 13.0384048104 12.6491106407 25.495097568 21.6333076528 14.1421356237 11.401754251 11.401754251 11.401754251 11.6619037897 14.1421356237 9.21954445729 7.81024967591 23.8537208838 21.0237960416 21.4709105536 27.0 17.1172427686 50.9116882454 44.4072066223 
76 93.2630687893 16.0 13.6014705087 24.1867732449 21.0950231097 28.4429253067 18.3847763109 20.591260282 13.3416640641 14.3178210633 47.6759897642 26.9258240357 27.2946881279 36.0555127546 33.2415402772 13.6014705087 10.0 17.691806013 17.4928556845 19.9248588452 16.0312195419 38.5875627631 38.8329756779 10.295630141 9.48683298051 22.8473193176 16.7630546142 15.2970585408 11.6619037897 9.0 10.8166538264 13.0 14.3178210633 10.0 7.61577310586 24.1867732449 21.0237960416 18.8679622641 39.3192065027 23.4307490277 59.6657355607 50.9215082259 
61 97.5141015443 16.1245154966 16.0312195419 22.0907220344 16.0312195419 31.0161248385 19.8494332413 20.0 15.0332963784 15.5241746963 49.2544414241 29.4278779391 30.0166620396 34.9284983931 34.9284983931 9.48683298051 8.0622577483 18.3575597507 18.3847763109 19.9248588452 21.0237960416 38.9101529167 38.6264158317 11.401754251 13.0 23.0217288664 23.7065391823 11.7046999107 10.6301458127 11.1803398875 11.6619037897 12.0830459736 15.5241746963 13.0 12.6491106407 27.3130005675 28.0178514522 28.6530975638 28.4429253067 28.7923600978 49.578221025 51.3127664427 
66 95.0052630121 17.0 14.0356688476 21.0 17.0 30.0 18.6010752377 19.1049731745 16.1554944214 15.0332963784 45.0111097397 29.4278779391 29.0172362571 35.3411940941 32.5576411922 10.4403065089 7.61577310586 18.0277563773 16.5529453572 19.2353840617 17.4642491966 37.1618083521 37.1618083521 12.8062484749 10.0498756211 26.9258240357 18.6010752377 14.1421356237 10.0 7.28010988928 10.0 11.6619037897 15.0332963784 13.0 11.401754251 31.064449134 28.1602556807 26.5706605112 38.3275357935 22.825424421 53.7587202229 47.8852795753 
106 96.0832971957 17.1172427686 17.0293863659 25.0 15.0332963784 42.0119030752 22.4722050542 20.0 17.7200451467 15.8113883008 49.0917508345 28.6356421266 27.2946881279 34.0147027034 32.8937684068 8.54400374532 8.0622577483 13.8924439894 15.2643375225 21.2132034356 19.2093727123 39.6610640301 39.4461658466 14.8660687473 13.152946438 25.0599281723 22.4722050542 14.3178210633 14.2126704036 11.401754251 13.4536240471 14.1421356237 15.8113883008 10.0 8.60232526704 23.6008474424 21.0237960416 21.6333076528 28.6356421266 21.5870331449 52.3259018078 45.607017004 
168 97.0051545022 17.0 15.0 25.0 19.0 36.0555127546 18.4390889146 18.4390889146 14.8660687473 14.3178210633 49.0 30.4138126515 30.0166620396 36.2491379208 34.4818792991 10.4403065089 9.48683298051 16.6433169771 17.2046505341 20.8086520467 15.8113883008 38.5875627631 38.4837628098 13.0384048104 11.401754251 26.4007575649 21.0950231097 15.1327459504 12.0415945788 10.1980390272 11.401754251 12.0830459736 14.3178210633 12.2065556157 10.7703296143 31.7647603485 28.0178514522 28.231188427 31.064449134 22.360679775 50.931326313 45.2216762184 
191 99.6092365195 18.4390889146 16.0312195419 24.3310501212 15.1327459504 33.2415402772 20.1246117975 20.5182845287 16.6433169771 15.0332963784 48.6621002424 29.8328677804 27.0739727414 35.3411940941 29.4108823397 8.54400374532 7.07106781187 18.3847763109 17.0 22.803508502 20.3960780544 36.2491379208 34.1320963318 14.2126704036 12.0 27.892651362 20.6155281281 17.0293863659 12.8062484749 8.60232526704 9.89949493661 13.4536240471 15.0332963784 13.0 13.3416640641 30.61045573 27.4590604355 25.9615099715 38.8329756779 20.1246117975 54.4518135602 43.2666153056 
259 92.3471710449 16.0312195419 15.0332963784 24.0208242989 18.0277563773 34.1320963318 18.3575597507 19.8494332413 16.5529453572 16.1245154966 46.0434577329 30.1496268634 30.1496268634 36.0555127546 35.1140997322 9.8488578018 9.48683298051 17.0 17.2046505341 20.0 18.4390889146 37.3363094052 38.275318418 14.8660687473 12.3693168769 27.8567765544 22.2036033112 15.2970585408 9.43398113206 9.8488578018 10.0 13.6014705087 16.1245154966 11.401754251 10.7703296143 27.8028775489 24.5153013443 24.0416305603 32.0156211872 19.6977156036 52.0096144958 47.4341649025 
274 103.392456205 18.1107702763 17.0 26.0 16.0312195419 35.0570962859 20.0 20.2484567313 18.973665961 18.0277563773 49.0102030194 27.5136329844 25.0199920064 32.4499614792 28.1602556807 9.05538513814 7.28010988928 14.2126704036 13.8924439894 22.825424421 20.6155281281 36.0555127546 35.3411940941 15.2643375225 15.2315462117 30.0166620396 26.9258240357 16.1554944214 9.89949493661 12.5299640861 9.43398113206 14.1421356237 18.0277563773 10.295630141 9.8488578018 28.6530975638 25.0 26.4196896272 37.1214223865 24.5153013443 50.7740090991 43.6004587132 
452 93.0215028905 16.0312195419 16.0 25.0 18.0277563773 36.0138862107 19.4164878389 22.6715680975 15.8113883008 17.0293863659 51.0098029794 30.1496268634 31.2569992162 35.4682957019 35.1140997322 10.4403065089 8.24621125124 18.7882942281 18.8679622641 21.4709105536 20.6155281281 35.77708764 36.8917334914 14.4222051019 14.3178210633 26.4007575649 23.6008474424 15.5241746963 10.6301458127 10.7703296143 12.2065556157 12.0830459736 17.0293863659 13.8924439894 13.6014705087 27.4590604355 25.079872408 26.0 29.8328677804 22.1359436212 48.9182992345 47.0106370942 
