Node
13 110.473368345 18.6465087504 17.7837566411 28.2036419469 23.435343704 47.6605613458 20.2736977974 20.684730774 15.946172774 14.9491646517 54.8275127978 32.395794264 31.8258545922 40.4057074439 38.1132999137 13.2755751032 11.9619377991 18.0903908045 18.1321505375 20.2098296502 17.5225051291 50.1049177296 49.2736255999 12.7094898707 11.6334672142 27.2555228333 23.9244674696 16.3993963656 13.035988769 12.1653170449 11.8831622074 14.588020855 14.9491646517 10.9727521326 9.76632937947 31.2571465719 29.1155874864 29.201388835 31.9982501343 24.2483856606 60.8198311797 56.2076673734 
2 100.609931584 17.5776286648 16.9436698765 25.4141493359 19.8428149947 35.6461616874 18.6984188303 18.8167291872 14.0103721967 13.9165550277 49.5559818808 31.8886051982 31.7504390439 37.8493679723 37.3212565016 10.8245386334 10.4380792783 17.2919557251 17.4085432968 18.6729572546 17.9519621294 35.2748669447 34.408506724 10.9477660335 11.1117419609 24.4709617174 23.3368227272 13.5860568887 11.4354925356 12.0158527892 11.0866876204 13.2249775742 13.9165550277 10.8771848192 10.685713131 23.2548105774 21.3390614394 22.8720595286 31.8378616106 29.6851475573 53.502358128 51.4304297067 
5 100.285319335 16.6781861422 16.720651394 25.531534718 21.2648913132 44.379636384 18.4982705409 18.2045420716 13.7811345811 13.9570693298 49.5782080054 28.3895653651 28.8380690683 35.0912401274 35.3179786076 11.4765450612 11.5069033103 15.9206056087 15.8852302545 17.8753448765 17.8466579848 45.3344655431 45.1223461307 10.9685125581 11.0157592532 23.6637428832 24.0187592781 13.0831945144 10.5706815922 12.9288107496 10.272644368 12.602406695 13.9570693298 9.21380215414 9.27982074532 25.7352264848 24.4413516653 26.4814567299 24.3375210603 24.7247417347 52.821965121 52.7548886574 
6 112.199591042 18.2626120879 17.4925302501 30.0410560146 22.7582688566 39.0651560816 20.9164401605 21.1576591379 17.4871293135 16.6346201918 54.9156064247 33.4529188974 33.0266397153 40.4884671844 39.2443051076 12.5077320128 11.5828416068 19.2953649103 18.9671400472 20.9202234644 20.5627406377 41.1040517782 40.8572201677 14.241696672 13.1413530766 28.3729170328 25.765711281 16.110177532 12.6486356529 14.2838186412 12.7906442334 15.0319132501 16.6346201918 11.5242077548 11.4646700899 28.0993197447 26.151340872 27.5265897243 35.9439034639 30.9674850968 58.8867811571 56.2023472094 
7 103.624485255 18.3542220539 18.4801142662 28.1035154124 22.0829646361 51.1691166765 23.6970469818 23.5982437968 18.5446941514 19.1620130389 55.7157294933 28.3472527253 28.679370748 34.490116957 35.216577075 11.4845663959 11.7740666256 16.4918789979 16.000289434 20.0110625148 22.2993827249 51.7368103501 50.9530088208 15.482474983 15.6652816843 26.0851880995 27.414057401 14.289629793 15.1319244448 14.8386936638 14.6996899665 13.7465679229 19.1620130389 9.51652636636 10.8230101996 26.7657457722 26.2230424531 27.8538403365 23.2669443968 23.5013120764 55.8794649961 55.1070480111 
12 112.293245131 18.5457736893 19.1433333935 29.4853875264 21.1197885455 42.3980686551 24.8644780714 25.0604576055 20.0122445533 20.6974351772 59.1892093489 29.7237979337 30.5719930623 34.8719011401 36.8494111469 10.376719549 11.5226816579 17.8396081563 18.0695148341 22.7953248584 24.0696959065 44.6961416308 45.2007411072 16.4929969236 17.8397404999 26.936064725 29.9727403855 13.5610491026 15.5314427512 17.1587725922 16.7162314433 14.0999806832 20.6974351772 11.6018656781 12.1561565387 32.9962814133 32.6058901159 35.5853823229 27.1723680218 35.2425494506 53.0084385082 57.1787147841 
15 103.156628533 18.6190498568 16.5215142895 26.0305355928 18.9158490505 36.2862598916 23.7756324162 23.5008118329 19.8280448676 18.8768659762 53.7847296393 33.0829395159 32.2484710574 40.0978057292 36.6928432966 11.0755897098 9.23887208017 18.8405154461 18.9066471965 23.7666922998 21.3844029277 41.5436039766 40.4453019822 17.5336987635 16.0232559143 30.1854889411 24.4829361614 16.9363755951 16.1601708595 9.99469328024 14.5261049905 15.0734838791 18.8768659762 12.7323660399 11.9979277409 32.6506717857 29.086710077 28.2256353816 38.5450739268 22.9063494266 58.1886981817 51.2826738975 
16 107.131841883 17.7345031137 18.4431538371 27.6558334049 22.3505402602 48.3382186196 21.5993194443 20.6480979524 15.0028238782 15.9644971552 54.7043971953 29.8559976701 30.7178476893 35.96628415 38.3677721381 11.3614033575 12.6653791024 17.07426025 16.2949105433 17.2311282903 21.6318650724 48.4357543374 49.924311973 11.4394138495 13.6539940275 22.6171271338 27.6321659851 11.5000051884 12.6370705893 16.5075750044 13.3538881844 12.4171232162 15.9644971552 8.74339657103 10.7036583095 26.8941650418 27.2142782369 29.3755998032 21.0078605501 30.2550248981 54.2643027327 59.595730297 
20 103.196935664 17.5696722977 17.4395007866 26.0984809942 21.2755626817 41.8332826806 18.9194382214 18.1695174622 14.1966429613 13.7935277102 50.9646990855 30.5561878836 30.4711656191 36.2139979913 36.9376399631 10.9992369936 11.5946979561 17.077746738 16.8529262037 19.1591487229 20.0393494656 45.8629423153 45.4874529378 11.3151385052 11.0683933306 24.8726428552 25.1553747783 12.9987301542 10.2028700645 13.4989545822 10.0051541988 12.1805952003 13.7935277102 9.81066753831 10.5027255378 32.8092717969 31.5631718408 32.8877582906 26.5581693714 28.184060468 54.3264696542 53.4658395443 
27 96.2758406217 17.4114887465 17.2064728688 27.1273475563 19.3927365124 45.7439833415 21.1944706553 21.6402135465 16.6094069369 16.6839143375 51.9528742241 28.6267668899 28.4959865699 34.6165692436 34.315063889 10.3550318356 10.2233599873 14.028813386 14.1135727745 18.9166823446 18.2749091263 45.7191084345 45.5225555211 13.1714036566 13.373183986 23.9559014875 23.6702485764 14.2997372421 14.0972628973 13.4020029385 13.9904732022 13.9012908873 16.6839143375 8.64903556861 8.58816358084 23.2152089267 21.5608037526 22.5570716363 22.4552820744 20.9462307937 52.6270306463 51.2359554224 
34 105.697017689 16.880859302 17.9054898989 27.0100158451 20.8272417236 39.1377039802 19.7482545933 18.8017056206 14.4719572501 15.4325195313 51.5384820608 31.354104073 31.649906579 37.1258284807 38.8256552216 10.2282560614 12.1908469341 17.7289061025 17.4018733808 18.7376905256 20.8844487302 40.860713665 41.0652643973 11.7045704592 14.1929134631 23.752857948 28.6024763168 11.5721933789 10.4745775741 15.9414051809 10.8156797795 11.5814395089 15.4325195313 9.86086098113 11.4690725808 26.79766928 26.785549879 29.963366871 24.55273333 35.3797218924 50.867981062 56.9657930357 
35 99.3667190205 16.5864066808 17.3240336686 25.842644786 22.3420947243 42.9952485726 19.8634694467 19.5898907317 14.6543620496 15.309082955 50.5829912583 28.9124999529 29.0100561418 35.3133467234 36.6685351713 11.430584525 12.8223050891 16.6671419521 16.3213770201 14.450651259 17.782254262 44.0300266491 44.6136344241 11.0552469638 12.8073405347 21.9867801352 25.7248232455 11.2914030829 11.5863967724 14.9266644351 12.2069310292 11.8392953699 15.309082955 7.78858849461 9.53385076104 26.437544599 26.7146049488 28.8356137756 21.217772487 28.170671588 50.5151600688 54.0268457216 
37 108.330227855 18.334180979 17.791314122 28.0119772288 21.1880824498 45.9600161059 23.0862958033 23.2451461268 18.1325820897 17.5361264346 56.3435909334 31.1023929263 30.3917712583 37.7202179956 35.921244875 11.6757383316 10.6853888728 16.0559011209 16.523321946 21.2374925532 18.8783895853 47.4794360738 45.9748166934 15.1323666857 14.4665802766 27.1509302456 24.370245014 15.8538822946 15.289105835 12.8029376851 14.9164810995 15.1829427948 17.5361264346 10.7553424372 9.55380264335 28.8897232582 27.1600540038 27.7943315604 30.1416244334 24.6864870404 57.8845355655 54.0905603882 
42 105.432300255 16.9711178972 16.9913596936 27.0537720822 20.2228236997 34.7029590262 18.777973911 18.7641065952 14.0793377306 14.1401722911 50.9052696622 33.380635099 33.6936960426 39.5117886367 39.6493204581 10.8606088894 10.8514968648 18.7564565261 18.3485269378 18.9213101188 18.9074288757 37.2300332171 37.1280811278 10.4047899888 11.1545564456 23.6695107435 24.6333661335 13.0947332563 11.095078063 14.0619080498 11.1154310929 12.684994682 14.1401722911 11.3146431983 11.5736819882 25.622968833 24.8549304355 27.0730416926 31.3160910266 34.5650142066 54.3371101795 56.3822045948 
45 99.1943735926 16.7100536657 15.6376175325 25.7946010199 22.2174214157 40.4282701302 19.3647723889 19.674051749 14.9707360476 14.4146401045 50.2723948846 30.214526316 30.0355395519 38.2545324605 35.4567627195 12.930005414 11.0328876288 17.0369369371 17.117591954 19.0279047405 14.761050039 44.9903574874 43.3828557833 12.1897697737 11.0484952652 24.6913824035 20.6927053217 15.6401740442 13.2701001726 10.3380022998 11.8789757638 14.3697943332 14.4146401045 10.1426552751 8.36551443754 28.6144036232 26.3946392161 25.9667161578 31.7448014197 22.1625509985 57.6712843331 51.3181221971 
46 98.7855108728 17.0277183459 17.3126550968 26.9191041549 23.230826659 49.7710337467 19.9787899111 19.8139331729 15.0731629005 15.0376524286 53.1712294469 26.2498292249 26.5022716222 33.3489275658 33.4285097352 12.3080283354 12.492645355 17.3332224026 16.6561344814 19.4270148905 20.1067101563 49.8012597207 50.6361959561 12.7781900393 12.8027702079 24.8634229558 25.4983972032 13.8051576745 11.9632576832 13.7703246926 11.4808480894 11.8464266909 15.0376524286 9.52361532392 10.3472554294 27.9735638585 26.7957394786 27.9317778712 20.961135037 21.6128421802 52.6035171405 53.1600858535 
47 103.377601696 17.8857919065 17.0597802017 27.8768742512 20.8566562021 40.3369265021 20.6505429866 20.200490355 16.0334619243 14.7046565199 53.7471004203 33.6349639327 32.963640919 40.3823560883 38.8311208249 11.7303352363 10.6135372559 17.7415963475 18.0934616231 19.0671730115 17.561934272 41.837726833 41.664127305 12.0175469825 11.2971520888 25.0311985524 22.9130003033 15.5212791622 13.8183086483 12.5074432393 12.7436718626 13.902812673 14.7046565199 11.0841660131 10.7257572016 29.5737162117 27.2466437831 28.0884666474 31.0773256385 25.3759901615 56.9650838516 53.2047447037 
50 103.65253903 17.4290142138 17.4181479259 27.1268018762 21.5952136074 44.4709073922 20.1008522544 20.0224880893 15.3437343076 15.2542064694 53.1838332635 29.3337803336 29.3695903142 35.4704212613 35.3518520179 11.3747171248 11.4100831409 17.8056759805 17.7295327109 20.5786142821 20.2678219123 45.4903476753 45.5976987696 13.0837277842 12.7152583723 25.8983796061 25.5981920332 14.0635749249 11.567517344 13.7161420364 11.490560145 12.633485704 15.2542064694 11.1682728821 11.6582933342 29.5945367979 28.0108710815 29.3452621395 26.3940509642 25.5431331808 53.585151813 52.8888209229 
