Node
21 79.5891497623 13.3894715993 14.882896731 19.5622614624 14.4390751355 29.8983239577 19.4648171845 18.5055705318 16.4466244506 15.7178005274 39.9265620596 24.2926858344 25.3698004593 26.9230966456 29.9612423597 6.82319186631 8.15686435017 11.8645407089 12.0266760416 16.2575624759 18.4662142793 29.0894724201 31.6521950435 12.7140452079 13.5646901404 19.5762724414 23.7042519289 8.08437569042 10.8757131755 12.5116139792 11.5284105768 10.7100808711 15.7178005274 7.6396531285 8.77405018122 22.5678185716 22.4160159077 24.2878599559 16.9433089216 28.2598230876 37.304743318 44.4463239651 
1 94.8627726076 15.3576797775 16.7726042301 22.6332344791 16.2848740218 32.1549522421 22.6127772726 21.9389233181 18.5356948372 18.5139705204 48.8772487617 24.4604564673 25.5204693033 27.6347400632 30.4037259849 7.7884165016 9.0716425715 15.2564542784 15.9127370412 21.2330187304 22.1479356303 34.7938947013 34.8584931919 15.5053598423 16.7535559276 23.4501004711 27.6096605151 10.0814658606 12.8065820143 14.4403000922 13.5156130103 11.8459344371 18.5139705204 10.9250939172 11.2141478014 25.317830342 25.3101625441 28.2535996353 21.6694791046 34.0700299982 42.46231786 48.5015497812 
8 93.932258022 16.5541490384 15.3442628238 24.138251516 18.6192468075 38.41651548 19.0877683644 19.6596871804 15.2753952239 14.3472110927 47.9138453124 27.8584644559 26.8533774564 34.4858739136 31.7567211967 10.8642127659 9.14120437456 15.3930761618 15.6660419145 19.3395893773 16.1639038449 41.0873695196 40.5262546639 13.1071317159 11.7351967017 25.2156205417 20.3691615588 14.9372300622 12.1294960108 9.81020514692 11.5452486371 12.8660682127 14.3472110927 10.1697525342 8.52891620009 26.6248677774 23.7227024862 23.3790618769 30.9165414614 20.0917114312 54.0194550669 47.612556045 
11 101.102216346 16.3910346712 17.0841799053 26.4376931254 18.2024884103 36.1139434779 20.5397470843 20.8183735213 15.4144631362 16.8012866863 50.9230069643 29.1354052303 29.9185906264 33.8977289199 35.7835762571 8.9242418425 10.2912860754 16.0675958597 15.8726689912 17.3647217852 19.811365075 35.3481536436 35.6089511053 12.3706264132 13.9754194065 22.7131447025 26.3499794743 11.5793924233 11.7179523364 15.5201884333 12.5632233661 12.6950990843 16.8012866863 9.82919033776 10.8488133638 22.3679245203 22.2632030441 25.6222736891 24.9964274322 34.2067286782 47.4876161016 53.2028452434 
14 95.0748174136 15.6350959134 16.2603640762 24.8806828384 17.9515278361 34.7251223934 19.564331007 18.8363650897 15.3220843719 15.69005416 47.9654733566 27.9749963313 28.3265786091 32.69324977 33.7625770324 9.11986755297 9.82313853656 16.6306489271 16.7092646307 19.4819334178 20.2634270304 36.581727146 36.5728456638 13.0161287041 13.8293024627 23.4151516548 25.7754926516 12.150539571 11.0969098434 13.6374511204 10.9217100432 11.1067885783 15.69005416 10.7778305711 11.1081902896 25.6156189715 25.1213301225 27.2107504121 24.5559225892 29.3409278975 46.6200071955 48.7478857585 
22 95.2532377714 15.3488832497 16.0360774749 24.8016137518 18.6369890102 36.7237759505 18.55575372 17.6668978511 13.022635041 14.2154749157 47.8336916098 29.4826774269 30.077376436 34.713781448 36.2453301401 9.59768051613 10.4449705561 16.1007504507 16.1188828376 16.9736168371 19.149476118 39.0299153021 39.1307661172 9.82475090743 11.6318211505 20.145272233 24.1801553308 10.652173879 10.7939471793 14.3719344655 11.2134411186 11.4368255909 14.2154749157 9.37876135571 10.2831584446 23.3415750176 23.6456853818 26.0692826083 22.7429134964 30.4526511855 49.2763814963 53.0515882923 
28 91.5897268414 15.116046467 14.2995198999 22.1522719646 16.0227777366 29.8297753384 17.4836877764 18.1551204075 14.5274779464 13.4723907753 43.9512253947 27.4598373515 26.3977743602 32.8695950384 30.2864195068 9.41621383751 7.61431982679 14.7091578057 14.724729914 19.5252831662 17.9794799629 33.5124985118 33.2293526763 11.6433190802 10.343100828 23.0684224048 18.9955934819 13.9187303086 10.9694309268 8.85674020892 10.0459604769 12.5988920234 13.4723907753 10.0140112117 9.036090256 24.7914479004 21.5576626303 20.8332330329 34.16929579 21.6973068321 50.8399325162 43.5250567602 
29 96.2485085268 15.6157455499 16.5123353314 24.5042317416 19.368137119 39.9645902569 20.8830418242 21.2176478269 16.7794107342 17.6144078303 49.6257835487 25.6666511512 26.044648392 29.8406885968 31.8823809162 9.30376714671 10.7640728928 15.8839605873 15.4824598118 19.6245810019 22.060376836 42.3999071923 44.3270595311 13.8153427413 15.5485412799 23.3520431101 27.0573541124 10.9463452846 11.9726301655 14.650244741 12.8253524648 11.0120451837 17.6144078303 9.72667351972 10.8430155251 27.3261837874 27.0605580277 29.1174123882 20.9030369069 29.4882763899 47.5362473691 51.7382305831 
32 93.7016141866 14.2735123631 15.5323248623 23.6157353261 18.331323607 33.2383834172 18.3086122787 18.2895906311 15.1810551337 16.002462124 45.4504798165 26.5235164626 27.7060643761 30.2328044919 34.0914189365 8.57757645447 10.6952692703 16.2365678474 16.885272396 19.0281238418 20.9954510612 34.0928105906 35.7830313056 12.076511306 14.2804938758 21.4050035913 26.5274777377 9.5914050682 9.83223682566 15.0762211795 10.7769181806 9.99590579752 16.002462124 10.4099750382 11.2380473405 27.645790139 27.5978318034 30.324510562 19.4934454561 36.2651213557 41.4874437948 51.0474804344 
38 98.9453033196 17.459149054 15.9289054592 24.401229893 18.1900271333 33.5618250827 20.1718833399 20.5069306168 16.5876652203 15.584436644 49.0201693977 30.2307215407 29.3960452381 36.6067316812 33.7194022948 10.770987577 8.62782694566 17.7547155424 17.2745708451 20.8891752058 19.0809685202 36.1886672205 35.7712333692 13.4417179605 12.3967414247 26.072497336 21.4924853266 15.0884677316 12.7514809345 9.96443916545 11.7507212419 13.5238663302 15.584436644 11.8232573429 11.0425740978 27.7304220106 24.3678497874 24.4880139111 36.6414716201 23.9233411845 54.2124007314 47.1028821168 
40 91.9249655517 15.7568108076 15.9483006052 25.3273206901 18.2985360185 40.2927485039 22.3285261455 22.3229657433 17.7968144348 18.056952791 51.0593063113 24.7994305356 25.0616869628 30.1014898778 31.1894936704 9.40314794094 10.0724842382 14.4098848952 13.6713287874 17.6797435496 19.5265157322 39.4403716542 40.9534255734 14.7440629048 15.3717416166 22.6229613411 24.3291753707 12.4796139237 14.4279690967 14.111641766 14.7848650666 13.0571672659 18.056952791 7.98127260811 9.45283304554 23.6853594629 22.3232442828 24.3485452918 21.3541457177 23.6636470366 45.7506963727 47.320641172 
43 97.4187317786 16.2061689507 16.9039610391 24.9114275452 19.3134927946 38.4368615133 19.6379221094 20.1480665963 14.9756896916 15.7497022749 50.5583589315 26.0055201271 26.4819820185 30.8397199135 32.7780027841 9.50512983647 10.8530917931 15.732190659 15.6303338908 17.9362862941 19.1405630669 40.1633716778 41.6751163326 11.9778193042 13.4680704799 22.9662792051 25.4194064784 11.5277986713 11.1189851139 14.1778539245 12.2450488318 10.6759071189 15.7497022749 9.21147556705 10.1306219235 28.3309127956 27.6700416193 29.0807807634 23.34034807 29.4502719006 46.8982569737 50.3507583779 
44 98.0078236931 16.5772428187 16.0503946485 24.7584647715 17.0514398097 31.3042986245 20.1295751291 20.7300443965 16.9276139582 16.586277878 49.4663755549 28.9515745212 28.345288738 34.3761187136 32.5481298263 9.70471470669 8.21958283733 16.5822136457 16.5763373309 21.1052666441 20.2079614079 34.9356765003 34.7737292295 13.9574536315 13.2028651385 26.4272200908 23.5900265048 14.5008739697 11.4044733444 11.3367240095 11.2788212617 13.0789539136 16.586277878 11.6111922983 11.1712099757 27.8967043003 25.7954243563 26.0748686756 33.9551333555 24.9956400838 50.1312181132 45.5416871732 
49 95.0052630121 14.0356688476 16.0 24.0208242989 17.0293863659 27.0185121722 17.2046505341 18.0277563773 13.6014705087 16.1554944214 44.0 27.0185121722 28.1602556807 30.4138126515 34.6698716467 6.7082039325 11.1803398875 13.8924439894 14.8660687473 18.2482875909 19.3132079158 28.6356421266 29.1547594742 9.48683298051 13.0384048104 18.7882942281 25.495097568 8.0622577483 9.43398113206 16.1245154966 12.7279220614 10.0 16.1554944214 8.24621125124 9.43398113206 17.0 17.1172427686 21.400934559 20.2484567313 40.1995024845 39.8246155035 52.697248505 
