Node
10 103.508021948 17.3939256338 17.0318620678 25.6847497315 17.1744228188 34.2042835036 22.9730295698 23.5337353936 19.5216532394 19.5416989715 52.4038392327 24.3928672946 24.0191231797 29.1434718025 27.5062462977 9.17851384566 8.28970303872 15.6229276252 14.8245580679 23.54631843 23.4684984923 36.262163895 36.0771262561 17.7521114807 17.3075287555 28.7284447451 27.2018198722 14.9938204089 13.8615574112 13.1159588505 13.4640090715 13.5924696167 19.5416989715 11.2819792331 11.5268737748 28.7141773452 26.6601172929 28.0815441842 33.5033474089 27.7478538658 47.4438650148 44.3587893403 
9 104.10381 16.3462174011 18.0125147863 25.2640970687 18.1875374724 36.1025455382 22.6679970934 22.6291191972 17.9612064808 19.2492712699 50.6622608375 28.7044260718 30.1305693927 32.6920343004 36.5828308235 8.59276504937 10.6150311971 16.2585395394 16.8143497499 19.9413806233 23.0203208148 38.4402075068 39.4963922582 13.9051417035 16.434049589 22.2915247186 29.1735171354 9.60617093167 12.8744737845 16.556867982 14.1661668147 13.6980235701 19.2492712699 10.2389179486 11.0023363172 23.8723871228 25.0382742507 29.2881543278 21.4399573712 40.836961157 47.566379776 58.5713205106 
17 105.701069916 17.2676392412 17.8291019134 26.7327551805 19.593187778 35.7832540702 23.1770509989 23.3397259276 19.2399546676 20.3395411043 53.6090468009 30.9638333771 32.0615656028 35.0959679988 37.8629875924 9.56619784706 10.7422228101 18.5156357155 18.9159635463 23.6230289832 24.5613227269 41.5092691516 42.6613758974 15.0775895068 16.3470403172 25.5315949359 29.1887910052 11.7575489022 13.0670512663 16.1623623945 14.4338272143 13.0405318579 20.3395411043 12.7607932794 13.3294109401 28.3190494949 28.807247314 31.7897768099 25.5488526982 37.2004277534 51.8458916623 57.1993049457 
18 102.921692254 18.7570261373 17.7041299498 27.5857003696 19.1277633807 44.6031870522 23.3459177933 23.5209519964 19.397341319 19.1366863201 54.7526250164 26.8470461904 25.7761906262 32.9693282878 30.365570277 10.4369288057 9.42038878271 15.6028889645 15.4597430407 23.8004911051 22.1273859007 44.387747925 42.5858343571 15.512544768 15.5336604033 27.9428982581 25.7283682002 16.3652393851 14.640063355 12.683678017 13.6069003454 14.6327582162 19.1366863201 10.7040016898 10.4399915702 28.8006799729 26.4371099446 27.7326855913 29.2628885448 22.2879591734 52.157589671 47.5664465711 
19 104.386489762 17.8125917801 16.9769724705 26.8716393132 19.4061395767 36.7353546302 22.3194335984 22.2086472724 19.0822558614 18.4681387265 52.8937691071 28.4695279425 27.6573695559 34.4667052343 32.0276468874 10.6110324195 9.56424487654 17.4526191366 17.0978681531 23.3216996096 22.5304308883 40.9358479357 39.7038636635 16.333168058 15.7013893312 28.9848411464 26.7589380617 15.6102917547 13.2255390643 12.6749405499 12.2674841722 13.7102402265 18.4681387265 11.7055217443 11.5844843946 31.2014780289 29.2764128751 30.3786083153 34.4926504229 26.5839755353 53.1262420628 48.4870962075 
30 99.1264957544 16.8506616496 17.5081190422 25.7862444316 20.0499285 39.3802790657 23.9993741851 25.1644350069 19.1657042586 20.3011182236 53.2149604965 27.7100388693 28.38345184 32.4849017045 34.4989560191 10.0467903412 11.0044752092 16.1504975157 16.1079823378 19.761864835 21.8193803461 43.2123700418 42.7707625919 16.569422008 18.1617139003 24.7035687939 27.9951672096 11.9756470321 15.8002199819 14.7645976545 16.6098210627 12.5192529205 20.3011182236 10.0090217792 10.5380734797 24.3923116172 24.8888337734 27.4113847737 23.1068538152 30.6021539804 51.3267897324 54.5348120186 
31 106.193601533 17.1670520624 17.9037831817 26.8213326331 20.1614629183 38.946339722 20.3109531682 19.8335305035 16.2914404173 16.6473031744 51.578234307 28.3179819345 28.9629001799 33.6995803591 35.234325376 10.2974726245 10.9646035046 17.4144969235 17.3502005014 21.0973416787 22.1084768366 38.8180789426 39.4114316462 12.7334032674 14.2167882017 24.8722204335 28.0370760963 12.4268656682 10.8889278328 15.2779378062 11.3039723907 11.8966891364 16.6473031744 10.9599668047 11.0854279744 28.5256152697 27.7901437996 30.2997165711 25.7787868074 34.3472118137 48.2021304097 52.7034692378 
33 99.0666524748 17.2283603571 16.4276076025 25.3971484925 19.518881162 39.0985181514 20.99379181 21.0005679855 16.4620812211 15.9831680513 52.1396339278 27.6503690038 27.0109194621 33.8456218077 31.4259565867 10.9870959871 9.40533480697 16.4332996352 15.8589774826 21.2423634925 19.7702755792 41.7759909997 40.5714013473 13.9408039435 13.5491868271 25.8147905746 23.7003403665 14.7148699822 13.153697252 11.6201780162 12.1564839372 13.0720611891 15.9831680513 10.5612321559 10.0305083087 31.843925711 30.0126178427 30.6306696746 30.6201332159 22.7090330475 51.7992879863 46.8353212081 
39 100.73195809 16.9497870886 16.5028842969 26.6135164088 18.7687785717 36.2257447529 22.7994736393 22.803014747 18.4485140587 18.362434374 52.9689661232 29.6175911979 29.5929416094 35.1134194493 34.3014938309 10.0889954425 9.52916772422 16.9206667784 16.5909374712 21.102931481 20.5762761547 38.5356072243 38.1631928218 15.6128074212 15.4918649449 26.0850050112 25.007440759 14.4099532119 14.7055834399 13.0727275654 14.5859841983 14.0363469579 18.362434374 11.2971502458 11.1985884019 26.8066474929 24.8988684446 26.2658513987 30.4181731707 27.2467267138 51.5701215507 49.9715915134 
41 104.797148204 17.7024676268 17.9225300844 26.9642247789 19.5147858278 35.5769907917 24.3174436425 24.379013375 19.2257973282 20.1278413518 54.7830798195 29.7484760638 30.4828551183 34.5193115586 36.378396786 9.71414542039 10.6912055919 17.1066689673 17.0732271144 20.6738562803 22.0244434293 37.0728001648 36.7548942564 16.0704151153 17.3634693351 25.9781051011 28.7898096089 12.4951969627 14.5301911118 15.5699562532 15.2639832161 13.2789035072 20.1278413518 10.7688175355 11.4739617079 25.7694116541 25.33755023 28.2485162648 26.6413315142 34.7751955632 48.6093555472 52.5625805623 
48 99.6248840616 16.6426512994 17.2572962318 26.2841403832 21.7226275289 41.4130274284 21.8778205775 21.5288144266 17.399394665 17.6513153945 53.4815023121 25.9616838699 27.0137419461 30.7413469165 33.57616821 10.8057680999 11.8070909071 16.449184502 16.7778828368 20.4432750777 20.7559905437 40.1465527823 41.9053875695 14.4014941668 15.6556380281 24.7725649798 27.9826890301 12.2787696193 12.6613333267 15.1965563575 13.3678001035 10.8759655414 17.6513153945 10.4420430138 10.4168941197 30.3550867454 29.4010909575 31.5568651253 20.8016895148 31.0270282759 44.287733442 49.8288738666 
