Node
38 79.5891497623 13.3894715993 14.882896731 19.5622614624 14.4390751355 29.8983239577 19.4648171845 18.5055705318 16.4466244506 15.7178005274 39.9265620596 24.2926858344 25.3698004593 26.9230966456 29.9612423597 6.82319186631 8.15686435017 11.8645407089 12.0266760416 16.2575624759 18.4662142793 29.0894724201 31.6521950435 12.7140452079 13.5646901404 19.5762724414 23.7042519289 8.08437569042 10.8757131755 12.5116139792 11.5284105768 10.7100808711 15.7178005274 7.6396531285 8.77405018122 22.5678185716 22.4160159077 24.2878599559 16.9433089216 28.2598230876 37.304743318 44.4463239651 
46 93.8118645994 14.2988489966 15.6013655635 23.484800467 18.0098582572 32.592351845 18.6511024823 18.5964402334 15.456404303 16.3839042864 45.672554057 26.4557558665 27.7091225945 30.187024921 34.1387795619 8.37534960657 10.6398251617 16.0251255364 16.5968147319 19.1846981209 21.1047183946 34.1427566292 35.8050824191 12.1377959535 14.488815731 21.2863583642 26.7639663215 9.3021561699 10.0624605062 15.2193135138 11.1180293384 10.0515142275 16.3839042864 10.1703897262 11.114589837 27.1110946621 27.1913924208 29.9974952107 19.5906823891 36.8271758027 41.5772248331 51.5647301966 
50 92.7812858874 15.199101762 14.2705208516 22.369103014 16.237314869 29.7144286198 17.3865838437 18.1524610415 14.6094678551 13.4240775838 43.7034256758 27.7286208667 26.6663782988 33.3254581751 30.606957727 9.63113812797 7.65674987693 15.129373462 15.1420681481 19.687974801 18.0990166492 33.3780116264 33.1224777116 11.7464053777 10.2534813316 23.4139930732 18.9264622601 14.0748858652 10.8009071614 8.83440189009 9.98330930434 12.6552798817 13.4240775838 10.24687728 9.261059302 25.0318985082 21.7185250755 20.8392413918 35.3093313229 22.1976593684 51.692674259 44.0717393613 
53 95.3515612408 15.6833705623 17.0973489188 23.5578501346 16.7007355683 35.4544657188 22.4136484639 21.8827206117 17.9469349898 17.7395547852 50.0481865688 24.0177935285 24.7224977073 27.0857948616 29.6462564199 7.7591083309 9.31068569907 14.761964229 15.1669085186 20.1968247163 22.1425555311 35.3440820694 35.8668606822 15.3864600426 16.3934957945 23.3437065599 26.7004739892 11.0437038909 13.0146258194 14.4467830897 13.9512481022 12.2633714878 17.7395547852 10.3591674162 11.0901327804 24.6554506821 24.0638870861 26.9297432867 21.0089497752 30.5499374916 41.9900352784 46.7110060027 
55 102.847679364 17.5958104231 18.0747928535 27.9679978836 20.9453930907 40.6947497532 23.1446541036 23.5892971035 18.13307414 19.4086395019 54.851234899 28.583863062 29.5235912217 34.0847336558 36.8649767071 10.5522894456 11.7348289326 16.7874641886 16.642376699 18.6943656135 20.7580153914 39.7292834061 41.1397321314 14.2776324452 16.3048270216 24.2371153955 28.3729187884 12.0125035652 13.8851372995 16.7740400374 15.1893425216 13.0911525107 19.4086395019 9.21423751521 10.1891521787 25.7969410467 25.6057125151 28.3820291633 21.9625870732 33.6896214872 47.3739031348 55.2277705845 
56 102.343137315 16.8561435258 17.4351055789 26.3992572469 18.646160403 35.5146726758 21.0763441395 21.1801874282 15.5757889852 16.6938065797 51.5313188571 29.5287666536 30.0989839657 34.5982433698 35.9057654631 9.39562268853 10.3397387301 16.5917259885 16.3031000462 18.3061884794 20.0387499303 35.598361924 35.4415114865 12.6269325807 13.8587249568 23.2640802796 26.1528771207 11.9274258882 12.1174892477 15.061326109 12.9542424681 13.2869815232 16.6938065797 10.1974151642 10.9498369558 23.24573434 22.7816247033 25.9396708896 27.2587589873 33.9220954679 49.3582319702 53.0953525125 
69 98.2943514873 16.7629637586 16.8547178809 26.7158571923 21.8856701122 48.4856770008 20.5894039087 21.2645118057 16.4412474799 16.7656816103 52.0683576571 27.3834094942 27.6496673636 33.889969267 34.3698858759 11.6255218201 11.7509692374 15.7106729878 15.9153078437 19.4296031935 18.9509647976 46.9206792126 47.8655944234 14.1624556582 14.6520861483 24.9494998846 25.6326364363 13.76618852 13.1386329142 13.9225761725 13.3771644434 12.4867627282 16.7656816103 9.46572621917 9.2629345204 26.6615674909 25.2860489386 26.7360333105 20.5724210565 21.9033564286 50.3659136181 51.7015977239 
70 93.4781607052 15.6198131541 16.0553331832 24.6521312402 18.7871787732 40.1314307511 21.2177523534 21.6286773618 17.0389436226 17.7130811878 49.3947411958 25.7724613276 25.9512866957 30.8494353328 31.9374831653 9.58618662549 10.3012063171 15.0939411125 14.6471947206 18.5658289777 20.1519388414 41.3999976227 42.9719142012 13.8065008997 15.0890229015 22.7747950406 25.1850102579 11.7904182023 12.9504633338 13.929786486 13.4256346482 12.0696695096 17.7130811878 8.73750418766 9.78198753847 25.3919035147 24.5935638215 26.4343654187 21.6669953833 26.0909387119 47.6972274977 50.0185473721 
77 97.2453754131 15.8647674073 16.5543906662 25.3336347133 18.9789593372 36.1736197648 19.1762661165 18.7079937067 15.3016101044 15.6952452721 48.3372800543 27.8100541187 28.2655610653 32.7502732689 34.1023388326 9.56514151069 10.4647968821 16.7568496387 16.8497296998 19.6178262049 20.2152890587 37.3077469767 37.863608242 12.7464079972 13.6287939464 23.8479726475 26.0897598447 12.1830931011 10.7085550314 13.9393222506 11.0678259803 10.9672216478 15.6952452721 10.7545673873 10.8979348644 26.8287453465 26.0772597419 28.0373702628 24.8322431016 30.0885275439 47.1508289599 49.4161069547 
78 97.3880424559 16.6549471537 16.6555490193 24.0665015148 21.4875694509 38.7665158134 20.8242270776 20.0284350485 15.0646518233 14.6945696604 51.881941936 27.1395939686 26.9548809885 33.0156384098 33.7661287708 11.0679458339 11.9538421751 17.186014435 16.7868435054 17.5427210005 18.3850783935 41.5487588219 43.0583232653 11.2833314432 12.0579073848 22.4976482985 24.0393036227 11.5331702654 11.7583466694 13.0129696726 11.804535334 11.4901054883 14.6945696604 9.24223128415 9.83921859222 33.8313045891 32.2122747096 33.3952064136 26.1280824718 28.3472666334 49.1678505536 50.8367340519 
80 103.529115983 19.0393195677 17.7875097364 27.7274719043 20.7308300835 51.7043481047 21.6676247462 21.9423857666 18.2082439194 18.1313382508 53.2493384262 26.1529464379 25.6643409524 34.1026313765 29.5185160143 12.0254324459 9.52769256907 14.2082039325 14.4641941386 24.6335044724 18.7223479768 51.4162474985 46.2960615357 15.2432840495 14.1421356237 29.5593243035 24.5216229887 18.0692633268 13.6142267884 11.1092040387 11.8342753115 16.0451044485 18.1313382508 10.4407241235 7.63246651346 27.804036905 25.0002926742 25.497544571 31.5044089617 16.5303029539 55.869070274 48.3085959984 
83 95.8653541916 15.4906894607 16.1445260777 24.8845677834 19.0676043242 36.5086150993 18.3083063817 17.4678407445 12.8499417745 14.0668816007 47.2836560658 30.0432143675 30.2217805244 35.3110118319 36.6089826608 9.85323691656 10.6708312939 16.3800258999 16.5250529284 16.6567415551 18.973354314 38.7667575753 38.9731724063 9.65280416258 11.6413368272 20.5665652841 24.3856482159 10.9908238682 10.329881511 14.1250913949 10.6317887987 11.4850587829 14.0668816007 9.45810078733 10.4239068728 23.3760774713 23.4302694272 25.7989212198 23.1979265145 30.3525255564 49.575107186 53.304552437 
84 97.6627120429 16.2659532084 17.2479157399 24.8567249882 20.9052256213 42.4901193931 19.2584648025 18.6168725805 13.5149154434 14.3240539759 49.3643464937 28.6601033898 29.3082663092 35.0424799372 36.2624208157 10.8328766928 12.0211634374 16.7020707232 16.2455579922 15.0517126589 18.0960683023 44.7395547127 44.1391228774 10.0104156381 11.0243915047 20.613330198 24.5511932188 10.9096297824 11.6836770494 14.1500042058 11.6118784743 12.5579648619 14.3240539759 8.53163730249 9.84291221012 23.8479885849 24.5796617217 27.207354766 20.9780893951 27.3367360428 51.7462119579 54.3671170715 
87 96.128911186 16.785405654 15.3762261184 24.1649361706 17.4379017277 34.6983278389 19.3449731961 19.9862153884 15.9963954101 15.5361591744 48.2769271273 28.7794766986 28.1223716577 34.7208961581 32.5057424527 10.0841779955 8.47981764964 16.6452248097 16.6006757821 20.6011294526 18.402845412 38.0870293318 37.8373991417 13.421179301 12.3659204083 26.1917503046 21.7617007768 14.8742710737 11.2717939192 10.2213474075 11.027572185 12.7912311303 15.5361591744 11.6015928454 10.6411864544 27.6309042899 24.9321580898 24.7849957131 33.0592645896 22.2587061602 52.3325329564 46.6667330104 
88 100.982529138 17.7031809865 16.2508036666 25.9993484133 19.2888304688 37.1124843885 20.9330861772 20.7249438314 16.7748021379 15.3066307035 51.2679562222 31.3940320244 30.3906322241 38.4181550276 35.2878444315 11.5164876221 9.2198259001 17.7369920421 17.4802817448 20.2269603368 17.4509907913 38.8771441506 38.6829443128 13.8358745372 12.4834225554 26.2863388945 21.3285808847 16.4829081448 14.2952247525 10.0514240638 12.5142161414 14.4589583583 15.3066307035 11.6233331111 10.4082792317 28.5971964506 25.2259544931 24.7447121461 36.3226129899 22.5717231577 56.5722972106 48.8261433917 
