Leaf
14 0.0466918945312 0.0 0.0 0.270477294922 0.0 0.0 0.0 0.0450948079427 0.0 0.0220540364583 0.153869628906 0.00957234700521 0.0 0.010732014974 0.377227783203 0.0 0.0 0.00237019856771 0.0451863606771 0.0 0.000295003255208 0.0 0.0 0.0 0.0164286295573 
144 0.0358072916667 0.0 0.0 0.25059000651 0.0 0.0 0.000813802083333 0.0417989095052 0.0 0.00705973307292 0.164154052734 0.0 0.0 0.0395202636719 0.248596191406 1.01725260417e-05 0.000142415364583 0.00332641601562 0.157755533854 0.000142415364583 0.0120544433594 0.0 0.0 2.03450520833e-05 0.0382080078125 
160 0.173370361328 0.0 0.0 0.281565348307 0.0 0.0 0.000630696614583 0.00204467773438 0.0 0.0486958821615 0.123138427734 0.0 1.01725260417e-05 0.0216776529948 0.21332804362 0.00227864583333 0.00306193033854 0.00752766927083 0.0461832682292 0.00225830078125 0.0695495605469 0.0 0.0 0.000437418619792 0.00424194335938 
226 0.0969645182292 0.0 0.0 0.228047688802 0.0 0.0 3.0517578125e-05 0.00691731770833 0.0 0.0201822916667 0.207661946615 0.0 0.0 0.0306498209635 0.24550374349 0.0 0.000630696614583 0.0 0.0495096842448 0.0 0.0858764648438 0.0 0.0 0.0 0.0280253092448 
237 0.115325927734 0.0 0.0 0.217681884766 0.0 0.0 1.01725260417e-05 0.00018310546875 0.0 0.0158284505208 0.197102864583 0.0 0.0 0.00932820638021 0.293212890625 0.0 0.0 0.0 0.0308939615885 0.0 0.091542561849 0.0 0.0 0.0 0.0288899739583 
255 0.0913492838542 0.0 0.0 0.19438680013 0.0 0.0 0.0 0.00048828125 0.0 0.0731201171875 0.229237874349 0.0 0.0 0.0983479817708 0.216562906901 0.0 0.000132242838542 0.0 0.010508219401 0.0 0.0704854329427 0.0 0.0 0.0 0.015380859375 
267 0.0616048177083 0.0 0.0 0.192789713542 0.0 0.0 8.13802083333e-05 0.0 0.0 0.0833231608073 0.286590576172 0.0 0.0 0.0559895833333 0.216613769531 0.0 0.0 0.0 0.0108744303385 0.0 0.0770365397135 0.0 0.0 0.0 0.0150960286458 
284 0.100504557292 0.0 0.0 0.250417073568 0.0 0.0 1.01725260417e-05 0.000274658203125 0.0 0.0453084309896 0.0555928548177 0.0 0.0 0.0802307128906 0.309173583984 0.0 0.0 0.0 0.043446858724 0.0 0.110758463542 0.0 0.0 0.0 0.00428263346354 
287 0.0836283365885 0.0 0.0 0.311991373698 0.0 0.0 0.000437418619792 0.000203450520833 0.0 0.0236612955729 0.133127848307 0.0 0.0 0.0428568522135 0.276326497396 0.0 0.0 0.0 0.0258382161458 0.0 0.0932922363281 0.0 0.0 0.0 0.00863647460938 
291 0.0594075520833 0.0 0.0 0.188944498698 0.0 0.0 0.000101725260417 0.00274658203125 0.0 0.0634155273438 0.26279703776 0.0 0.0 0.101308186849 0.215901692708 0.0 0.020029703776 6.103515625e-05 0.00643920898438 0.0 0.0704650878906 0.0 0.0 0.0 0.00838216145833 
296 0.0691426595052 0.0 0.0 0.234222412109 0.0 0.0 0.00681559244792 8.13802083333e-05 0.0 0.0682779947917 0.307118733724 0.0 0.0 0.0168863932292 0.247731526693 0.000152587890625 0.00685628255208 0.0 0.0146993001302 0.00703938802083 0.0117492675781 0.0 2.03450520833e-05 0.0 0.00920613606771 
311 0.153869628906 0.0 0.0 0.177073160807 0.000569661458333 0.0 0.00693766276042 0.000223795572917 0.0 0.0667114257812 0.131825764974 0.0 0.0 0.0472513834635 0.204010009766 0.0107930501302 0.00129191080729 0.000274658203125 0.0310770670573 0.115478515625 0.014170328776 0.0 0.0 0.00232950846354 0.0361124674479 
331 0.132466634115 0.0 0.0 0.168314615885 0.000325520833333 0.0 0.0103047688802 0.000701904296875 0.0 0.0571594238281 0.261647542318 0.0 0.0 0.00115966796875 0.197102864583 0.107899983724 0.0110778808594 0.0 0.00177001953125 0.0100606282552 0.0115051269531 0.0 0.00173950195312 0.0 0.0267639160156 
337 0.193094889323 0.0 0.0 0.131001790365 1.01725260417e-05 0.0 0.00905354817708 0.000406901041667 0.0 0.0314229329427 0.201843261719 0.0 0.0 0.0474446614583 0.238972981771 0.0 0.0006103515625 0.0 0.107299804688 0.0 0.0098876953125 0.0 0.0 0.0 0.0289510091146 
352 0.18852742513 0.0 0.0 0.213541666667 0.000101725260417 0.0 0.013671875 0.00350952148438 0.0 0.0606486002604 0.119567871094 0.0 0.0 0.00684611002604 0.229522705078 0.0707600911458 0.0124104817708 0.000274658203125 0.0139770507812 0.0137736002604 0.0399169921875 0.0 0.000396728515625 0.00054931640625 0.0120035807292 
354 0.158538818359 0.0 0.0 0.132191975911 0.000620524088542 0.0 0.0120035807292 0.000101725260417 0.0 0.0636901855469 0.111623128255 0.0 0.0 0.0134073893229 0.226206461589 0.0473022460938 0.0254211425781 0.000152587890625 0.00712076822917 0.154825846354 0.0245971679688 0.0 7.12076822917e-05 6.103515625e-05 0.0220642089844 
359 0.16313680013 0.0 0.0 0.143809000651 0.0190734863281 0.0 0.0110575358073 0.0 0.0 0.0453491210938 0.248779296875 0.0 0.0 0.0513407389323 0.222534179688 0.00114949544271 0.000783284505208 0.010243733724 0.00899251302083 7.12076822917e-05 0.0316874186198 0.0 0.0 0.0238952636719 0.0180969238281 
363 0.164764404297 0.0 0.0 0.153574625651 0.0 0.0 0.0130106608073 0.0747578938802 0.0 0.0359497070312 0.166127522786 0.0 0.0 0.00385538736979 0.299845377604 0.000162760416667 0.000498453776042 0.0 0.013437906901 0.000284830729167 0.00906372070312 0.0 0.0 0.0 0.0646667480469 
395 0.177001953125 0.0 0.0 0.221130371094 0.000834147135417 0.0 0.0197347005208 0.0225931803385 0.0 0.0717468261719 0.177286783854 0.0 0.0 0.0135396321615 0.205871582031 0.00448608398438 0.0138854980469 0.0 0.021006266276 0.00177001953125 0.0384318033854 0.0 0.0 0.0 0.0106811523438 
502 0.0906575520833 0.0 0.0 0.212544759115 0.157063802083 0.0 0.00159708658854 0.023691813151 0.0258585611979 0.0120646158854 0.101196289062 0.0 0.0 0.0638224283854 0.232299804688 0.0 0.0 0.0150655110677 0.0350646972656 0.0 0.0288696289062 0.0 0.0 0.0 0.000203450520833 
514 0.0205688476562 0.0 0.0 0.131876627604 0.0227457682292 0.0 0.000813802083333 0.055918375651 0.0 0.008544921875 0.276936848958 0.0 0.0 0.153747558594 0.162974039714 0.0 0.0 0.0552571614583 0.0078125 0.0 0.101928710938 1.01725260417e-05 0.0 0.0 0.000864664713542 
526 0.0740051269531 0.0 0.0 0.143493652344 0.000264485677083 0.0 0.00344848632812 0.0067138671875 0.0 0.034434000651 0.0966288248698 0.0 0.0 0.154988606771 0.236175537109 0.0 3.0517578125e-05 0.05322265625 0.0541788736979 0.0 0.140116373698 0.0 0.0 0.0 0.00229899088542 
527 0.0912272135417 0.0 0.0 0.122294108073 0.0 0.0 0.000142415364583 0.00591023763021 0.0 0.0297546386719 0.257232666016 0.0 0.0 0.0539245605469 0.239624023438 0.0 1.01725260417e-05 1.01725260417e-05 0.0422770182292 0.0 0.1552734375 0.0 0.0 0.0 0.0023193359375 
541 0.0692850748698 0.0 0.0 0.130025227865 0.0 0.0 0.00647989908854 0.245452880859 0.0 0.00852457682292 0.106587727865 0.00838216145833 0.0 0.0908711751302 0.236470540365 0.0 0.00279744466146 0.0621948242188 0.0114135742188 0.0 0.0183715820312 0.0 0.0 0.0 0.00314331054688 
559 0.0601298014323 0.0 0.0 0.207611083984 0.0 0.0 0.000111897786458 0.0208638509115 0.0 0.0106811523438 0.28227742513 0.0 0.0 0.0823160807292 0.275319417318 0.0 0.0 0.00287882486979 0.0292053222656 0.0 0.028574625651 0.0 0.0 0.0 3.0517578125e-05 
570 0.0442911783854 0.0 0.0 0.138336181641 0.0 0.0 0.000834147135417 0.000244140625 0.0 0.0246175130208 0.283803304036 0.0 0.0 0.171854654948 0.2939453125 0.0 0.0 4.06901041667e-05 4.06901041667e-05 0.0 0.0419921875 0.0 0.0 0.0 0.0 
703 0.0299682617188 0.0 0.0 0.121154785156 0.0 0.0 0.0 0.134785970052 0.0 0.0406901041667 0.205871582031 0.0 0.0 0.0743103027344 0.290415445964 0.0 0.0200602213542 0.0 0.00606282552083 0.0 0.0759887695312 0.0 0.0 0.0 0.000691731770833 
728 0.0281270345052 0.0 0.0 0.178639729818 0.130879720052 0.0 0.00079345703125 0.167307535807 0.0236104329427 0.024892171224 0.161417643229 2.03450520833e-05 0.0 0.0419718424479 0.199818929036 0.0 0.00784301757812 0.0 0.012217203776 0.00018310546875 0.021474202474 0.0 0.0 0.0 0.000803629557292 
775 0.123057047526 0.0 0.0 0.188212076823 1.01725260417e-05 0.0 0.0 0.135091145833 0.0 0.0567423502604 0.0141296386719 0.0126444498698 0.0 0.0487162272135 0.259094238281 4.06901041667e-05 0.0240580240885 0.0381876627604 0.053232828776 0.0141805013021 0.021982828776 0.00605265299479 0.0 0.0 0.00456746419271 
816 0.139658610026 0.0 0.0 0.317586263021 0.0 0.0 0.00204467773438 1.01725260417e-05 0.0 0.0265909830729 0.0746663411458 0.0 0.0 0.00314331054688 0.354654947917 0.0 0.0 0.0 0.0151774088542 0.0 0.0520222981771 0.0 0.0 0.0 0.0144449869792 
824 0.164530436198 0.0 0.0 0.203918457031 0.0 0.0 0.0443623860677 0.03466796875 0.0 0.0010986328125 0.199696858724 9.1552734375e-05 0.0 0.0892232259115 0.176534016927 0.0 0.0 0.0127868652344 0.046396891276 0.0 0.0116882324219 0.0 0.0 0.0 0.0150044759115 
827 0.153544108073 0.0 0.0 0.245880126953 0.0 0.0 0.000295003255208 0.0 0.0 0.0128682454427 0.0960591634115 0.0 0.0 0.0 0.352620442708 0.0 0.0 0.0 0.0510050455729 0.0 0.0364990234375 0.0 0.0 0.0 0.0512288411458 
843 0.184743245443 0.0 0.0 0.267618815104 0.0 0.0 0.0123291015625 0.0 0.0 0.0156453450521 0.0254414876302 0.0 0.0 0.00578816731771 0.350423177083 0.0 0.0 0.0 0.0450032552083 0.0 0.00161743164062 0.0 0.0 0.0 0.0913899739583 
858 0.0128580729167 0.0 0.0 0.267486572266 0.00160725911458 0.0 0.0392049153646 0.0 0.0 0.0 0.254028320312 0.0 0.0 0.0 0.374338785807 0.0 0.0 0.0 0.0448506673177 0.0 0.0 0.0 0.0 0.0 0.00562540690104 
860 0.118092854818 0.0 0.0 0.22748819987 0.00110880533854 0.0 0.00466918945312 0.00110880533854 0.0 0.015370686849 0.280721028646 0.0 0.0 0.0136311848958 0.300150553385 0.000315348307292 0.000193277994792 5.08626302083e-05 0.0155334472656 0.000213623046875 0.0115763346354 0.0 0.0 0.0 0.00977579752604 
862 0.0527648925781 0.0 0.0 0.261444091797 0.0 0.0 0.0208638509115 0.0706481933594 0.0 0.00636800130208 0.172220865885 0.0 0.0 0.117838541667 0.237548828125 0.0 0.0 0.000651041666667 0.0359598795573 0.0 0.00396728515625 0.0 0.0 0.0 0.0197245279948 
864 0.10654703776 0.0 0.0 0.215545654297 1.01725260417e-05 0.0 0.00616455078125 0.0423990885417 0.0 0.00919596354167 0.28608194987 0.0 0.0 0.0272216796875 0.187377929688 0.0 9.1552734375e-05 0.000467936197917 0.0389404296875 0.0 0.0338439941406 0.0 0.0 0.0 0.0461120605469 
877 0.0621643066406 0.0 0.0 0.212534586589 0.0 0.0 0.00735473632812 0.0 0.0 0.0381368001302 0.225331624349 0.0 0.0 0.0001220703125 0.314239501953 0.0 0.0 0.0 0.0361735026042 0.0 0.00181070963542 0.0 0.0 0.0 0.102132161458 
