Leaf
253 0.0531412760417 0.08056640625 0.000447591145833 0.0447998046875 0.0 0.0732218424479 0.0422058105469 0.0 0.0302022298177 0.0 0.0 4.06901041667e-05 0.0 0.474182128906 0.0 0.033447265625 2.03450520833e-05 0.0 0.0244852701823 0.000630696614583 0.311777750651 0.107086181641 0.00160725911458 0.0 0.0 
103 0.0531412760417 0.389719645182 5.08626302083e-05 0.217112223307 0.0 0.0 0.0250447591146 0.0 0.0198872884115 0.0 0.0 0.0 0.0 0.269185384115 0.0101623535156 0.108459472656 0.00188191731771 0.0 0.0 0.00168863932292 0.0699259440104 0.0965067545573 0.0 6.103515625e-05 0.0 
28 0.0531412760417 0.123626708984 5.08626302083e-05 0.0896199544271 0.0 0.000712076822917 0.00432332356771 0.000579833984375 0.045176188151 0.0 0.0 0.0 0.0 0.377227783203 0.0208740234375 0.0654296875 0.0 0.0 0.000213623046875 0.0 0.199198404948 0.0437520345052 0.025400797526 0.00079345703125 0.00126139322917 
93 0.0531412760417 0.0591227213542 0.0 0.00660196940104 0.0 0.0582784016927 0.0 0.0 0.00309244791667 0.0 0.0 0.000213623046875 0.000233968098958 0.10600789388 0.0 0.0307210286458 0.0716247558594 0.0 0.0128987630208 0.0 0.22797648112 0.180531819661 0.0 0.0368855794271 0.0387674967448 
153 0.0531412760417 0.16401163737 0.000864664713542 0.149241129557 0.0 0.0 0.0221048990885 0.0 0.0114237467448 0.0 0.0 0.0 0.0 0.342163085938 0.00459798177083 0.0478820800781 0.0 0.0 0.0020751953125 1.01725260417e-05 0.261576334635 0.00863647460938 0.000345865885417 0.00222778320312 0.0 
228 0.0531412760417 0.240193684896 0.00887044270833 0.162434895833 2.03450520833e-05 0.00177001953125 0.0338338216146 0.0 0.0226135253906 0.0 0.0 6.103515625e-05 0.0 0.325663248698 0.0 0.00411987304688 0.0 0.0 0.0 1.01725260417e-05 0.217508951823 0.0237731933594 0.0 0.0 0.0 
378 0.0531412760417 0.100504557292 0.000101725260417 0.11826578776 0.0 0.000162760416667 0.0663452148438 0.0 0.012451171875 0.0 0.0 0.0 0.0 0.185312906901 0.0 0.0858764648438 0.0 0.0 0.0 0.000203450520833 0.161112467448 0.00551350911458 0.0125528971354 0.00478108723958 0.0 
395 0.0531412760417 0.0781758626302 0.0 0.092783610026 0.0 0.0243733723958 0.0589396158854 0.00146484375 0.115692138672 0.0 0.0955708821615 0.00550333658854 5.08626302083e-05 0.333872477214 0.0 0.115325927734 0.0742696126302 0.0 0.0555928548177 0.0 0.207305908203 0.0115051269531 0.0566813151042 0.166127522786 0.0 
553 0.0531412760417 0.16362508138 0.0 0.176239013672 0.0 0.00146484375 0.0356953938802 0.0 0.00127156575521 0.0 0.0 0.0 0.0 0.276326497396 0.0 0.0115051269531 0.0 0.0 0.00194295247396 0.0166931152344 0.0125935872396 0.0166422526042 0.0 0.0 0.0 
678 0.0531412760417 0.152170817057 0.0 0.156494140625 0.0 0.0 0.014882405599 0.0 0.103668212891 0.0 0.0 0.0 0.0 0.229522705078 4.06901041667e-05 0.0289306640625 0.0 0.0 0.0 0.007080078125 0.270619710286 0.115000406901 0.0006103515625 0.00148518880208 0.00222778320312 
798 0.0531412760417 0.0 0.0 0.00221761067708 0.0 0.0 0.0237731933594 0.0 0.0731201171875 0.000203450520833 0.0 0.12217203776 0.0 0.604380289714 0.0 0.0996704101562 0.00157674153646 0.00018310546875 0.0690511067708 0.0 0.0338338216146 0.0 0.000579833984375 0.0 0.0 
823 0.0531412760417 0.0 0.000142415364583 5.08626302083e-05 0.0 0.0 0.00837198893229 0.0 0.0167948404948 8.13802083333e-05 0.0 0.119201660156 0.0 0.839996337891 0.0 0.261393229167 0.0541788736979 0.0 0.155029296875 0.0 0.01220703125 0.0 2.03450520833e-05 0.0 0.0 
848 0.0531412760417 0.0 0.0 0.000722249348958 0.0 0.000681559244792 0.0706380208333 0.0 0.028065999349 0.0 0.0 0.0897521972656 0.0 0.622873942057 0.0 0.117329915365 0.102518717448 0.0 0.0556945800781 0.0 0.0115254720052 0.0 0.0 0.000376383463542 0.0 
873 0.0531412760417 0.0 0.00343831380208 0.0 0.0 5.08626302083e-05 0.0295003255208 0.0 0.0289611816406 0.0 0.0 0.194163004557 0.0 0.751922607422 0.0 0.21821085612 0.138865152995 0.000274658203125 0.000823974609375 0.0335795084635 0.0308329264323 0.0 2.03450520833e-05 0.108367919922 0.0 
898 0.0531412760417 0.0 0.0 5.08626302083e-05 0.0 0.000661214192708 0.0130411783854 0.0 0.0236612955729 0.0 0.0 0.221130371094 0.0 0.638356526693 0.0 0.340901692708 0.00309244791667 0.00551350911458 1.01725260417e-05 0.0 0.019287109375 8.13802083333e-05 0.0 0.0 0.0 
923 0.0531412760417 0.000315348307292 0.0 0.000925699869792 0.00282796223958 0.000193277994792 0.00291951497396 0.0 0.000111897786458 1.01725260417e-05 0.0 0.0284525553385 0.0 0.65830485026 0.0 0.372243245443 0.0196228027344 0.0 0.00333658854167 0.0 0.0106404622396 0.0 0.00155639648438 0.0 0.0 
948 0.0531412760417 0.00377400716146 0.0 0.0 0.0 5.08626302083e-05 0.0789693196615 0.0 0.187805175781 0.0 0.0 0.045155843099 0.0 0.597585042318 0.0 0.0524495442708 0.0 0.0 0.000335693359375 0.0 0.0415954589844 8.13802083333e-05 0.113881429036 0.101369222005 0.0 
973 0.0531412760417 0.0 0.0 0.00103759765625 0.0 0.000101725260417 0.00314331054688 0.0 0.0667114257812 0.000172932942708 0.0 0.054931640625 0.0 0.309855143229 0.0 0.0421651204427 0.0 0.0592447916667 0.0218607584635 0.0 0.048828125 0.0 0.109731038411 0.0584106445312 0.0 
