Leaf
156 0.0262552897135 0.0 0.0 0.0874226888021 0.460764567057 0.0 0.0176595052083 5.08626302083e-05 0.000213623046875 0.028554280599 0.179351806641 0.0 0.0 0.00743611653646 0.165252685547 1.01725260417e-05 0.00216674804688 2.03450520833e-05 0.00369262695312 0.0 0.016591389974 0.0 0.0 0.0 0.00455729166667 
102 0.0180257161458 0.0 0.0 0.0303039550781 0.23198445638 0.0 0.0251871744792 0.00054931640625 0.0 0.00657145182292 0.261901855469 0.0 0.0 0.00704956054688 0.389963785807 0.0 2.03450520833e-05 0.0 0.00971476236979 0.0 0.00788370768229 0.0 0.0 0.0 0.0108439127604 
107 0.0642700195312 0.0 0.0 0.109100341797 0.216674804688 0.0 0.00239054361979 0.00157674153646 0.028798421224 0.0279846191406 0.128265380859 0.0 0.0 0.0156453450521 0.332122802734 0.0 0.00295003255208 0.00146484375 0.0239868164062 5.08626302083e-05 0.0312805175781 0.0 0.0 0.0 0.013437906901 
126 0.0 0.0 0.0 0.00258382161458 0.40776570638 0.0 0.0206909179688 0.000467936197917 0.110127766927 0.000773111979167 0.115692138672 0.0 0.0 0.0239562988281 0.268829345703 0.0 0.0 0.038340250651 0.000142415364583 0.000111897786458 0.00984700520833 0.0 0.0 0.000193277994792 0.000478108723958 
136 0.0238952636719 0.0 0.0 0.101186116536 0.178476969401 0.0 0.0946858723958 0.0334879557292 4.06901041667e-05 0.014902750651 0.189168294271 0.0 0.0 0.119272867839 0.236480712891 0.0 0.0 0.000101725260417 0.00408935546875 0.0 0.00411987304688 0.0 0.0 0.0 9.1552734375e-05 
137 0.0438334147135 0.0 0.0 0.0849304199219 0.0991821289062 0.0 0.00218709309896 6.103515625e-05 0.0 0.019297281901 0.394724527995 0.0 0.0 0.0113423665365 0.317016601562 0.0 0.001220703125 0.00143432617188 0.00389607747396 0.000579833984375 0.011973063151 4.06901041667e-05 0.0 0.000864664713542 0.00741577148438 
138 0.0169169108073 0.0 0.0 0.0524190266927 0.207631429036 0.0 0.00218709309896 0.00620524088542 2.03450520833e-05 0.00345865885417 0.265594482422 0.0 0.0 0.0133158365885 0.415730794271 0.0 0.0 0.0 0.00779215494792 0.0 0.00332641601562 0.0 0.0 0.0 0.00540161132812 
148 0.033203125 0.0 0.0 0.0503946940104 0.256744384766 0.0 0.0434977213542 0.000356038411458 0.0 0.00684611002604 0.194844563802 0.0 0.0 0.00236002604167 0.368225097656 0.00217692057292 0.00111897786458 0.0 0.0330301920573 0.00102742513021 0.00612386067708 0.0 3.0517578125e-05 0.0 2.03450520833e-05 
162 0.0905049641927 0.0 0.0 0.0575256347656 0.193359375 0.0 0.131306966146 0.000651041666667 0.00400797526042 0.0236511230469 0.263417561849 0.0 0.0 0.0222473144531 0.181315104167 0.0 0.00079345703125 0.0 0.014882405599 0.0 0.0146484375 0.0 0.0 0.0 0.00168863932292 
373 0.196573893229 0.0 0.0 0.0897521972656 0.132456461589 0.0 0.0908711751302 0.0 0.0 0.00444539388021 0.1513671875 0.0 0.0 0.000478108723958 0.280690511068 0.0 0.0001220703125 0.0 0.00833129882812 0.0 0.0118611653646 0.0 0.0 0.0 0.0330505371094 
598 0.0324401855469 0.0 0.0 0.193247477214 0.148834228516 0.0 4.06901041667e-05 0.0482076009115 0.0510559082031 0.00302124023438 0.100260416667 0.0 0.0 0.0252380371094 0.30576578776 0.0 0.000172932942708 0.0 0.0348307291667 0.0 0.0422770182292 0.0 0.0 0.0 0.0146077473958 
878 0.0188293457031 0.0 0.0 0.0564575195312 0.149566650391 0.0 0.09326171875 0.0 0.0 0.00643920898438 0.319936116536 0.0 0.0 3.0517578125e-05 0.289245605469 0.0 0.0 0.0 0.019297281901 0.0 2.03450520833e-05 0.0 0.0 0.0 0.0469156901042 
