Leaf
269 0.0531412760417 0.0146789550781 0.0801086425781 3.0517578125e-05 0.0 0.0162048339844 0.0432637532552 0.0 0.0 0.0 0.0 0.0389302571615 0.297322591146 0.0 0.000244140625 0.78803507487 0.154052734375 0.0 0.00265502929688 0.0 0.0 0.0200703938802 0.00692749023438 0.0 6.103515625e-05 
189 0.0531412760417 0.0399678548177 0.100504557292 0.00042724609375 0.000101725260417 0.0723978678385 0.11826578776 4.06901041667e-05 0.0 0.0 0.000162760416667 0.0 0.0663452148438 0.0170084635417 0.0 0.515828450521 0.012451171875 0.00863647460938 0.0 0.0 0.0 4.06901041667e-05 0.0 0.0 0.0 
224 0.0531412760417 0.045176188151 0.0 0.00126139322917 0.0 0.00722249348958 0.0 0.00955200195312 7.12076822917e-05 0.0147399902344 0.0 0.130310058594 0.0156453450521 0.0 0.0 0.455546061198 0.00334676106771 0.0 0.000467936197917 0.00336710611979 0.0 0.0 0.0950520833333 0.0 0.0 
249 0.0531412760417 0.0294392903646 0.0 0.0 0.0 0.0621236165365 0.0032958984375 0.00947062174479 0.0 0.0 0.0 0.211486816406 0.00634765625 0.0 0.0 0.67978922526 0.00773111979167 0.0 0.00133260091146 0.0961608886719 0.0 0.0 0.102630615234 0.0 0.0 
264 0.0531412760417 0.0794067382812 0.0925598144531 0.010019938151 0.00669352213542 0.10097249349 0.0192464192708 0.0 0.0 0.0 0.0282491048177 0.0 0.000142415364583 6.103515625e-05 0.0 0.571105957031 0.00110880533854 0.00347900390625 0.0 0.0 0.0 0.0 0.0 0.0 0.0 
294 0.0531412760417 0.00612386067708 0.0437520345052 0.00295003255208 0.0 0.043446858724 0.122548421224 0.000254313151042 0.0 0.0 0.0 0.0298665364583 0.161214192708 3.0517578125e-05 0.00541178385417 0.551584879557 0.0 0.0 0.0 0.0 0.0 0.0569458007812 0.0580342610677 0.0 0.0 
319 0.0531412760417 0.0235188802083 0.05712890625 0.00548299153646 0.0 0.0314432779948 0.05712890625 0.0 0.0 0.0 0.0 0.0116780598958 0.336059570312 0.0 0.0 0.557759602865 0.0998229980469 0.0 0.000233968098958 0.0 0.0 0.0150960286458 0.0110473632812 0.0 0.0116068522135 
324 0.0531412760417 0.0322672526042 0.0 0.0 0.0 0.169067382812 0.00091552734375 0.0663452148438 0.000773111979167 0.00637817382812 1.01725260417e-05 0.0447285970052 0.0379536946615 0.0 0.0 0.487396240234 0.0493570963542 0.0 0.0 0.0249226888021 0.0 0.0 0.12299601237 0.0 0.0 
329 0.0531412760417 0.000325520833333 0.0 0.0 0.0275065104167 0.044677734375 0.0101521809896 0.278889973958 7.12076822917e-05 0.0 0.0 0.000142415364583 0.0 0.0 0.0906778971354 0.513326009115 0.114959716797 0.0551554361979 0.0 0.0 0.0 0.00972493489583 0.0721740722656 0.000203450520833 1.01725260417e-05 
399 0.0531412760417 0.0496317545573 0.0 0.0 0.0 0.010487874349 0.00221761067708 0.00853474934896 0.0 0.0 0.0 0.154581705729 0.0237731933594 0.0 0.0 0.463999430339 0.0731201171875 0.0 0.000203450520833 0.0262756347656 0.0 0.000701904296875 0.12217203776 0.0 0.0 
404 0.0531412760417 0.0 0.0 0.0 0.0122884114583 0.070078531901 0.0600789388021 0.0936787923177 3.0517578125e-05 0.0 0.00410970052083 0.0 0.0 0.0 3.0517578125e-05 0.471903483073 0.45469156901 0.0110270182292 0.0 0.0 0.0 0.0404154459635 0.0355631510417 0.000762939453125 0.0 
414 0.0531412760417 0.0292256673177 0.167521158854 0.0 0.0 0.0858866373698 0.147735595703 3.0517578125e-05 0.0 0.0 0.000111897786458 0.0244852701823 0.0105997721354 0.00118001302083 0.0 0.518483479818 0.0138651529948 0.0634562174479 0.0 0.00289916992188 0.0 0.00478108723958 0.0 1.01725260417e-05 0.0 
454 0.0531412760417 0.000691731770833 0.0 0.0 0.0252176920573 0.00479125976562 0.0101623535156 0.0366821289062 4.06901041667e-05 0.0 1.01725260417e-05 0.0 0.0 0.0 0.0 0.457936604818 0.322387695312 0.0389811197917 0.0 0.0 0.0 0.110636393229 0.0188903808594 0.0 0.0 
455 0.0531412760417 0.0 0.0413920084635 0.0128072102865 0.207580566406 0.20253499349 0.0 0.625010172526 0.0 0.00281778971354 0.361470540365 0.0 0.186350504557 0.0 0.00714111328125 0.543436686198 0.0 0.227274576823 0.10634358724 0.107462565104 0.142262776693 0.0 0.0263264973958 0.0 0.14262898763 
460 0.0531412760417 0.0791422526042 0.0503133138021 0.0 0.0 0.0699768066406 0.176300048828 0.0226440429688 0.0 0.000111897786458 0.0289713541667 0.311777750651 0.0518697102865 0.0 0.0 0.514394124349 0.176676432292 0.0191853841146 0.0 0.0 0.123077392578 0.207946777344 0.00151570638021 0.0 0.0 
464 0.0531412760417 0.0475056966146 0.0980936686198 0.0 0.00018310546875 0.024892171224 0.0375162760417 0.0 0.0 0.0 0.0 0.0998229980469 0.0102844238281 0.000111897786458 0.0 0.458852132161 0.00920613606771 0.00417073567708 0.0 0.0124104817708 0.0 0.000111897786458 0.0 0.0 0.0 
489 0.0531412760417 0.0358479817708 0.136352539062 0.0111389160156 0.000844319661458 0.092529296875 0.016103108724 0.0 0.0 0.0 0.0 0.0887247721354 0.0 0.000142415364583 0.0 0.589487711589 0.0185139973958 0.00870768229167 0.0 0.00110880533854 0.0 0.000223795572917 0.0 0.0 0.0 
883 0.0531412760417 0.0 0.00165812174479 0.00578816731771 0.000600179036458 8.13802083333e-05 0.0 0.00266520182292 0.207438151042 0.00193277994792 0.0 0.0133972167969 0.0 0.0 0.0 0.406026204427 0.066416422526 0.0 0.0124104817708 0.0 0.111480712891 0.0133260091146 0.0 0.00361124674479 0.0 
954 0.0531412760417 0.0 0.0 0.0 0.00103759765625 0.106618245443 0.0187784830729 0.192789713542 0.0 0.0 0.0979309082031 0.0 0.0 0.0 0.00328572591146 0.354420979818 0.0556945800781 0.0 0.0 0.0 0.0 0.0103658040365 4.06901041667e-05 0.0 0.0 
958 0.0531412760417 0.0 0.0427652994792 0.0515543619792 0.0562540690104 0.00422159830729 0.0 0.0 0.148610432943 0.0009765625 0.0 0.0479634602865 0.0 0.0 0.0 0.398844401042 0.00752766927083 0.0 0.0 0.0 0.00745646158854 0.0156962076823 0.0 0.0045166015625 0.0180155436198 
979 0.0531412760417 0.0 0.0 0.0 0.00216674804688 0.0359903971354 0.0 0.0902303059896 0.0 0.0 0.0174255371094 0.000356038411458 0.0 0.0 0.0 0.337921142578 0.000478108723958 0.0 0.0 0.0 0.0 0.0368245442708 0.0465189615885 0.00172932942708 8.13802083333e-05 
