Leaf
198 0.0531412760417 0.00248209635417 0.00934855143229 0.0 0.010019938151 0.00602213541667 0.0902608235677 0.0 0.0192464192708 0.0148315429688 0.0 0.232676188151 0.0 0.0108439127604 0.0 0.0395914713542 0.000142415364583 0.000345865885417 0.0447285970052 0.0 0.571105957031 0.0 0.0018310546875 0.0244852701823 0.0 
218 0.0531412760417 0.0101216634115 0.0 0.0 0.0 0.0 0.0 0.0 0.0256856282552 0.0 0.0 0.0 0.000284830729167 0.00485229492188 0.0 0.103546142578 0.0115966796875 0.0434977213542 0.00455729166667 0.000132242838542 0.328308105469 0.461619059245 0.000264485677083 0.0869140625 0.0030517578125 
19 0.0531412760417 0.00290934244792 0.117960611979 0.00107828776042 0.0 0.0945332845052 0.0879211425781 0.0 0.0 0.0 0.00901285807292 0.274658203125 0.240193684896 2.03450520833e-05 0.0239969889323 0.0785115559896 0.0 0.000864664713542 0.00734456380208 0.00957234700521 0.0 0.0496317545573 0.002197265625 0.0 0.00887044270833 
38 0.0531412760417 0.117960611979 0.0 0.0879211425781 0.0 0.00901285807292 0.240193684896 0.0239969889323 0.0 0.00734456380208 0.0 0.002197265625 0.00887044270833 0.00146484375 0.0 0.0858256022135 0.0 0.0 0.162434895833 0.0 0.227884928385 0.0 4.06901041667e-05 0.0356852213542 2.03450520833e-05 
168 0.0531412760417 0.00432332356771 0.0 0.000213623046875 0.00126139322917 0.0 0.0 0.0 0.0 0.0 0.0 0.0 0.0147399902344 0.19145711263 0.0 0.0773111979167 0.0156453450521 0.110168457031 0.012451171875 0.0 0.455546061198 0.161214192708 0.0 0.353688557943 0.000467936197917 
188 0.0531412760417 0.0579223632812 0.0 0.110666910807 0.0 0.0159200032552 0.243662516276 0.0275065104167 4.06901041667e-05 0.0 0.0 0.00801595052083 0.0 0.0 7.12076822917e-05 0.0206502278646 0.0 0.0 0.000325520833333 0.000895182291667 0.463419596354 0.0 0.0 0.000376383463542 0.0 
208 0.0531412760417 0.0 0.0276285807292 0.023681640625 0.0317586263021 0.00116984049479 0.0 0.000345865885417 0.0316772460938 0.000630696614583 0.0 0.0347391764323 0.0 0.00048828125 0.0 0.000406901041667 0.254669189453 0.0 0.0 0.0 0.434509277344 0.00886027018229 0.0 0.0351867675781 0.0 
213 0.0531412760417 0.0738118489583 0.0 0.110850016276 0.0 0.00392659505208 0.337280273438 0.038584391276 0.0948689778646 0.023691813151 0.0 0.0894266764323 0.0251871744792 0.000925699869792 0.000518798828125 0.0262145996094 4.06901041667e-05 0.0 0.00429280598958 0.00173950195312 0.322326660156 0.0 0.0 0.00113932291667 0.0 
233 0.0531412760417 0.0 0.00445556640625 0.0281982421875 9.1552734375e-05 0.00142415364583 0.0 0.0313822428385 0.111470540365 8.13802083333e-05 0.0 0.00704956054688 0.0 0.0 0.0 0.138804117839 0.0604960123698 0.0 0.0 0.0 0.300557454427 0.00375366210938 0.0 0.00454711914062 0.0 
243 0.0531412760417 0.0387573242188 0.0 0.0 0.0 0.00798543294271 0.0 0.0 0.00091552734375 0.0 0.0 0.0 0.00637817382812 0.000773111979167 0.0 0.0191141764323 0.0379536946615 0.221893310547 0.0201110839844 0.000162760416667 0.487396240234 0.118581136068 0.0 0.0270792643229 0.0 
248 0.0531412760417 0.0 0.0 0.00309244791667 0.000162760416667 0.0 0.0716247558594 0.0 0.00640869140625 0.0387674967448 0.0 0.158518473307 0.0 0.00819905598958 0.0 0.00612386067708 0.00296020507812 0.0 0.142761230469 0.0 0.379821777344 0.0 0.00341796875 0.0188293457031 0.0 
268 0.0531412760417 0.0873311360677 0.0 0.0 0.0 0.0 0.0 0.0 0.00774129231771 0.0 0.0 0.0 0.00148518880208 0.0102844238281 0.0 0.0695495605469 0.0403442382812 0.00218709309896 0.00995890299479 0.0 0.293233235677 0.424641927083 0.0 0.172108968099 3.0517578125e-05 
278 0.0531412760417 0.14306640625 0.00581868489583 0.0399068196615 0.0 0.0210774739583 0.00717163085938 0.0 0.00835164388021 0.0 0.0 0.0 0.0 0.248596191406 0.0 0.0560607910156 0.0 0.0 0.0 0.0 0.36289469401 0.00314331054688 0.0 0.0 0.0 
303 0.0531412760417 0.156778971354 0.00067138671875 0.353017171224 0.0 0.0018310546875 0.0128377278646 0.0 0.0600789388021 0.0 0.0 0.0 0.0 0.166046142578 0.000172932942708 0.0233154296875 0.0 0.0 0.0 0.000295003255208 0.471903483073 0.0201009114583 0.0001220703125 0.0 0.0 
308 0.0531412760417 0.0 0.025400797526 0.0157165527344 0.0 0.00179036458333 0.0 0.000325520833333 0.130310058594 0.0 0.0 0.000518798828125 0.0 0.0 0.0 0.0186971028646 0.0950520833333 0.0 0.0 0.0 0.375162760417 0.0580342610677 0.0 0.0683797200521 0.0 
313 0.0531412760417 0.0883280436198 0.0 0.0306193033854 0.0 0.00331624348958 0.160776774089 0.00702921549479 0.00325520833333 0.0 0.0 0.00389607747396 0.0794982910156 0.0 0.0302937825521 0.000579833984375 0.0 0.0 0.0183614095052 0.0 0.186818440755 0.0 0.0 0.00863647460938 0.0 
333 0.0531412760417 0.0 0.0646769205729 0.103037516276 0.0579427083333 0.000630696614583 0.0 0.00107828776042 0.125671386719 0.0 0.0 0.0172831217448 0.0 0.0109151204427 0.0 0.257558186849 0.130839029948 0.0 0.0 0.0 0.258483886719 0.00558471679688 0.0 0.0529276529948 7.12076822917e-05 
338 0.0531412760417 0.0877787272135 0.0 0.0621643066406 0.0 0.00131225585938 0.234486897786 0.00483194986979 0.00048828125 0.0 0.0 0.0330301920573 0.131306966146 0.0 0.00018310546875 0.0186360677083 0.0 0.0 0.0221354166667 0.0 0.37245686849 0.0 0.0 0.059315999349 0.0 
348 0.0531412760417 0.000274658203125 0.0 0.00538126627604 0.0 0.0636393229167 0.0350748697917 0.0 0.0375162760417 0.000162760416667 0.0 0.336059570312 0.0 0.00182088216146 3.0517578125e-05 0.0835978190104 0.0102844238281 0.0 0.0911254882812 0.0 0.458852132161 0.0 0.0116068522135 0.0 0.0 
373 0.0531412760417 0.0 0.0 0.0 0.00418090820312 0.000986735026042 0.0186767578125 0.0 0.00379435221354 0.00367228190104 0.0 0.401173909505 0.0 0.00677490234375 0.0 0.0242207845052 0.0136006673177 0.00303141276042 0.100748697917 0.0 0.463663736979 0.0178527832031 0.0486246744792 0.182779947917 0.0 
388 0.0531412760417 0.0918375651042 0.0 0.0299682617188 0.0 0.000498453776042 0.274739583333 0.0226542154948 0.0 0.0 0.0 0.0132039388021 0.274342854818 0.0 0.00177001953125 0.010508219401 0.0 0.0 0.0289611816406 0.0 0.194834391276 0.0 0.0 0.00639851888021 0.0 
398 0.0531412760417 0.00719197591146 0.00091552734375 0.00460815429688 0.00772094726562 0.0 0.0280049641927 0.0 0.0137329101562 0.0142618815104 0.0 0.30234781901 0.0 0.000773111979167 0.0 0.0904541015625 0.0333658854167 0.0 0.382527669271 2.03450520833e-05 0.311971028646 1.01725260417e-05 0.014394124349 0.00157674153646 0.0 
423 0.0531412760417 0.0 0.0 0.0796610514323 0.0 0.0 0.00699869791667 0.0 0.000325520833333 4.06901041667e-05 0.0 0.212086995443 0.0 0.00911458333333 0.0 0.0366007486979 0.0269368489583 0.0 0.0530497233073 0.0 0.272908528646 0.0 0.00264485677083 0.0 0.0 
445 0.0531412760417 0.0609741210938 0.0001220703125 0.094980875651 0.0 0.202504475911 0.308339436849 0.0 0.137847900391 0.0 0.0983174641927 0.0359903971354 0.0 0.0767415364583 0.0 0.0616048177083 0.110758463542 0.0599568684896 0.134338378906 0.0 0.368957519531 0.0118611653646 0.0174255371094 0.0340270996094 0.0 
448 0.0531412760417 0.0 0.0 0.0 7.12076822917e-05 0.0 0.0156453450521 0.0 0.00334676106771 0.000467936197917 0.0 0.0950520833333 0.0 0.0167541503906 0.0 0.00801595052083 0.0170084635417 0.00174967447917 0.0393981933594 2.03450520833e-05 0.265014648438 0.0 0.000569661458333 0.0 0.0 
473 0.0531412760417 0.000264485677083 0.0140482584635 0.00588989257812 0.0 0.0001220703125 9.1552734375e-05 0.0 0.0151062011719 0.0149434407552 0.0 0.226247151693 0.0 0.00883992513021 0.0 0.0772094726562 0.0142313639323 0.000284830729167 0.113210042318 0.0 0.298197428385 0.0 0.0 0.0 0.0 
485 0.0531412760417 0.166900634766 0.0561319986979 0.0 0.000498453776042 0.0671895345052 0.256663004557 0.0003662109375 0.0 5.08626302083e-05 0.00965372721354 0.0659993489583 0.010508219401 0.0 0.0 0.0594075520833 0.194834391276 0.0147806803385 0.0 0.16362508138 0.207316080729 0.00692749023438 0.0225321451823 0.0 0.0 
648 0.0531412760417 0.0 0.0 0.00091552734375 0.000773111979167 1.01725260417e-05 0.0379536946615 0.0 0.0493570963542 0.0 0.0 0.12299601237 0.0 0.0191345214844 0.0 0.0264180501302 0.197845458984 0.0 0.0304768880208 0.0 0.254313151042 0.0 0.000834147135417 0.0 0.0 
673 0.0531412760417 0.0 0.0 0.0280049641927 0.00146484375 2.03450520833e-05 0.00907389322917 0.0 0.0101521809896 0.0 0.0 0.234222412109 0.0 0.01220703125 0.00495402018229 0.00281778971354 0.0109049479167 0.0 0.00889078776042 0.0 0.168294270833 0.0 0.000101725260417 0.0 0.0 
686 0.0531412760417 0.0 6.103515625e-05 0.000254313151042 0.0 0.0 0.00541178385417 0.0 0.0491841634115 0.0569458007812 0.10893758138 0.0 0.000203450520833 0.0258585611979 0.00991821289062 0.0 0.0 0.0 0.000295003255208 0.0356241861979 0.35117594401 0.0 0.0 0.0632527669271 0.0590006510417 
713 0.0531412760417 0.110768636068 0.0 0.0368855794271 0.0 0.0126444498698 0.385213216146 0.0 0.0188293457031 0.0 0.0 0.0269063313802 0.00270589192708 0.161102294922 0.0121358235677 0.0325520833333 0.0 0.0 0.0102335611979 0.0 0.283803304036 0.0 0.0 0.0 3.0517578125e-05 
718 0.0531412760417 0.0408020019531 0.0 0.0 0.0 0.0 0.0 0.0 0.0 0.0 0.0 0.0 0.00953165690104 0.00444539388021 0.0 0.124776204427 0.0277811686198 0.0 0.0450439453125 0.0 0.202006022135 0.125671386719 0.0 0.0 0.0 
738 0.0531412760417 0.0403849283854 0.0 0.0928853352865 0.0 0.000600179036458 0.0984700520833 0.0 0.0 0.0 0.0 0.0343119303385 0.0120035807292 0.0 0.0 0.0429890950521 0.0 1.01725260417e-05 0.0139872233073 0.0 0.228332519531 0.000864664713542 0.0 0.000244140625 0.0 
743 0.0531412760417 0.0201416015625 0.0 0.0 0.0 0.00217692057292 0.0 0.0 0.0 0.0 0.0 0.0321146647135 0.00135294596354 0.0201110839844 0.0 0.0109049479167 0.0375162760417 1.01725260417e-05 0.00521850585938 0.00206502278646 0.276072184245 0.263061523438 0.0 0.0182189941406 0.0556945800781 
755 0.0531412760417 0.0 0.106414794922 0.0 0.109303792318 0.0749003092448 0.0 0.125549316406 0.0 0.0632934570312 0.254903157552 0.0 0.182484944661 0.0221252441406 0.0135091145833 0.0286153157552 0.0 0.141001383464 0.0 0.0813395182292 0.625274658203 0.0 0.0584920247396 0.043446858724 0.0530598958333 
765 0.0531412760417 0.0 0.0 0.0478820800781 0.261576334635 0.128326416016 0.0 0.0 0.0315348307292 0.0968627929688 0.135874430339 7.12076822917e-05 0.0 0.06005859375 0.0652567545573 0.0291849772135 0.0 0.0 0.0470886230469 0.131988525391 0.536142985026 0.0 0.0 0.0759887695312 0.0215454101562 
785 0.0531412760417 0.125905354818 0.0322774251302 0.0 0.000752766927083 0.0103352864583 0.22422281901 0.10649617513 0.0 0.0 0.231506347656 0.233164469401 0.0290018717448 0.0 0.0 0.0233154296875 0.101196289062 0.0556844075521 0.0 0.0 0.417633056641 0.00417073567708 0.0374857584635 0.0 0.0 
790 0.0531412760417 0.0 0.0 0.0589396158854 0.115692138672 0.0955708821615 5.08626302083e-05 0.0 0.0742696126302 0.0555928548177 0.207305908203 0.0566813151042 0.0 0.00541178385417 0.0125935872396 0.00163777669271 0.0 0.0 0.0524495442708 1.01725260417e-05 0.352457682292 0.124247233073 0.0 0.0128072102865 0.0415954589844 
795 0.0531412760417 0.017567952474 0.0 0.0603230794271 0.0 0.0151977539062 0.106618245443 0.0 0.179880777995 0.0 0.190358479818 0.0438639322917 0.0979309082031 0.00230916341146 0.0 0.000447591145833 0.117329915365 0.0 0.354420979818 0.0 0.402984619141 0.00156656901042 0.0479532877604 0.0208231608073 0.0 
805 0.0531412760417 0.0 0.139373779297 0.0 0.0226440429688 0.00617472330729 0.0 0.110188802083 0.0 0.038330078125 0.413747151693 0.0 0.207946777344 0.0 0.0133565266927 0.0138549804688 0.0 0.0693664550781 0.0 0.0668029785156 0.561920166016 0.0 0.125111897786 0.0 0.0407409667969 
810 0.0531412760417 0.0989786783854 0.169067382812 0.0 1.01725260417e-05 0.0905049641927 0.487396240234 0.0858764648438 0.0 0.0 0.281341552734 0.16059366862 0.0264180501302 0.0 0.0 0.0403442382812 0.254313151042 0.0470886230469 0.0 0.00042724609375 0.509104410807 0.0629374186198 0.0390930175781 0.0 0.0 
820 0.0531412760417 0.0355529785156 0.0 0.347279866536 0.0 0.0837707519531 0.0379638671875 0.0 0.106872558594 0.0 0.22422281901 0.0330912272135 0.00958251953125 0.0464070638021 0.0 0.0353088378906 0.104034423828 0.0 0.228332519531 0.0 0.676137288411 0.0220642089844 0.0 0.0901285807292 0.0 
830 0.0531412760417 0.0 0.0683288574219 0.0 0.0361328125 0.0792744954427 0.0 0.486389160156 0.0 0.0455729166667 0.083506266276 0.0 0.0965270996094 0.0 0.0467325846354 0.0101318359375 0.0 0.0745442708333 0.0 0.0111185709635 0.693044026693 0.0 0.02392578125 0.0 0.0023193359375 
855 0.0531412760417 0.0 0.173502604167 0.0 0.00411987304688 0.11631266276 0.0 0.463999430339 0.0 0.0212605794271 0.239959716797 0.0 0.048828125 0.0 0.0996704101562 0.0308532714844 0.0 0.131988525391 0.00042724609375 0.0857442220052 0.65098063151 0.0 0.0250345865885 0.0 0.00574747721354 
860 0.0531412760417 0.0450948079427 0.066640218099 0.0 0.0 0.042724609375 0.173411051432 0.142934163411 0.0 0.0 0.326772054036 0.298197428385 0.00079345703125 0.0 0.0 0.11806233724 0.0518493652344 0.00638834635417 0.0 1.01725260417e-05 0.564768473307 0.0290120442708 0.0155436197917 0.0 0.0 
