Leaf
586 0.0211486816406 0.0 0.0 0.126485188802 0.0 0.0 9.1552734375e-05 0.00191243489583 0.0 0.00760904947917 0.132120768229 0.0 0.0 0.016357421875 0.211273193359 0.0 0.00115966796875 0.0 0.208160400391 0.0 0.0299479166667 0.0 0.0 0.0 0.243733723958 
265 0.229777018229 0.0 0.0 0.284657796224 0.0 0.0 0.00151570638021 0.0 0.0 0.0382486979167 0.13959757487 0.0 1.01725260417e-05 0.00600179036458 0.0612386067708 0.0 0.000396728515625 0.0 0.0694580078125 0.0 0.00963338216146 0.0 0.0 0.0 0.159464518229 
3 0.0903116861979 0.0 0.0 0.134389241536 0.0 0.0 0.00167846679688 8.13802083333e-05 0.0 0.0896199544271 0.254119873047 0.0 0.0 0.0586649576823 0.103068033854 0.0 0.0510864257812 0.00738525390625 0.0591227213542 0.0 0.0945332845052 0.0 0.0 8.13802083333e-05 0.0558573404948 
23 0.139770507812 0.0 0.0 0.170379638672 0.0 0.0 0.000701904296875 0.000467936197917 0.0 0.122680664062 0.158355712891 0.0 0.0 0.0437520345052 0.116078694661 0.0 0.00701904296875 0.0 0.0565287272135 0.0 0.0740356445312 0.0 0.0 0.0 0.110229492188 
28 0.145863850911 0.0 0.0 0.182098388672 0.0 0.0 0.0 0.0399271647135 0.0 0.0723978678385 0.117869059245 1.01725260417e-05 0.0 0.110768636068 0.10551961263 0.0 0.000508626302083 3.0517578125e-05 0.0408020019531 0.0 0.049082438151 0.0 0.0 0.0 0.135121663411 
52 0.0658264160156 0.0 0.0 0.163503011068 0.0 0.0 0.000254313151042 0.01171875 0.0 0.135131835938 0.178243001302 8.13802083333e-05 0.0 0.0406290690104 0.123596191406 0.00103759765625 0.0275065104167 0.00100708007812 0.13173421224 0.0040283203125 0.10097249349 0.000101725260417 0.0 4.06901041667e-05 0.0145874023438 
63 0.179880777995 0.0 0.0 0.200286865234 1.01725260417e-05 0.0 0.0 0.0728759765625 0.0 0.0192464192708 0.052235921224 0.00132242838542 0.0 0.0524597167969 0.152119954427 0.0 2.03450520833e-05 0.00772094726562 0.135823567708 0.0 0.0314432779948 0.0 0.0 0.0 0.0945536295573 
93 0.173970540365 0.0 0.0 0.274739583333 0.0 0.0 0.00107828776042 0.00218709309896 0.0 0.0247497558594 0.186635335286 0.0 0.0 0.0166219075521 0.180063883464 0.0 8.13802083333e-05 3.0517578125e-05 0.0894266764323 0.0 0.0141906738281 0.0 0.0 0.0 0.0362243652344 
203 0.216868082682 0.0 0.0 0.148406982422 0.0 0.0 0.00030517578125 0.000203450520833 0.0 0.0505065917969 0.259602864583 0.0 0.0 0.0706380208333 0.137502034505 0.0 0.000152587890625 0.0 0.020273844401 0.0 0.08740234375 0.0 0.0 0.0 0.00813802083333 
209 0.14101155599 0.0 0.0 0.322458902995 0.0 0.0 0.00293986002604 0.0030517578125 0.0 0.0257771809896 0.112772623698 0.0 0.0 0.0295003255208 0.0840555826823 0.0 0.0 1.01725260417e-05 0.0369364420573 0.0 0.0742899576823 0.0 0.0 0.0 0.167195638021 
210 0.179056803385 0.0 0.0 0.274637858073 0.0 0.0 5.08626302083e-05 0.0128682454427 0.0 0.0262349446615 0.106089274089 0.0 0.0 0.0553690592448 0.114959716797 0.0 5.08626302083e-05 0.00030517578125 0.115091959635 0.0 0.0542907714844 0.0 0.0 0.0 0.0609944661458 
283 0.142272949219 0.0 0.0 0.278045654297 0.0 0.0 7.12076822917e-05 0.000295003255208 0.0 0.0683797200521 0.0388692220052 0.0 0.0 0.0489705403646 0.140635172526 0.0 2.03450520833e-05 1.01725260417e-05 0.161112467448 0.0 0.0772094726562 0.0 0.0 0.0 0.0441080729167 
292 0.119110107422 0.0 0.0 0.142303466797 0.0 0.0 0.0 0.0 0.0 0.032725016276 0.165049235026 0.0 0.0 0.00557454427083 0.19101969401 0.0 1.01725260417e-05 0.0 0.14404296875 0.0 0.0509643554688 0.0 0.0 0.0 0.149200439453 
306 0.135874430339 0.0 0.0 0.141357421875 1.01725260417e-05 0.0 0.0116068522135 0.000356038411458 0.0 0.0529276529948 0.137654622396 0.0 0.0 0.00352986653646 0.148610432943 0.188680013021 0.00914510091146 0.0 0.00754801432292 0.00120035807292 0.0335591634115 0.0 0.000325520833333 0.0 0.127614339193 
336 0.206339518229 0.0 0.0 0.202941894531 0.00709025065104 0.0 0.0268351236979 3.0517578125e-05 0.0 0.0292053222656 0.195983886719 0.0 0.0 0.00876871744792 0.187876383464 7.12076822917e-05 0.00553385416667 2.03450520833e-05 0.0348714192708 4.06901041667e-05 0.0752563476562 0.0 0.0 0.0 0.0191345214844 
379 0.133046468099 0.0 0.0 0.228068033854 0.0 0.0 0.00139363606771 0.0577290852865 0.0 0.0107116699219 0.310323079427 0.0 0.0 0.00894165039062 0.110921223958 0.0 0.000712076822917 4.06901041667e-05 0.0421040852865 0.0 0.0303446451823 0.0 0.0 0.0 0.065663655599 
381 0.13926188151 0.0 0.0 0.129923502604 0.00701904296875 0.0 0.00625610351562 0.00767008463542 1.01725260417e-05 0.110636393229 0.145904541016 0.0 0.0 0.00681559244792 0.180704752604 0.0979309082031 0.0106201171875 0.000142415364583 0.0714009602865 0.0190124511719 0.0347391764323 2.03450520833e-05 0.00030517578125 0.0 0.0316263834635 
383 0.19341023763 0.0 0.0 0.217081705729 0.00545247395833 0.0 0.00468953450521 0.0111287434896 0.0 0.0116984049479 0.13471476237 0.0 0.0 0.0326131184896 0.129333496094 0.0 0.001708984375 0.0001220703125 0.135894775391 0.0 0.104939778646 0.0 0.0 0.0 0.0172119140625 
384 0.180297851562 0.0 0.0 0.194163004557 0.00991821289062 0.0 0.0380859375 1.01725260417e-05 0.0 0.0209248860677 0.0856323242188 0.0 0.0 0.00717163085938 0.221842447917 0.0 0.00319417317708 0.0 0.0439249674479 0.0 0.161061604818 0.0 0.0 0.0 0.0337727864583 
389 0.135559082031 0.0 0.0 0.198649088542 0.0 0.0 0.000457763671875 1.01725260417e-05 0.0 0.129516601562 0.172475179036 0.0 0.0 0.079345703125 0.114542643229 0.0 3.0517578125e-05 0.021474202474 0.0797831217448 0.000111897786458 0.0109354654948 0.00184122721354 0.0 0.00754801432292 0.0477193196615 
391 0.181528727214 0.0 0.0 0.249816894531 0.0086669921875 0.0 0.00661214192708 0.00757853190104 0.0 0.045155843099 0.17387898763 0.0 0.0 0.0101420084635 0.168914794922 0.0174255371094 0.00313313802083 0.00212605794271 0.0357767740885 0.0199381510417 0.0110066731771 0.00332641601562 0.000274658203125 0.000773111979167 0.0539245605469 
399 0.158315022786 0.0 0.0 0.173543294271 9.1552734375e-05 0.0 0.00865681966146 0.0121358235677 0.0 0.0632832845052 0.152435302734 1.01725260417e-05 0.0 0.0188903808594 0.150573730469 0.0719502766927 0.0139973958333 0.000528971354167 0.0284729003906 0.0367329915365 0.0596720377604 0.000651041666667 0.000111897786458 0.000264485677083 0.0496826171875 
501 0.0780232747396 0.0 0.0 0.0986735026042 1.01725260417e-05 0.0 6.103515625e-05 0.129414876302 0.0 0.0176086425781 0.0512491861979 0.0120239257812 0.0 0.0771280924479 0.202565511068 0.0 0.00319417317708 0.00839233398438 0.11528523763 0.0 0.140991210938 1.01725260417e-05 0.0 0.0 0.0653686523438 
505 0.0634765625 0.0 0.0 0.227742513021 0.0 0.0 1.01725260417e-05 0.245208740234 0.0 0.0367431640625 0.0528361002604 0.00627644856771 0.0 0.022450764974 0.0316467285156 0.0 0.0 0.00079345703125 0.00230916341146 0.0 0.000651041666667 0.0 0.0 0.0 0.309855143229 
507 0.0545349121094 0.0 0.0 0.086924235026 0.0 0.0 0.0 0.0798543294271 0.0 0.0135294596354 0.0579427083333 0.000508626302083 0.0 0.21142578125 0.166697184245 0.0 0.0 0.0797831217448 0.233815511068 0.0 0.0139567057292 0.0 0.0 0.0 0.00102742513021 
517 0.103220621745 0.0 0.0 0.137980143229 0.0 0.0 0.000905354817708 0.00959269205729 0.0 0.0435892740885 0.0765991210938 0.0 0.0 0.055653889974 0.162414550781 0.0 0.00233968098958 0.000335693359375 0.146362304688 0.0 0.185546875 0.0 0.0 0.0 0.0754597981771 
522 0.041737874349 0.0 0.0 0.15668741862 0.0 0.0 7.12076822917e-05 0.087168375651 0.0 0.0320332845052 0.0761006673177 2.03450520833e-05 0.0 0.213907877604 0.157419840495 0.0 0.00243123372396 0.00674438476562 0.00678507486979 0.0 0.0595092773438 0.0 0.0 0.0 0.159383138021 
524 0.120157877604 0.0 0.0 0.115010579427 1.01725260417e-05 0.0 0.0 0.00342814127604 0.0 0.0408426920573 0.104298909505 0.0 0.0 0.176411946615 0.195627848307 0.0 0.0 0.00701904296875 0.131378173828 0.0 0.104034423828 0.0 0.0 0.0 0.00178019205729 
841 0.105122884115 0.0 0.0 0.132181803385 0.0327453613281 0.0 0.0867614746094 0.0 0.0 0.00279744466146 0.15087890625 0.0 0.0 6.103515625e-05 0.12685139974 0.0 0.0 0.0 0.0973409016927 0.0 0.000447591145833 0.0 0.0 0.0 0.264811197917 
866 0.0297241210938 0.0 0.0 0.10932413737 0.0 0.0 0.010487874349 0.00310262044271 0.0 0.0374348958333 0.225392659505 0.0 0.0 0.146331787109 0.0842793782552 0.0 0.0 0.000518798828125 0.128824869792 0.0 0.000203450520833 0.0 0.0 0.0 0.224375406901 
887 0.190826416016 0.0 0.0 0.219146728516 0.0 0.0 0.00593058268229 3.0517578125e-05 0.0 0.0612996419271 0.135955810547 0.0 0.0 0.114278157552 0.130940755208 0.0 0.0 0.000233968098958 0.0884094238281 0.0 0.0379638671875 0.0 0.0 0.0 0.0149841308594 
911 0.101491292318 0.0 0.0 0.181040445964 0.110310872396 0.0 0.00723266601562 0.0258382161458 0.0 0.10210164388 0.0371500651042 0.0 0.0 0.049794514974 0.115010579427 0.0 0.00145467122396 0.0216064453125 0.0943705240885 8.13802083333e-05 0.0473327636719 5.08626302083e-05 0.0 0.00409952799479 0.101033528646 
927 0.0726013183594 0.0 0.0 0.119486490885 0.0 0.0 0.0003662109375 0.0349426269531 0.0 0.0663452148438 0.0710245768229 0.0 0.0 0.118591308594 0.165130615234 0.00775146484375 0.00107828776042 0.0101420084635 0.110961914062 0.00736490885417 0.123708089193 2.03450520833e-05 0.000142415364583 0.00115966796875 0.0891825358073 
945 0.134267171224 0.0 0.0 0.117024739583 0.00383504231771 0.0 0.0533243815104 0.027842203776 0.0 0.066640218099 0.12733968099 0.0 3.0517578125e-05 0.112019856771 0.144215901693 0.000213623046875 0.0067138671875 0.0373229980469 0.0391133626302 0.004150390625 0.0959777832031 0.00379435221354 0.0 0.0112813313802 0.014892578125 
986 0.0326029459635 0.0 0.0 0.058359781901 0.0 0.0 0.0 0.0127156575521 0.0 0.0673319498698 0.0215352376302 0.0 0.0 0.10893758138 0.119008382161 0.0418802897135 0.00487263997396 0.0556844075521 0.141337076823 0.0491434733073 0.128835042318 0.00208536783854 1.01725260417e-05 0.0127156575521 0.142944335938 
991 0.11235555013 0.0 0.0 0.115437825521 0.0 0.0 2.03450520833e-05 0.00830078125 0.0 0.0384216308594 0.0639444986979 0.0 0.0 0.112477620443 0.179087320964 0.000661214192708 0.00401814778646 0.0715026855469 0.106465657552 0.000457763671875 0.142720540365 0.00290934244792 0.0 0.00105794270833 0.0401611328125 
993 0.123891194661 0.0 0.0 0.117563883464 0.0 0.0 0.0 0.0131225585938 0.0 0.06787109375 0.0697937011719 0.0 0.0 0.0799255371094 0.13612874349 0.0 0.0064697265625 0.00583902994792 0.0793050130208 0.000223795572917 0.0959777832031 0.0 0.0 0.000172932942708 0.20371500651 
997 0.0260721842448 0.0 0.0 0.0478922526042 0.0 0.0 0.0 0.00651041666667 0.0 0.03759765625 0.113108317057 0.0 0.0 0.0412292480469 0.0883483886719 0.016855875651 0.00480143229167 0.00187174479167 0.171457926432 0.0270690917969 0.119903564453 0.0 0.000223795572917 0.000844319661458 0.296213785807 
