Leaf
174 0.0531412760417 0.015879313151 0.000274658203125 0.0 0.0 0.0154012044271 0.00538126627604 0.0158386230469 0.0 0.0307210286458 0.0636393229167 0.05712890625 0.0350748697917 0.0 0.0 0.261973063151 0.0375162760417 0.0 0.000162760416667 0.196685791016 0.0 0.017344156901 0.336059570312 0.0 0.0 
287 0.0531412760417 0.0 0.0391743977865 0.0249938964844 9.1552734375e-05 0.0561116536458 0.0 0.178090413411 0.00130208333333 0.0 0.00187174479167 0.000467936197917 0.000579833984375 0.0662943522135 0.0461832682292 0.0 0.0 0.0 0.0 0.108215332031 0.0 0.0 0.401194254557 0.0 0.0155029296875 
124 0.0531412760417 0.117462158203 0.0 0.0 0.0 0.141286214193 0.00309244791667 0.179962158203 0.000162760416667 0.000233968098958 0.0 0.0419209798177 0.0716247558594 0.0 0.0 0.22797648112 0.00640869140625 0.0 0.0387674967448 0.00539143880208 0.0 0.147969563802 0.158518473307 0.0 0.0 
74 0.0531412760417 0.0496114095052 0.000467936197917 0.0 0.0 0.000295003255208 0.00121053059896 0.0115356445312 0.0 0.0646769205729 0.00360107421875 0.058827718099 0.024648030599 0.0 0.0 0.0133056640625 0.237833658854 0.0 0.0579427083333 0.0171813964844 0.0 0.0 0.138783772786 0.0 0.0 
99 0.0531412760417 0.0558573404948 0.00248209635417 1.01725260417e-05 0.00934855143229 0.146799723307 0.0 0.0270690917969 0.010019938151 0.00220743815104 0.00602213541667 0.10732014974 0.0902608235677 0.0 0.0 0.0954386393229 0.0192464192708 0.0 0.0148315429688 0.00260416666667 0.0 0.0 0.232676188151 0.0 0.0 
149 0.0531412760417 0.058827718099 9.1552734375e-05 0.0 0.0 0.0926005045573 0.000600179036458 0.084482828776 0.00136311848958 0.00228881835938 0.000498453776042 0.00870768229167 0.0246175130208 0.0 0.0 0.121724446615 0.0548909505208 0.0 0.00157674153646 0.104827880859 0.0 0.0208536783854 0.053466796875 0.0 0.0 
199 0.0531412760417 0.095458984375 0.00719197591146 0.0 0.00091552734375 0.0620320638021 0.00460815429688 0.0525207519531 0.00772094726562 0.00282796223958 0.0 0.0532430013021 0.0280049641927 0.0 0.0 0.234293619792 0.0137329101562 0.0 0.0142618815104 0.199920654297 0.0 0.14316813151 0.30234781901 0.0 0.0 
337 0.0531412760417 0.0 0.0342203776042 0.0 0.0 0.166035970052 0.000172932942708 0.172912597656 0.0 0.0 0.0274454752604 0.000356038411458 0.00160725911458 0.0265197753906 0.0018310546875 0.0 0.0 0.0 1.01725260417e-05 0.28266398112 0.0 0.0 0.247731526693 0.0 0.000864664713542 
412 0.0531412760417 0.0 0.0198872884115 0.0 0.00188191731771 0.0699259440104 0.0 0.00348917643229 0.0 0.0 0.031239827474 0.00147501627604 0.000101725260417 0.291971842448 0.0152282714844 0.0 0.0 0.02294921875 0.00685628255208 0.0631205240885 3.0517578125e-05 0.0 0.110290527344 0.0 0.0135396321615 
431 0.0531412760417 0.00148518880208 0.0 0.0401713053385 0.0120747884115 0.0 0.0 0.0 0.000864664713542 0.0 0.086903889974 0.000630696614583 0.0 0.0574340820312 0.0323893229167 0.0 0.0 0.0 0.0 0.129130045573 0.0131022135417 0.0 0.0577290852865 0.00370279947917 0.00439453125 
437 0.0531412760417 0.0 0.0356852213542 8.13802083333e-05 0.00153605143229 0.0817260742188 0.0 0.00517781575521 0.0 0.0 0.0352579752604 0.000630696614583 0.0 0.231760660807 0.0191141764323 0.0 0.0 0.0 0.00289916992188 0.0871887207031 0.0 0.0 0.221842447917 0.0 0.0135294596354 
579 0.0531412760417 0.0 4.06901041667e-05 8.13802083333e-05 0.00397745768229 0.0116577148438 0.00540161132812 0.0575256347656 0.00181070963542 0.0 0.0 0.0 0.0 0.0 0.017822265625 0.248352050781 0.0604654947917 0.0239054361979 0.0 0.0 0.0 0.0107218424479 0.306111653646 0.0 0.0 
605 0.0531412760417 0.0 0.0971984863281 0.000111897786458 0.159047444661 0.0766296386719 0.0 0.285024007161 0.0018310546875 0.0990804036458 0.0495910644531 0.0 0.0458780924479 0.0 0.0174051920573 0.164764404297 0.0 0.0553588867188 0.0 0.279602050781 0.0152689615885 0.0 0.286468505859 0.0 0.184590657552 
654 0.0531412760417 0.0 0.0 0.0 0.000284830729167 0.103546142578 0.00455729166667 0.461619059245 0.0030517578125 0.0 1.01725260417e-05 0.0 0.0 0.0 0.00101725260417 0.131724039714 0.00637817382812 0.144999186198 0.0 0.0 0.0 0.0682067871094 0.401733398438 0.000233968098958 0.0 
662 0.0531412760417 0.0 0.0145874023438 0.0 0.0 0.288503011068 0.0 0.00767008463542 0.0 0.0 0.0387166341146 0.00274658203125 0.0079345703125 0.0155944824219 0.0136515299479 0.0 0.00194295247396 0.0 0.0 0.290618896484 0.0 0.0 0.232676188151 0.0 0.00603230794271 
667 0.0531412760417 0.000193277994792 0.108978271484 0.0 0.0137430826823 0.122100830078 0.0 0.0 0.0 0.217803955078 0.048583984375 0.0 0.0 0.0 0.000478108723958 0.0 0.0 0.0191141764323 0.000437418619792 0.0 0.0 0.00156656901042 0.243733723958 0.250284830729 0.0 
774 0.0531412760417 0.0118509928385 2.03450520833e-05 0.0 0.0 0.00330607096354 0.0001220703125 0.0754903157552 0.0 0.0 0.0 0.113210042318 0.0100606282552 0.0 0.0 0.00553385416667 0.0134073893229 0.0 0.0 0.000579833984375 0.0 0.0 0.554484049479 0.0 0.0 
824 0.0531412760417 0.0198872884115 0.00188191731771 0.0 0.0 0.031239827474 0.000101725260417 0.0152282714844 0.0 0.00685628255208 3.0517578125e-05 0.110290527344 0.0135396321615 0.0 0.0 0.0192362467448 0.0297546386719 0.0 0.00129191080729 0.00107828776042 0.0 0.0 0.39360555013 0.0 0.0 
849 0.0531412760417 0.0219421386719 0.0 0.0 0.0 0.0110168457031 0.0 0.0308939615885 0.0 1.01725260417e-05 0.0 0.280690511068 0.0268859863281 0.0 0.0 0.0356648763021 0.042978922526 0.0 4.06901041667e-05 0.000590006510417 0.0 0.0 0.28119913737 0.0 0.0 
874 0.0531412760417 0.0356852213542 0.00153605143229 0.0 0.0 0.0352579752604 0.0 0.0191141764323 0.0 0.00289916992188 0.0 0.221842447917 0.0135294596354 0.0 0.0 0.104298909505 0.0106811523438 0.0 0.0638122558594 0.00201416015625 0.0 0.0 0.561848958333 0.0 0.0 
899 0.0531412760417 0.0292358398438 0.0 0.0 0.0 0.00523885091146 0.0 0.015126546224 0.0 0.0 0.00114949544271 0.205871582031 0.000417073567708 0.0 0.0 0.127817789714 0.203959147135 0.0 0.000223795572917 0.00768025716146 0.0 0.00330607096354 0.453165690104 0.0 0.0 
906 0.0531412760417 0.0102844238281 0.0 0.0135294596354 0.0382080078125 0.0 0.0 0.0 0.0 0.0168253580729 0.182484944661 0.000946044921875 0.0 0.0130208333333 0.0135294596354 0.0 0.0 0.0 0.0 0.0 0.0530598958333 0.0 0.367370605469 0.0 0.0 
924 0.0531412760417 0.0157165527344 0.0 0.0 0.0 0.0186971028646 0.0 0.0580342610677 0.0 0.0125528971354 0.0253092447917 0.014170328776 0.0240783691406 0.0 0.0 0.0782063802083 0.000640869140625 0.0 0.0 0.000579833984375 0.0 0.000284830729167 0.25986735026 0.0 0.0 
