Leaf
412 0.0134684244792 0.0 0.0 0.0875244140625 0.0 0.0 0.0 0.009765625 0.0 0.00131225585938 0.059071858724 0.0 0.0 7.12076822917e-05 0.0346476236979 0.0 0.000437418619792 0.0 0.171091715495 0.0 0.00079345703125 0.0 0.0 0.0 0.621815999349 
400 0.0166422526042 0.0 0.0 0.0293477376302 0.0 0.0 0.0 1.01725260417e-05 0.0 0.0259908040365 0.0263264973958 0.0 0.0 0.0171915690104 0.0215148925781 0.0 0.00067138671875 0.0 0.16899617513 0.0 0.00605265299479 0.0 0.0 0.0 0.687255859375 
404 0.0287577311198 0.0 0.0 0.0528055826823 0.0 0.0 0.00947062174479 0.0 0.0 0.00054931640625 0.0791727701823 0.0 0.0 0.000203450520833 0.0150756835938 0.0 1.01725260417e-05 0.0 0.110972086589 0.0 0.00151570638021 0.0 0.0 0.0 0.701466878255 
406 0.0138753255208 0.0 0.0 0.0284525553385 0.0 0.0 0.0 0.000406901041667 0.0 0.0349324544271 0.00641886393229 0.0 0.0 0.0606384277344 0.014170328776 0.0 3.0517578125e-05 0.00621541341146 0.172597249349 0.0 0.0289306640625 0.0 0.0 0.0 0.633331298828 
413 0.00426228841146 0.0 0.0 0.000315348307292 0.0 0.0 0.0 0.0 0.0 0.0235087076823 0.00230916341146 0.0 0.0 0.0327962239583 0.0179036458333 0.0 0.000539143880208 0.00103759765625 0.168721516927 0.00439453125 0.0291341145833 0.0 0.0 0.00147501627604 0.713602701823 
416 0.022471110026 0.0 0.0 0.0357462565104 0.0 0.0 0.0 0.00519816080729 0.0 0.00101725260417 0.0144551595052 0.0 0.0 0.00826009114583 0.0341084798177 0.0 1.01725260417e-05 3.0517578125e-05 0.143615722656 0.0 0.00623575846354 0.0 0.0 0.0 0.728851318359 
418 0.0102030436198 0.0 0.0 0.0102844238281 0.0 0.0 0.000213623046875 0.0 0.0 0.0533955891927 0.0175984700521 0.0 0.0 0.0583190917969 0.00637817382812 0.0 0.000325520833333 0.000518798828125 0.16709391276 0.0 0.033213297526 0.0 0.0 0.0 0.642456054688 
419 0.0171508789062 0.0 0.0 0.0796203613281 0.0 0.0 0.0 0.0178019205729 0.0 0.000773111979167 0.0194295247396 0.0 0.0 0.0135294596354 0.0380147298177 0.0 3.0517578125e-05 0.0 0.101643880208 0.0 0.00552368164062 0.0 0.0 0.0 0.706481933594 
431 0.00706990559896 0.0 0.0 0.0334981282552 0.0 0.0 0.00228881835938 0.0 0.0 0.000701904296875 0.0375773111979 0.0 0.0 0.000417073567708 0.0203653971354 0.0 0.0 0.0 0.190490722656 0.0 0.000996907552083 0.0 0.0 0.0 0.70659383138 
434 0.00536092122396 0.0 0.0 0.0221252441406 0.0 0.0 0.0 0.0 0.0 0.0201619466146 0.0199890136719 0.0 0.0 0.016123453776 0.0122985839844 0.0 0.0 0.00341796875 0.208384195964 0.0 0.010986328125 7.12076822917e-05 0.0 0.0 0.681081136068 
438 0.01806640625 0.0 0.0 0.00664265950521 0.0 0.0 0.0 0.0 0.0 0.0723164876302 0.023671468099 0.0 0.0 0.0154215494792 0.00597127278646 0.0 0.00710042317708 0.0 0.176381429036 0.0 0.0282185872396 0.0 0.0 0.0 0.646209716797 
439 0.00336710611979 0.0 0.0 0.0259602864583 0.0 0.0 0.0 0.002685546875 0.0 0.00318400065104 0.00851440429688 0.0 0.0 0.0205078125 0.0270284016927 0.0 0.0 0.00347900390625 0.169260660807 0.0 0.00762939453125 0.0 0.0 0.0 0.728383382161 
440 0.0172627766927 0.0 0.0 0.0787760416667 0.0 0.0 0.00550333658854 0.00539143880208 0.0 0.00299072265625 0.0928955078125 0.0 0.0 0.0160929361979 0.0352172851562 0.0 0.0 0.000111897786458 0.122334798177 0.0 0.00054931640625 0.0 0.0 0.0 0.622873942057 
444 0.0100708007812 0.0 0.0 0.00454711914062 0.0 0.0 0.0 2.03450520833e-05 0.0 0.0667928059896 0.00801595052083 0.0 0.0 0.0257466634115 0.101755777995 0.0 0.00526936848958 1.01725260417e-05 0.144999186198 0.0 0.0229899088542 0.0 0.0 0.0 0.609781901042 
447 0.00508626302083 0.0 0.0 0.0164286295573 0.0 0.0 0.0 2.03450520833e-05 0.0 0.0467631022135 0.0134073893229 0.0 0.0 0.0935363769531 0.0285949707031 0.0 1.01725260417e-05 0.000722249348958 0.132670084635 0.0 0.0153198242188 0.0 0.0 0.0 0.647440592448 
448 0.0116170247396 0.0 0.0 0.0494486490885 0.0 0.0 0.00124104817708 0.0 0.0 0.0171712239583 0.0601399739583 0.0 0.0 0.00161743164062 0.0384216308594 0.0 1.01725260417e-05 0.0 0.0896504720052 0.0 0.00210571289062 0.0 0.0 0.0 0.728576660156 
453 0.0286153157552 0.0 0.0 0.0316263834635 0.000935872395833 0.0 3.0517578125e-05 0.000111897786458 0.0 0.0137023925781 0.0298868815104 0.0 0.0 0.0009765625 0.0191141764323 0.0 2.03450520833e-05 0.0 0.117268880208 0.0 0.00578816731771 0.0 0.0 0.0 0.751922607422 
457 0.00864664713542 0.0 0.0 0.0203043619792 0.000742594401042 0.0 0.0 0.00248209635417 0.0 0.0464477539062 0.016855875651 0.0 0.0 0.0675455729167 0.034189860026 0.0 0.0 0.00132242838542 0.120646158854 1.01725260417e-05 0.0078125 0.0 0.0 0.0 0.672993977865 
467 0.0175984700521 0.0 0.0 0.0358276367188 0.0 0.0 0.0 0.00169881184896 0.0 0.0211385091146 0.0109049479167 0.0 0.0 0.0287577311198 0.0211791992188 0.0 3.0517578125e-05 0.000162760416667 0.123107910156 0.0 0.00675455729167 0.0 0.0 0.0 0.732838948568 
470 0.0150044759115 0.0 0.0 0.039316813151 0.0 0.0 0.0 0.000284830729167 0.0 0.0339660644531 0.0410664876302 0.0 0.0 0.0532531738281 0.0350036621094 0.0 9.1552734375e-05 0.000762939453125 0.126892089844 0.000132242838542 0.0102335611979 0.0 0.0 1.01725260417e-05 0.643981933594 
476 0.013682047526 0.0 0.0 0.0296834309896 0.0 0.0 0.0101216634115 0.0 0.0 0.00765991210938 0.0435994466146 0.0 0.0 0.018320719401 0.00986735026042 0.0 0.0 0.00574747721354 0.120147705078 0.0 0.112294514974 0.0 0.0 0.0 0.628875732422 
480 0.0181376139323 0.0 0.0 0.0420532226562 0.0 0.0 0.000437418619792 0.0 0.0 0.0193990071615 0.049550374349 0.0 0.0 0.013926188151 0.0072021484375 0.0 0.00123087565104 0.0 0.109395345052 0.0 0.01708984375 0.0 0.0 0.0 0.72157796224 
481 0.0117696126302 0.0 0.0 0.0307312011719 0.0 0.0 0.00067138671875 1.01725260417e-05 0.0 0.0116984049479 0.0420328776042 0.0 0.0 0.0127665201823 0.0256551106771 0.0 0.0 0.00018310546875 0.12831624349 0.0 0.00197347005208 0.0 0.0 0.0 0.734191894531 
484 0.0152689615885 0.0 0.0 0.0361531575521 0.0 0.0 0.0157470703125 0.0 0.0 0.0137939453125 0.0619099934896 0.0 0.0 0.0200703938802 0.00889078776042 0.0 0.0 1.01725260417e-05 0.119893391927 0.0 0.0383097330729 0.0 0.0 0.0 0.669952392578 
488 0.0106099446615 0.0 0.0 0.0559590657552 0.0 0.0 0.0 0.0376688639323 0.0 0.00595092773438 0.013682047526 5.08626302083e-05 0.0 0.0195109049479 0.0393676757812 0.0 1.01725260417e-05 0.00460815429688 0.154235839844 0.0 0.000478108723958 0.0 0.0 0.0 0.657867431641 
489 0.0170084635417 0.0 0.0 0.0368143717448 0.0 0.0 0.0 0.000396728515625 0.0 0.0361328125 0.0330301920573 0.0 0.0 0.0176696777344 0.00894165039062 0.0 5.08626302083e-05 0.0 0.183166503906 0.0 0.00316365559896 0.0 0.0 0.0 0.66362508138 
491 0.0134887695312 0.0 0.0 0.016367594401 0.0 0.0 0.0 0.000834147135417 0.0 0.049082438151 0.0228983561198 0.0 0.0 0.0306905110677 0.00858561197917 0.0 0.00735473632812 0.0 0.110748291016 0.0 0.0274963378906 0.0 0.0 0.0 0.71245320638 
494 0.00901285807292 0.0 0.0 0.0115661621094 0.0 0.0 0.0 1.01725260417e-05 0.0 0.0309753417969 0.0192362467448 0.0 0.0 0.0252482096354 0.0235799153646 0.0 0.000478108723958 2.03450520833e-05 0.123077392578 2.03450520833e-05 0.048350016276 0.0 0.0 1.01725260417e-05 0.708414713542 
498 0.0101318359375 0.0 0.0 0.023193359375 0.0 0.0 0.00654093424479 0.0 0.0 0.0176696777344 0.0564473470052 0.0 0.0 0.0054931640625 0.0202229817708 0.0 0.000162760416667 0.0 0.170837402344 0.0 0.00190226236979 0.0 0.0 0.0 0.68739827474 
499 0.0126241048177 0.0 0.0 0.049550374349 0.0 0.0 0.0 0.0172220865885 0.0 0.0216979980469 0.0150451660156 4.06901041667e-05 0.0 0.048838297526 0.0333353678385 0.0 0.0 0.000935872395833 0.115193684896 0.0 0.00517781575521 0.0 0.0 0.0 0.680338541667 
