Leaf
438 0.0531412760417 0.133951822917 0.0 0.123596191406 0.0 0.000101725260417 0.090565999349 0.000834147135417 0.00102742513021 0.0 0.0 0.0111185709635 5.08626302083e-05 0.0 2.03450520833e-05 0.078114827474 0.0 0.0 0.0500895182292 0.000539143880208 0.175720214844 5.08626302083e-05 0.0 0.559824625651 0.0 
13 0.0531412760417 0.137573242188 0.0 0.0802510579427 0.0 0.000457763671875 0.134389241536 0.0510864257812 0.0 0.0 0.0 0.0143432617188 0.0134887695312 0.000834147135417 0.00125122070312 0.04736328125 0.0 0.00138346354167 0.106068929036 2.03450520833e-05 0.112436930339 0.00283813476562 0.0 0.0636494954427 0.0 
63 0.0531412760417 0.0954081217448 0.0 0.0399678548177 0.0 0.010996500651 0.100504557292 0.00501505533854 0.000213623046875 0.00042724609375 0.0 0.0270690917969 0.000101725260417 0.000274658203125 0.00295003255208 0.0723978678385 0.0 0.0 0.11826578776 0.0 0.0472920735677 4.06901041667e-05 0.0 0.0218505859375 0.0 
70 0.0531412760417 0.117268880208 0.000712076822917 0.137939453125 0.0 0.0466918945312 0.0654296875 0.000233968098958 0.199198404948 0.0 0.145863850911 0.0294189453125 0.0 0.0413920084635 0.0 0.290384928385 0.00722249348958 0.00552368164062 0.0472920735677 0.0 0.153940836589 0.043446858724 0.00179036458333 0.139373779297 0.0 
118 0.0531412760417 0.0741373697917 0.0 0.0 0.00138346354167 0.0 0.0 0.0 0.0378926595052 0.0 0.0 0.0 0.00910441080729 0.195424397786 0.0 0.0311381022135 0.0220540364583 0.00228881835938 0.0340983072917 0.00264485677083 0.170908610026 0.274444580078 0.00426228841146 0.334238688151 0.0 
143 0.0531412760417 0.0143432617188 0.0 0.0 0.0 0.0 0.0 0.0 0.00285847981771 0.0 0.0 0.00118001302083 0.013437906901 0.0657653808594 0.0 0.0496317545573 0.0347391764323 0.00204467773438 0.0108439127604 0.000946044921875 0.120544433594 0.0647786458333 0.00136311848958 0.474182128906 6.103515625e-05 
193 0.0531412760417 0.0191040039062 0.0 0.0 0.0 0.0057373046875 4.06901041667e-05 0.0 0.0117594401042 8.13802083333e-05 0.0 0.0 0.00397745768229 0.108154296875 0.0 0.0116577148438 0.0342814127604 0.0 0.00540161132812 2.03450520833e-05 0.165110270182 0.0575256347656 0.0 0.244557698568 0.00181070963542 
263 0.0531412760417 0.142567952474 0.0 0.161834716797 0.0 0.00103759765625 0.200286865234 2.03450520833e-05 0.0 0.00283813476562 0.0 0.0752360026042 0.0206909179688 0.0 0.00786336263021 0.003173828125 0.0 0.0 0.0343526204427 0.0 0.106089274089 0.0 0.0 0.00760904947917 0.0 
293 0.0531412760417 0.0418192545573 0.0 0.159108479818 0.0 0.0268961588542 0.0 0.0 0.0 0.0738016764323 0.0 0.0 0.0112508138021 0.0228780110677 0.0 0.024912516276 0.00705973307292 0.0781656901042 0.0609944661458 0.0 6.103515625e-05 0.151407877604 1.01725260417e-05 0.105204264323 0.000722249348958 
318 0.0531412760417 0.0533142089844 0.0 0.0 0.000162760416667 0.0 0.0 0.0 0.000722249348958 0.0 0.0 2.03450520833e-05 0.00103759765625 0.0399373372396 0.0 0.106618245443 0.0706380208333 0.129557291667 0.0187784830729 0.0 0.179880777995 0.192789713542 0.0 0.19101969401 0.0 
363 0.0531412760417 0.010732014974 0.0 0.10732014974 0.0 0.000111897786458 0.232676188151 0.00128173828125 0.0 0.00107828776042 0.0 0.00203450520833 0.0018310546875 0.0 0.000203450520833 0.0990804036458 0.0 0.0 0.0655212402344 0.0 0.0458780924479 0.00260416666667 0.0 0.0731811523438 0.0 
368 0.0531412760417 0.0451863606771 0.0 0.0 0.000498453776042 0.0 0.0 0.0 0.0 0.0 0.0 2.03450520833e-05 0.000579833984375 0.0351867675781 0.0 0.0518697102865 0.0472819010417 0.00443522135417 0.0138651529948 0.0 0.176676432292 0.117065429688 0.0 0.244364420573 0.00835164388021 
393 0.0531412760417 0.0643920898438 0.000162760416667 0.0 0.000467936197917 0.0328267415365 0.0 0.0 0.000213623046875 0.0 0.0 0.0069580078125 0.0 0.0469360351562 0.0 0.0863952636719 0.0373942057292 8.13802083333e-05 0.0108032226562 0.0 0.0815938313802 0.0958150227865 0.0 0.14170328776 0.0 
403 0.0531412760417 0.0401000976562 0.000762939453125 0.10600789388 0.0 0.012451171875 0.0779622395833 0.0 0.00819905598958 0.0 0.0 0.0 0.0 0.0840555826823 0.0 0.0235290527344 0.0 0.0 0.0 0.000356038411458 0.122629801432 0.0535481770833 0.0254211425781 0.161102294922 0.000132242838542 
413 0.0531412760417 0.059336344401 0.0 0.123708089193 0.0 0.0 0.274444580078 0.000193277994792 0.0 0.0 0.0 0.0160013834635 0.0057373046875 0.0 0.0 0.0626831054688 0.0 0.0 0.036875406901 0.00127156575521 0.154215494792 2.03450520833e-05 0.0 0.065663655599 0.0 
418 0.0531412760417 0.002197265625 4.06901041667e-05 0.0 0.0 0.00377400716146 6.103515625e-05 0.0 0.0 0.0 0.0 0.0 0.0 0.0592651367188 0.0 0.00731404622396 0.0559895833333 1.01725260417e-05 0.035410563151 0.0 0.210245768229 0.12217203776 0.000233968098958 0.221842447917 0.0 
463 0.0531412760417 0.0728047688802 0.0 0.081787109375 0.0 0.0 0.150238037109 0.00309244791667 0.256744384766 0.000213623046875 0.0 0.020273844401 0.000752766927083 0.0 2.03450520833e-05 0.0443522135417 0.0 0.0 0.0425109863281 0.0 0.222696940104 0.008544921875 0.0 0.441090901693 0.0 
488 0.0531412760417 0.134755452474 0.0 0.0997721354167 0.0 0.0 0.0519409179688 0.0 0.460764567057 2.03450520833e-05 0.0 0.01220703125 0.0 3.0517578125e-05 0.00103759765625 0.0509643554688 0.000406901041667 0.0 0.0190124511719 0.0 0.220692952474 0.0 0.0 0.728576660156 0.0 
513 0.0531412760417 0.0491027832031 0.0 0.129231770833 0.0 0.0 0.00840250651042 0.0 0.0 0.000162760416667 0.0 0.0181884765625 0.0249226888021 4.06901041667e-05 0.000203450520833 0.0212605794271 0.000233968098958 6.103515625e-05 0.0632629394531 0.0 0.048828125 0.0 0.0 0.609497070312 0.0 
538 0.0531412760417 0.0801086425781 0.0 0.0432637532552 0.0 0.0 0.297322591146 0.000244140625 0.154052734375 0.00265502929688 0.0 0.00692749023438 6.103515625e-05 0.0 0.0 0.025634765625 8.13802083333e-05 0.0 0.0114034016927 0.0 0.00539143880208 0.0 0.0 0.708414713542 0.0 
638 0.0531412760417 0.05712890625 0.0 0.05712890625 0.0 0.0 0.336059570312 0.0 0.0998229980469 0.000233968098958 0.0 0.0110473632812 0.0116068522135 0.0100606282552 0.00129191080729 0.0826009114583 0.0 0.0 0.0382893880208 0.0 0.214762369792 0.0 0.0 0.243733723958 0.0277303059896 
711 0.0531412760417 1.01725260417e-05 0.0 0.0 0.0 0.0 0.0 0.0 0.0789693196615 0.015380859375 0.0555928548177 0.0 0.0 0.0302937825521 0.00194295247396 0.0 0.0 0.0 0.0 0.0843709309896 0.0524495442708 0.000213623046875 0.000457763671875 0.266001383464 0.000335693359375 
736 0.0531412760417 0.0 0.000498453776042 0.0 0.0 0.0 0.000579833984375 0.0 0.0472819010417 0.0138651529948 0.176676432292 0.0 0.00835164388021 0.0179646809896 0.0 0.0 0.0 0.0 0.0 0.0106811523438 0.0329996744792 0.0 0.151702880859 0.487630208333 0.0162862141927 
784 0.0531412760417 0.0376281738281 0.00955200195312 0.0 0.0 0.016591389974 0.0 0.0491841634115 0.0 0.0 0.1240234375 0.00241088867188 0.0 1.01725260417e-05 0.0 0.0410664876302 0.0 0.0240783691406 0.0 0.0 0.0 0.0590006510417 0.0 0.253234863281 0.000132242838542 
786 0.0531412760417 0.000162760416667 0.000467936197917 0.0 0.000213623046875 0.0 0.0 0.0 0.0373942057292 0.0108032226562 0.0815938313802 0.0 0.0 0.0140889485677 0.0 0.0 0.0 0.0 0.0 0.0433858235677 0.00361124674479 2.03450520833e-05 0.000437418619792 0.533162434896 0.13969930013 
836 0.0531412760417 4.06901041667e-05 0.0 6.103515625e-05 0.0 0.0 0.0 0.0 0.0559895833333 0.035410563151 0.210245768229 0.000233968098958 0.0 0.208384195964 0.0 0.0 0.0 0.0 0.0 0.0235595703125 0.0225423177083 0.000579833984375 0.00291951497396 0.561848958333 0.183176676432 
843 0.0531412760417 0.0292460123698 0.0 0.197825113932 0.0 0.0 0.0 0.0 0.0 0.0 0.0 8.13802083333e-05 1.01725260417e-05 0.0723164876302 0.0 0.000651041666667 0.0481567382812 0.000762939453125 1.01725260417e-05 0.0 0.0187784830729 0.260579427083 0.0 0.259094238281 0.0 
859 0.0531412760417 0.0423075358073 0.0149536132812 0.0 0.0 0.00429280598958 0.00204467773438 0.0753580729167 0.0 0.100443522135 2.03450520833e-05 0.0122477213542 0.0 0.00177001953125 0.0 0.0357564290365 0.0 0.131500244141 0.0401204427083 0.0 0.0 0.0308939615885 0.0 0.405782063802 0.0 
861 0.0531412760417 0.0249938964844 0.0 0.0 0.000579833984375 0.0 0.0 0.0 0.0155029296875 0.0524088541667 0.0992228190104 0.0 0.0 0.132670084635 0.0 0.0 0.0 0.0 0.000864664713542 0.155344645182 0.0220642089844 0.0001220703125 0.0839640299479 0.422271728516 0.106160481771 
886 0.0531412760417 0.0 0.0 0.0 0.0 0.0 0.0 0.0 0.0489705403646 0.0106811523438 0.111623128255 0.00184122721354 3.0517578125e-05 0.0951843261719 0.0 0.0 0.0 0.0163879394531 0.0 0.0468343098958 0.0341491699219 0.0 0.00223795572917 0.397450764974 0.239491780599 
920 0.0531412760417 0.0503133138021 0.0 0.176300048828 0.0 0.0289713541667 0.0518697102865 0.0 0.176676432292 0.0 0.123077392578 0.00151570638021 0.0 0.0237935384115 0.0 0.056386311849 0.0329996744792 0.0 0.0 0.0 0.246327718099 0.0407409667969 0.0 0.678894042969 0.0 
