Leaf
220 0.0531412760417 0.0394287109375 0.00636800130208 0.083750406901 0.0 0.352762858073 0.10097249349 0.00179036458333 0.339497884115 0.0 0.0780334472656 0.159047444661 0.0282491048177 0.120544433594 0.0 0.0232645670573 0.0196940104167 0.0 0.571105957031 0.0 0.0341186523438 0.0186971028646 0.0018310546875 0.311777750651 0.0 
470 0.0531412760417 0.063730875651 0.0159200032552 0.0873514811198 0.0 0.0642395019531 0.0206502278646 0.0 0.463419596354 0.0 0.132731119792 0.0470275878906 0.0 0.133239746094 0.0 0.0474446614583 0.0159810384115 0.000223795572917 0.272908528646 0.0 0.170766194661 0.0818786621094 0.0 0.0104675292969 0.0 
495 0.0531412760417 0.146799723307 0.00602213541667 0.0954386393229 0.0 0.179138183594 0.0395914713542 0.0 0.571105957031 0.0 0.100311279297 0.0990804036458 0.0 0.193298339844 0.0 0.370025634766 0.0455322265625 7.12076822917e-05 0.16059366862 0.0 0.265991210938 0.0130106608073 0.0 0.0126546223958 0.0 
520 0.0531412760417 0.101003011068 0.00116984049479 0.10004679362 0.0 0.0265808105469 0.000406901041667 0.0 0.434509277344 0.0 0.298736572266 0.0862731933594 0.0 0.37245686849 0.0 0.24326578776 0.0508626302083 0.0 0.10459391276 0.0 0.022471110026 0.14262898763 0.0 0.0237935384115 0.0 
545 0.0531412760417 0.222035725911 0.0 0.0418192545573 0.0 0.322814941406 0.103546142578 0.013193766276 0.328308105469 0.0 0.193908691406 0.048817952474 1.01725260417e-05 0.0388692220052 0.0 0.345418294271 0.0309448242188 0.00147501627604 0.131724039714 0.0 0.00987752278646 0.0078125 0.0 0.0512491861979 0.0 
570 0.0531412760417 0.0858256022135 0.00177001953125 0.173502604167 0.0 0.209482828776 0.00411987304688 0.0 0.217508951823 0.0 0.353708902995 0.00731404622396 0.0 0.307118733724 0.0 0.239959716797 0.0259806315104 0.00151570638021 0.048828125 0.0 0.0263163248698 0.0996704101562 0.0 0.104298909505 0.0 
620 0.0531412760417 0.141286214193 0.0 0.22797648112 0.0 0.0692240397135 0.00612386067708 0.000742594401042 0.379821777344 0.0 0.0932922363281 0.0673522949219 0.0 0.122629801432 0.0 0.244588216146 0.0342610677083 0.0 0.00502522786458 0.0 0.0117390950521 0.251281738281 0.0 0.283803304036 0.0 
645 0.0531412760417 0.100392659505 0.0 0.176452636719 0.0 0.0633544921875 0.00330607096354 0.0 0.173411051432 0.0 0.0999043782552 0.0772094726562 0.0 0.128082275391 0.0 0.333384195964 0.00079345703125 0.0 0.00553385416667 0.0 0.11806233724 0.0183715820312 0.0 0.179361979167 0.0 
695 0.0531412760417 0.0710042317708 0.0210774739583 0.126698811849 0.0 0.0433247884115 0.0560607910156 0.000101725260417 0.36289469401 0.0 0.158345540365 0.0380350748698 0.000661214192708 0.302805582682 0.0 0.0117797851562 0.0229899088542 0.0 0.129577636719 0.0 0.0521748860677 0.0421651204427 0.0 0.0 0.0 
870 0.0531412760417 0.0154012044271 0.0636393229167 0.261973063151 0.0 0.0526835123698 0.0835978190104 0.0 0.458852132161 0.0 0.265268961589 0.0826009114583 0.0 0.0176696777344 0.0 0.041737874349 0.0998942057292 0.0 0.0020751953125 0.0 0.0130208333333 0.0409444173177 0.0 0.103892008464 0.0 
945 0.0531412760417 0.0723978678385 0.000162760416667 0.515828450521 0.0 0.414367675781 0.0858764648438 0.0 0.161112467448 0.0 0.146311442057 0.0130106608073 0.0 0.0228983561198 0.0 0.0622863769531 0.143107096354 0.0 0.0629374186198 0.0 0.0446472167969 0.0221761067708 0.0 0.159423828125 0.0 
970 0.0531412760417 0.0561319986979 0.000498453776042 0.256663004557 0.0 0.00965372721354 0.010508219401 0.0 0.194834391276 0.0 0.207316080729 0.0225321451823 0.0 0.309254964193 0.0 0.0189615885417 0.00980631510417 0.0854288736979 0.0308329264323 0.0 0.0353291829427 0.00281778971354 0.0 0.0648193359375 0.0 
995 0.0531412760417 0.0620320638021 0.0 0.234293619792 0.0 0.0527038574219 0.0904541015625 0.0 0.311971028646 0.0 0.314300537109 0.201426188151 0.0 0.0765991210938 0.0 0.0401509602865 0.00489298502604 0.066650390625 0.225077311198 0.0 0.0435180664062 0.00390625 0.000142415364583 0.193715413411 0.0 
