Leaf
483 0.0531412760417 0.0 0.022715250651 0.0218505859375 0.00102742513021 0.0 3.0517578125e-05 0.316324869792 0.353688557943 0.0 0.0 0.107086181641 0.0 0.00238037109375 0.0 0.038330078125 0.117065429688 0.0 0.00478108723958 0.0 0.207946777344 0.243398030599 0.0 0.0667928059896 0.00111897786458 
108 0.0531412760417 0.0 0.0303548177083 0.0322672526042 0.00448608398438 0.00594075520833 0.0 0.000101725260417 0.305928548177 0.0 0.0 0.0902608235677 0.0 0.00270589192708 0.0 0.169067382812 0.0667419433594 0.0 0.00091552734375 0.0 0.155873616536 0.0663452148438 0.0 0.147735595703 0.000773111979167 
123 0.0531412760417 0.0 0.0 0.0 6.103515625e-05 0.0 0.0403849283854 0.0249938964844 0.117584228516 0.000325520833333 0.0 0.0829366048177 0.0 0.0945536295573 0.0 0.00645955403646 0.00636800130208 0.01171875 0.0928853352865 0.0 0.347279866536 0.0 0.00312296549479 0.0164184570312 0.0 
148 0.0531412760417 0.000467936197917 0.0 0.00121053059896 0.0 0.00360107421875 0.024648030599 0.0 0.237833658854 0.0579427083333 0.0 0.138783772786 0.0 0.0101725260417 0.0 0.0195719401042 0.0269165039062 0.0210673014323 0.125671386719 0.0 0.298207600911 0.0 0.00253295898438 0.178476969401 0.0 
173 0.0531412760417 0.000356038411458 0.00154622395833 0.0 0.0 0.0 0.0295206705729 0.00917561848958 0.137674967448 0.00173950195312 0.0 0.198384602865 0.0 0.0216267903646 0.0 0.0748596191406 0.00423177083333 0.000101725260417 0.111968994141 0.0 0.265594482422 0.0 1.01725260417e-05 0.0 0.0 
241 0.0531412760417 0.00785319010417 0.00166829427083 0.0 0.0282592773438 0.0 0.00642903645833 0.0 0.191955566406 1.01725260417e-05 0.13828531901 0.0 0.0 2.03450520833e-05 0.0037841796875 1.01725260417e-05 0.308898925781 0.0 0.0091552734375 0.0389099121094 0.0118509928385 0.0 0.0 0.0681966145833 0.165985107422 
266 0.0531412760417 0.0239969889323 0.0 0.0 0.028076171875 0.0 0.0 0.0 0.311269124349 0.00221761067708 0.142883300781 0.0 0.0 2.03450520833e-05 2.03450520833e-05 0.0 0.00336710611979 0.0 0.0237731933594 0.0 0.06689453125 0.0 0.0 0.0191141764323 0.0731201171875 
283 0.0531412760417 0.000152587890625 0.0186258951823 0.0219421386719 0.00555419921875 0.000874837239583 0.0 1.01725260417e-05 0.119364420573 0.0 0.0 0.0669148763021 0.0 0.0370585123698 0.0 0.0110168457031 0.198618570964 0.0 0.0 0.0 0.207661946615 0.0308939615885 0.0 0.051025390625 0.0 
291 0.0531412760417 0.0168151855469 0.000467936197917 0.0 0.0299682617188 0.0 0.00343831380208 0.0 0.274739583333 0.0 0.256663004557 0.0 0.0 0.0 0.00168863932292 5.08626302083e-05 0.274342854818 0.0 0.0295003255208 0.0 0.010508219401 0.0 0.0 0.0108744303385 0.0289611816406 
358 0.0531412760417 0.0 0.000508626302083 0.0175577799479 0.00252278645833 0.0 0.00143432617188 0.0432332356771 0.105804443359 0.0 0.0 0.00175984700521 0.0 0.0 0.0 0.0228169759115 0.100392659505 0.0 0.0 0.0 0.18857828776 0.0168863932292 0.0 0.0559285481771 0.0212198893229 
383 0.0531412760417 0.0 0.00204467773438 0.0177307128906 0.01025390625 0.00875854492188 0.0 0.00239054361979 0.174296061198 0.0 0.0 0.00554402669271 0.0 0.0 0.0 0.0944213867188 0.322591145833 0.0 0.0 0.0 0.137654622396 0.0312093098958 0.0 0.0606486002604 0.00225830078125 
408 0.0531412760417 0.0 0.0324910481771 0.0114237467448 0.00263468424479 0.0227864583333 0.0 0.110168457031 0.471537272135 0.0 0.0 0.00347900390625 0.0 0.0 0.0 0.0315348307292 0.16796875 0.0 0.0 0.0 0.170583089193 0.0816243489583 0.0 0.0822957356771 0.00212605794271 
433 0.0531412760417 0.0 0.000406901041667 0.0291137695312 0.00211588541667 0.0 0.000264485677083 0.0188395182292 0.415730794271 0.0 0.0 0.123504638672 0.0 0.0 0.0 0.029052734375 0.189900716146 0.0 0.115478515625 0.0 0.273813883464 0.013437906901 0.0 0.044687906901 0.000325520833333 
458 0.0531412760417 0.000396728515625 0.0115559895833 0.0860493977865 0.000874837239583 0.00250244140625 0.0 0.0204162597656 0.362233479818 0.0 0.0 0.00342814127604 0.0 0.000284830729167 0.0 0.0320129394531 0.135701497396 0.0 4.06901041667e-05 0.0 0.223602294922 0.0439249674479 0.0 0.0336405436198 0.00347900390625 
482 0.0531412760417 0.00166829427083 0.0282592773438 0.00642903645833 0.191955566406 0.13828531901 0.0 0.0037841796875 0.308898925781 0.0091552734375 0.0118509928385 0.0 0.165985107422 0.000213623046875 0.0 0.0 0.0 0.0104370117188 0.0 0.0 0.250122070312 0.0 0.0 0.0 0.00438435872396 
508 0.0531412760417 6.103515625e-05 0.0154825846354 0.0209147135417 0.0062255859375 0.000254313151042 0.0 0.190053304036 0.181315104167 0.0 0.0 0.0719706217448 0.0 0.000325520833333 0.0 0.0146891276042 0.190877278646 0.0 0.00432332356771 0.0 0.00641886393229 0.171010335286 0.0 0.0211385091146 0.0 
533 0.0531412760417 0.0 0.0463663736979 0.0945536295573 0.013417561849 0.0 0.0 0.0662943522135 0.17290242513 0.0 0.0 0.0403137207031 0.0 0.0 0.0 0.0556233723958 0.128275553385 1.01725260417e-05 0.0 0.0 0.0464070638021 0.132670084635 0.0 0.00686645507812 0.0 
563 0.0531412760417 0.0565490722656 0.0 0.0531005859375 0.0 0.0 0.125864664714 1.01725260417e-05 0.356150309245 0.0 0.0 0.0111592610677 0.000996907552083 0.0 0.0 0.0098876953125 0.0 0.0 0.00564575195312 0.0 0.00582885742188 0.0 0.0 0.0754597981771 0.0 
608 0.0531412760417 0.0 0.00526936848958 0.0226135253906 0.00692749023438 0.0 0.0 0.00336710611979 0.217366536458 0.0 0.0 0.0559895833333 0.0 0.00132242838542 2.03450520833e-05 0.0259806315104 0.198649088542 0.0 0.0 0.0 0.0628967285156 0.00157674153646 0.0 0.0106811523438 0.000172932942708 
633 0.0531412760417 0.0 0.0245157877604 0.0459899902344 9.1552734375e-05 0.0 0.0 0.0653889973958 0.38047281901 0.0 0.0 0.0227661132812 0.0 0.0420125325521 0.0 0.0303446451823 0.0606079101562 0.0 0.0 0.0 0.23280843099 0.0231323242188 0.0 0.0127563476562 0.00237019856771 
670 0.0531412760417 0.0863545735677 0.0 0.079111735026 0.0 0.0571085611979 0.0695495605469 0.0 0.293233235677 0.0 0.246378580729 0.014882405599 0.0 0.128824869792 0.0 0.000935872395833 0.10942586263 0.0 0.0203348795573 0.0 0.0128987630208 0.104095458984 0.0 0.00135294596354 0.0 
683 0.0531412760417 0.0 0.0208333333333 0.0443827311198 2.03450520833e-05 0.0 0.0 0.0187784830729 0.186899820964 0.0 0.0 0.0223286946615 0.0 0.0 0.0 0.0776977539062 0.0347798665365 0.0 0.0 0.0 0.207814534505 0.0025634765625 0.0 0.0337117513021 0.000681559244792 
708 0.0531412760417 0.0 0.00910441080729 0.0340983072917 0.0 0.0 9.1552734375e-05 0.0057373046875 0.24550374349 0.0 0.0 0.0472513834635 0.0 3.0517578125e-05 0.0 0.115580240885 0.0316263834635 0.0 0.0 0.0 0.0647989908854 0.0508219401042 0.0 0.0526224772135 0.115020751953 
770 0.0531412760417 0.0294189453125 0.00179036458333 0.300659179688 0.0 0.0367736816406 0.0186971028646 0.0 0.375162760417 0.0 0.257781982422 0.0174051920573 0.0253092447917 0.0263264973958 0.0 0.0360209147135 0.209798177083 0.0 0.0782063802083 0.0 0.344940185547 0.0343526204427 0.212687174479 0.125111897786 0.0 
803 0.0531412760417 0.201110839844 4.06901041667e-05 0.160858154297 0.0 0.00227864583333 0.0111185709635 0.0 0.304748535156 0.0 0.0 0.0 0.0 0.0230814615885 0.0 0.00197347005208 0.0 0.0 0.000773111979167 0.0804138183594 0.0737609863281 0.000956217447917 0.00234985351562 0.00783284505208 0.0 
808 0.0531412760417 0.0 0.0122884114583 0.0600789388021 3.0517578125e-05 0.00410970052083 0.0 3.0517578125e-05 0.45469156901 0.0 0.0 0.0355631510417 0.0 0.0 0.0 0.0383097330729 0.137980143229 0.0 0.0 0.0 0.00521850585938 0.00217692057292 0.0 0.0193379720052 0.0381876627604 
833 0.0531412760417 0.0 0.0684407552083 0.0182393391927 0.027598063151 0.0 0.0 0.0 0.304423014323 0.0 0.0 0.0375569661458 0.000651041666667 0.0 0.0 0.00517781575521 0.0240783691406 0.00225830078125 0.0 0.0 5.08626302083e-05 0.000264485677083 0.0 0.0248514811198 0.00533040364583 
845 0.0531412760417 0.0704447428385 0.00131225585938 0.0717976888021 0.0 0.094482421875 0.0186360677083 0.0 0.37245686849 0.0 0.113169352214 0.116231282552 0.0 0.00851440429688 0.0 0.0545349121094 0.105204264323 0.0 0.0182698567708 0.0 0.0453898111979 0.0603230794271 0.0 0.00979614257812 0.0 
908 0.0531412760417 0.0 0.0252176920573 0.0101623535156 4.06901041667e-05 1.01725260417e-05 0.0 0.0 0.322387695312 0.0 0.0 0.0188903808594 0.0 0.0 0.0 0.383636474609 0.224589029948 0.0 0.0135498046875 0.0 0.0125223795573 8.13802083333e-05 0.0 0.0653381347656 0.0 
933 0.0531412760417 0.0 0.0123494466146 0.027577718099 0.00222778320312 0.0 0.0 0.00230916341146 0.217071533203 0.000172932942708 0.0 0.0048828125 0.0 0.0 0.0 0.028574625651 0.147349039714 0.0 0.00924682617188 0.0 0.0142618815104 0.0187683105469 0.0 0.0 0.00018310546875 
