Leaf
289 0.0531412760417 0.122619628906 0.170379638672 0.0189921061198 0.010019938151 0.039540608724 0.359456380208 0.00344848632812 0.0 0.0 0.00211588541667 0.000295003255208 0.00779215494792 0.0 5.08626302083e-05 0.206258138021 0.00794474283854 0.0233662923177 0.0 0.000844319661458 0.0 0.0 0.0 0.0 0.0 
14 0.0531412760417 0.0577494303385 0.123626708984 0.00156656901042 5.08626302083e-05 0.117268880208 0.0896199544271 8.13802083333e-05 0.0 0.0 0.000712076822917 0.00173950195312 0.00432332356771 0.00125122070312 0.000579833984375 0.137939453125 0.045176188151 0.0420633951823 0.0 0.0239969889323 0.0 0.00612386067708 0.0 0.000172932942708 0.0 
39 0.0531412760417 0.0802510579427 0.134389241536 0.0 0.0134887695312 0.04736328125 0.106068929036 0.00283813476562 0.0 0.0 0.001220703125 0.0 0.0186360677083 8.13802083333e-05 0.0 0.158355712891 0.023681640625 0.0688680013021 0.0 0.00517781575521 0.0 0.000274658203125 0.0 0.0 0.0 
64 0.0531412760417 0.0619405110677 0.087880452474 0.00963338216146 0.00103759765625 0.0416463216146 0.209747314453 0.0 0.0 0.0 9.1552734375e-05 0.0 0.00617472330729 0.0317586263021 0.0 0.117319742839 0.108408610026 0.0240783691406 0.0 0.00526936848958 0.0 0.0 0.0 0.000498453776042 0.0 
114 0.0531412760417 0.0879211425781 0.240193684896 0.00734456380208 0.00887044270833 0.0858256022135 0.162434895833 0.0 2.03450520833e-05 0.0 0.00177001953125 0.0 0.0338338216146 0.000244140625 0.0 0.173502604167 0.0226135253906 0.0634155273438 0.0 0.018056233724 0.0 0.00221761067708 6.103515625e-05 0.0 0.0 
144 0.0531412760417 0.00447591145833 0.175048828125 0.00448608398438 0.0 0.049082438151 0.305928548177 0.0 0.0 0.0 0.0146179199219 0.0192464192708 0.0667419433594 0.000630696614583 0.0147399902344 0.155873616536 3.0517578125e-05 0.0 0.000773111979167 0.0 0.0 0.012451171875 0.000142415364583 0.0 0.00218709309896 
214 0.0531412760417 0.0276184082031 0.244995117188 7.12076822917e-05 1.01725260417e-05 0.043935139974 0.0538533528646 0.000172932942708 0.0 0.0 0.00302124023438 0.0 0.00971476236979 0.0137634277344 0.0 0.274780273438 9.1552734375e-05 0.0157572428385 0.0 0.00079345703125 0.0 0.00899251302083 0.0 0.0 0.0 
339 0.0531412760417 0.0692443847656 0.152170817057 0.000773111979167 0.0 0.0787658691406 0.156494140625 0.0 0.0 0.0 0.0 0.0394490559896 0.014882405599 5.08626302083e-05 0.0 0.259602864583 0.103668212891 0.0676981608073 0.0 0.00240071614583 0.0 0.0 0.0 0.0 0.0 
389 0.0531412760417 0.107615152995 0.308502197266 0.000295003255208 0.000101725260417 0.182637532552 0.0247497558594 0.000284830729167 0.0 0.0 0.0 0.0787455240885 0.000356038411458 0.00398763020833 0.0 0.199157714844 0.0387573242188 0.0150146484375 0.0 0.0 0.0 0.00254313151042 0.0 0.000559488932292 0.0 
439 0.0531412760417 0.0296834309896 0.161610921224 0.00100708007812 0.0156962076823 0.0573527018229 0.189341227214 0.0 0.0 0.0 0.0 0.0490010579427 0.115091959635 0.000356038411458 0.0 0.247823079427 0.00307210286458 0.0321655273438 0.0 0.00450642903646 0.0 0.00258382161458 0.0 0.0 0.0 
444 0.0531412760417 0.00121053059896 0.024648030599 0.0579427083333 0.0 0.0195719401042 0.125671386719 0.0 0.0 0.0 0.0 0.0603535970052 0.130839029948 0.0 0.0 0.258483886719 0.0 5.08626302083e-05 7.12076822917e-05 0.0 0.0 0.0352274576823 0.0662434895833 0.0 0.0 
514 0.0531412760417 0.0851236979167 0.202819824219 0.00210571289062 0.000885009765625 0.00788370768229 0.0243631998698 0.0 0.0 0.0 0.0 0.0 0.0535074869792 0.0 0.0 0.224924723307 0.00545247395833 0.0444539388021 0.0 0.00167846679688 0.0 0.0 0.0 0.0 0.0 
564 0.0531412760417 0.110666910807 0.243662516276 0.0 0.0 0.0206502278646 0.000325520833333 0.0 0.0 0.0 0.0 0.000162760416667 0.0269368489583 6.103515625e-05 1.01725260417e-05 0.272908528646 0.0064697265625 0.0326131184896 0.0 4.06901041667e-05 0.0 0.0 0.0 0.0 0.00838216145833 
589 0.0531412760417 0.116078694661 0.084238688151 0.0 0.00539143880208 0.0110982259115 0.047119140625 0.0 0.0 0.0 0.0 0.0 0.0211690266927 0.000356038411458 1.01725260417e-05 0.217315673828 0.00827026367188 0.0171915690104 0.0 1.01725260417e-05 0.0 2.03450520833e-05 0.0 0.0 0.0 
614 0.0531412760417 0.0548197428385 0.23530069987 0.0001220703125 0.00189208984375 0.00409952799479 0.0662027994792 0.0 0.0 0.0 0.0 0.000966389973958 0.00709025065104 0.0361633300781 0.00140380859375 0.13959757487 0.048329671224 0.0239766438802 0.0 0.0 0.0 0.00162760416667 0.0 0.0 0.0 
619 0.0531412760417 0.0 0.0122477213542 0.0625508626302 0.0 0.139180501302 0.368225097656 0.0 0.0 0.0 0.0 0.0154215494792 0.0682983398438 0.0 0.0104777018229 0.10649617513 0.000162760416667 0.0 0.0 0.0 0.0 0.00339762369792 0.026133219401 0.0 0.000101725260417 
644 0.0531412760417 0.00079345703125 0.0475260416667 0.00102742513021 0.0 0.0226440429688 0.353688557943 0.0 0.0 0.0 0.0 0.0683797200521 0.117065429688 0.000956217447917 0.00584920247396 0.207946777344 0.0 0.0 0.00111897786458 0.0 0.0 0.0132751464844 0.0563049316406 0.0 0.0 
660 0.0531412760417 0.083750406901 0.10097249349 0.0 0.0282491048177 0.0232645670573 0.571105957031 0.0186971028646 0.0 0.0 0.0707499186198 0.0458780924479 0.0455322265625 0.0 0.0253092447917 0.265991210938 0.0652669270833 0.00210571289062 0.0 0.0 0.0825805664062 0.0782063802083 0.184590657552 0.0 0.00205485026042 
669 0.0531412760417 0.0107421875 0.132639567057 0.027598063151 0.0 0.000193277994792 0.21332804362 0.0 0.0 0.0 0.0 0.008056640625 0.143239339193 0.0 0.0340169270833 0.0127766927083 0.0 0.0 0.00018310546875 1.01725260417e-05 0.0 0.146718343099 0.050059000651 0.0 0.000193277994792 
710 0.0531412760417 0.117869059245 0.125264485677 0.0 0.0 0.115641276042 0.322326660156 0.0191040039062 0.0 0.0 0.100504557292 0.15761311849 0.0179748535156 0.0 0.0664876302083 0.0274861653646 0.021728515625 0.188313802083 0.0 0.0 0.0359395345052 0.106852213542 0.000223795572917 0.0 0.00886027018229 
735 0.0531412760417 0.184438069661 0.043446858724 0.0 0.0 0.0685119628906 0.551584879557 0.0259094238281 0.0 0.0 0.106536865234 0.115020751953 0.0399169921875 0.0 0.0 0.00904337565104 0.0410664876302 0.00517781575521 0.0 0.0 0.0169576009115 0.0297037760417 0.0343526204427 0.0 0.0 
763 0.0531412760417 0.0271809895833 0.0 0.0846761067708 0.0 0.013193766276 0.461619059245 0.0 0.000518798828125 0.0 0.0 0.164184570312 0.00101725260417 0.0104268391927 0.0 0.0078125 0.0 0.0 0.0682067871094 0.0 0.0631713867188 0.0 0.0 0.0100402832031 0.0 
788 0.0531412760417 0.0668334960938 0.0 0.0969746907552 0.0 0.0 0.194559733073 9.1552734375e-05 0.0 1.01725260417e-05 0.0 0.00478108723958 0.001220703125 0.0 0.00682576497396 0.10243733724 0.0 0.0 0.0119934082031 0.0 0.0130411783854 0.0 0.0 0.027099609375 0.0 
794 0.0531412760417 0.0 0.0524597167969 0.000325520833333 0.0 0.00541178385417 0.227691650391 0.0 0.0 0.0 0.194885253906 0.0352783203125 0.129923502604 0.0 0.00526936848958 0.0435994466146 0.0 0.0 0.0 0.0 0.0 0.0 0.000264485677083 0.0 0.0 
819 0.0531412760417 0.000274658203125 0.0180867513021 0.0170084635417 0.0 0.00281778971354 0.185312906901 0.0 0.0 0.0 0.10634358724 0.0382588704427 0.143880208333 0.0 0.000396728515625 0.0228983561198 1.01725260417e-05 0.0 0.0 0.0 0.0 0.000111897786458 0.0112508138021 0.0 0.0 
838 0.0531412760417 0.0364278157552 0.0 0.080556233724 0.0 0.0 0.22026570638 0.0 0.0 0.0 0.0 0.0171813964844 0.0 0.0 0.00269571940104 0.0288696289062 0.0 0.0 0.0398152669271 0.0 0.00563557942708 0.0 0.0 0.00872802734375 0.0 
844 0.0531412760417 0.0 0.0953776041667 9.1552734375e-05 0.0 0.000457763671875 0.38047281901 0.0 0.0 0.0 0.0 0.036855061849 0.0606079101562 0.0 4.06901041667e-05 0.23280843099 0.0 0.0 0.00237019856771 0.0 0.0 0.00704956054688 0.00067138671875 0.0 0.00121053059896 
869 0.0531412760417 0.0 0.0603841145833 0.000712076822917 0.0 0.00550333658854 0.174580891927 0.0 0.0 0.0 0.0566813151042 0.0640665690104 0.045155843099 0.0 0.0 0.0808817545573 0.0 0.0 0.000457763671875 0.0 0.0 0.0125630696615 0.0949910481771 0.0 0.113881429036 
935 0.0531412760417 0.0579732259115 0.0132446289062 0.0 0.0 0.167948404948 0.300821940104 0.0696004231771 0.0 7.12076822917e-05 0.111399332682 0.0553588867188 0.00210571289062 0.0 0.0 0.0478312174479 0.100260416667 0.0279642740885 0.0 0.0 0.00103759765625 0.118448893229 0.0279541015625 0.0 0.0 
938 0.0531412760417 0.126861572266 0.0 0.113413492839 0.0 0.0 0.424641927083 0.000162760416667 0.0 0.0 0.0 0.171091715495 0.0 0.0 0.0 0.104095458984 0.0 0.0 0.0137634277344 0.0 0.0208028157552 0.0 0.0 0.0197245279948 0.0 
944 0.0531412760417 0.0378926595052 0.0220540364583 0.0 0.0 0.00637817382812 0.24550374349 0.0 0.0 0.0 0.21327718099 0.00600179036458 0.0316263834635 0.0 0.0276692708333 0.0647989908854 0.0 0.0755411783854 0.115020751953 0.0 0.0 0.00155639648438 0.000722249348958 0.0 0.00318400065104 
960 0.0531412760417 0.117319742839 0.0743204752604 0.0 0.0 0.0362447102865 0.260131835938 0.00801595052083 0.0 0.0 0.180297851562 0.0652669270833 0.0221150716146 0.0 0.0 0.0528361002604 8.13802083333e-05 0.0412902832031 0.0 0.0 0.0398661295573 0.234608968099 6.103515625e-05 0.0 0.132954915365 
