Leaf
619 0.312082926432 0.0 0.0 0.255930582682 0.0 0.0 0.0 0.00321451822917 0.0 0.0374247233073 0.00712076822917 0.0 0.0 0.00260416666667 0.0 0.0764668782552 0.00747680664062 0.0 0.0 0.289632161458 0.00676472981771 0.0 0.000417073567708 0.000864664713542 0.0 
245 0.599690755208 0.0 0.0 0.322591145833 0.0 0.0 0.0 2.03450520833e-05 0.0 0.0338134765625 0.00425211588542 0.0 0.0 0.0186665852865 0.0057373046875 0.0 0.0 3.0517578125e-05 0.00484212239583 0.0 0.00151570638021 0.0 0.0 0.0 0.00883992513021 
65 0.499582926432 0.0 0.0 0.138783772786 0.0 0.0 0.0313822428385 0.00263468424479 0.0 0.10166422526 0.0418192545573 9.1552734375e-05 0.0 0.0180867513021 0.00870768229167 0.0 0.00874837239583 6.103515625e-05 0.027099609375 0.00485229492188 0.044677734375 0.000142415364583 0.0 0.00188191731771 0.0697835286458 
45 0.376586914062 0.0 0.0 0.243662516276 3.0517578125e-05 0.0 0.00259399414062 0.00555419921875 0.0 0.11826578776 0.0997111002604 0.0 0.0 0.0579325358073 0.0358378092448 0.00177001953125 0.00360107421875 0.000142415364583 0.0112813313802 0.00285847981771 0.0223490397135 0.0 0.0 9.1552734375e-05 0.0177307128906 
46 0.420145670573 0.0 0.0 0.257202148438 0.000966389973958 0.0 0.010019938151 0.00185139973958 4.06901041667e-05 0.120300292969 0.0743916829427 0.0 0.0 0.0289916992188 0.0299682617188 0.00142415364583 0.00163777669271 0.000295003255208 0.01708984375 0.00185139973958 0.026621500651 0.0 0.0 0.000142415364583 0.00705973307292 
189 0.414367675781 0.0 0.0 0.194559733073 0.0 0.0 0.0961608886719 0.00018310546875 0.0 0.0343526204427 0.0646362304688 0.0 0.0 0.0576985677083 0.10780843099 5.08626302083e-05 0.000630696614583 0.0 0.000223795572917 0.000762939453125 0.0284830729167 0.0 0.0 2.03450520833e-05 6.103515625e-05 
223 0.364379882812 0.0 0.0 0.228830973307 0.0 0.0 0.0 0.0317179361979 0.0 0.013682047526 0.0430399576823 0.0 0.0 0.0719706217448 0.0270792643229 0.0 0.0 0.0 0.0551554361979 0.0 0.0242207845052 0.0 0.0 0.0 0.139923095703 
250 0.374725341797 0.0 0.0 0.300028483073 0.0 0.0 0.00443522135417 0.00042724609375 0.0 0.00876871744792 0.186818440755 0.0 0.0 0.00370279947917 0.0911254882812 0.0 0.000213623046875 6.103515625e-05 0.00977579752604 0.0 0.00731404622396 0.0 0.0 0.0 0.0126037597656 
273 0.543436686198 0.0 0.0 0.228098551432 0.0 0.0 0.000722249348958 0.00103759765625 0.0 0.0214640299479 0.0553690592448 0.0 0.0 0.0617167154948 0.0540669759115 0.0 2.03450520833e-05 0.000203450520833 0.0115763346354 0.0 0.017100016276 0.0 0.0 0.0 0.00518798828125 
276 0.514394124349 0.0 0.0 0.173217773438 0.0 0.0 1.01725260417e-05 0.00229899088542 0.0 0.00972493489583 0.0816548665365 0.0 0.0 0.0242716471354 0.0215148925781 0.0 4.06901041667e-05 0.0 0.00581868489583 0.0 0.0313415527344 0.0 0.0 0.0 0.135711669922 
295 0.42925008138 0.0 0.0 0.265177408854 0.0 0.0 0.00436401367188 0.0 0.0 0.000111897786458 0.25868733724 0.0 0.0 1.01725260417e-05 0.0299377441406 0.0 0.0 0.0 0.00368245442708 0.0 0.000681559244792 0.0 0.0 0.0 0.00809733072917 
322 0.413747151693 0.0 0.0 0.106730143229 0.00283813476562 0.0 0.0209248860677 2.03450520833e-05 0.0 0.149129231771 0.122629801432 0.0 1.01725260417e-05 0.00327555338542 0.0393981933594 0.000895182291667 0.00182088216146 0.000213623046875 0.081298828125 1.01725260417e-05 0.025634765625 0.0 0.0 0.0 0.0314229329427 
329 0.340596516927 0.0 0.0 0.219024658203 0.0420125325521 0.0 0.0359293619792 0.000203450520833 1.01725260417e-05 0.0559285481771 0.0921529134115 0.0 0.0 0.0152282714844 0.0311381022135 3.0517578125e-05 0.000233968098958 0.00155639648438 0.139322916667 4.06901041667e-05 0.0147806803385 1.01725260417e-05 0.0 0.0 0.0118001302083 
339 0.341644287109 0.0 0.0 0.305440266927 8.13802083333e-05 0.0 0.00444539388021 0.00796508789062 0.0 0.0404154459635 0.0902099609375 0.0 0.0 0.0247802734375 0.0811258951823 0.0 0.000172932942708 0.000264485677083 0.0180867513021 0.00616455078125 0.0256754557292 0.0 0.0 0.00030517578125 0.05322265625 
351 0.399943033854 0.0 0.0 0.12217203776 4.06901041667e-05 0.0 0.0153299967448 0.00018310546875 0.0 0.0190124511719 0.178558349609 0.0 0.0 0.00407918294271 0.111409505208 0.0130920410156 0.00222778320312 0.0 0.0117696126302 0.00181070963542 0.0194498697917 0.0 0.0 0.0001220703125 0.100799560547 
358 0.399444580078 0.0 0.0 0.146799723307 0.0425720214844 0.0 0.00986735026042 0.000111897786458 0.0 0.0395304361979 0.265014648438 0.0 0.0 0.00523885091146 0.0553995768229 0.0 0.000132242838542 0.0 0.00773111979167 0.0 0.00726318359375 0.0 0.0 0.0 0.0208943684896 
366 0.375966389974 0.0 0.0 0.156616210938 0.00157674153646 0.0 0.00101725260417 0.000478108723958 0.0 0.053944905599 0.223602294922 0.0 0.0 0.0375569661458 0.0357564290365 0.000966389973958 0.00140380859375 0.000193277994792 0.0105489095052 0.0542195638021 0.0178731282552 0.0 0.0 0.00887044270833 0.0194091796875 
603 0.446858723958 0.0 0.0 0.125671386719 0.0 0.0 0.0 0.0 0.0 0.0398152669271 0.00128173828125 0.0 0.0 0.000773111979167 0.0 0.24892171224 0.00155639648438 0.0 0.0 0.133534749349 0.00121053059896 0.0 0.000376383463542 0.0 0.0 
606 0.417805989583 0.0 0.0 0.280415852865 0.0 0.0 0.0 4.06901041667e-05 0.0 0.0241292317708 0.00244140625 0.0 0.0 0.00731404622396 0.0 0.0343017578125 0.0803731282552 0.0 0.0 0.00912475585938 0.138671875 0.0 0.00537109375 0.0 1.01725260417e-05 
614 0.473103841146 0.0 0.0 0.0797119140625 0.0 0.0 0.0 0.0 0.0 0.0614522298177 8.13802083333e-05 0.0 0.0 0.0105692545573 2.03450520833e-05 0.0368347167969 0.00477091471354 0.0 0.0 0.219380696615 0.0704650878906 0.0 0.0 0.0436096191406 0.0 
618 0.504282633464 0.0 0.0 0.102498372396 0.0 0.0 0.0 0.000223795572917 0.0 0.0843098958333 0.0 0.0 0.0401204427083 9.1552734375e-05 0.0 0.247324625651 0.00322469075521 0.0 0.0 9.1552734375e-05 0.0 0.0 0.017832438151 0.0 0.0 
621 0.502360026042 0.0 0.0 0.126739501953 0.0 0.0 0.0 0.00145467122396 0.0 0.0681966145833 0.000152587890625 0.0 0.00272623697917 0.00381469726562 4.06901041667e-05 0.138264973958 0.0608113606771 0.0 0.0 0.0577901204427 0.0315958658854 0.0 0.00605265299479 0.0 0.0 
623 0.332407633464 0.0 0.0 0.347412109375 0.0 0.0 0.0 0.0 0.0 0.0290120442708 0.000132242838542 0.0 0.0 0.0694885253906 0.0023193359375 0.0 0.0 0.163706461589 8.13802083333e-05 0.00148518880208 0.00760904947917 0.0010986328125 0.0 0.0452473958333 0.0 
626 0.419260660807 0.0 0.0 0.111399332682 0.0 0.0 0.00107828776042 0.00115966796875 0.0 0.064198811849 0.0020751953125 0.0 0.0 0.00479125976562 0.000478108723958 0.253041585286 0.000478108723958 0.0 2.03450520833e-05 0.140696207682 0.00103759765625 0.0 0.000284830729167 0.0 0.0 
629 0.414957682292 0.0 0.0 0.139027913411 0.0 0.0 4.06901041667e-05 0.0638122558594 0.0 0.0474751790365 0.0638020833333 0.0 0.0545349121094 0.00526936848958 0.00684611002604 0.116414388021 0.023427327474 4.06901041667e-05 0.000172932942708 0.000579833984375 0.00377400716146 0.0 0.059814453125 0.0 1.01725260417e-05 
631 0.512807210286 0.0 0.0 0.0632527669271 0.0 0.0 0.0 0.0 0.0 0.0476582845052 1.01725260417e-05 0.0 0.0 0.0100606282552 0.0 0.0295104980469 0.003173828125 0.0 0.0 0.205403645833 0.102681477865 0.0 0.0 0.0254414876302 0.0 
632 0.352457682292 0.0 0.0 0.171742757161 0.0 0.0 2.03450520833e-05 0.0 0.0 0.0921122233073 0.000620524088542 0.0 0.00678507486979 0.00930786132812 0.00553385416667 0.104766845703 0.0707499186198 0.0108032226562 0.00855509440104 0.00243123372396 0.146626790365 7.12076822917e-05 0.000132242838542 0.0130106608073 0.0042724609375 
635 0.405202229818 0.0 0.0 0.187632242839 0.0 0.0 0.0 0.0 0.0 0.0235595703125 0.000325520833333 0.0 0.00680541992188 0.00603230794271 0.0 0.0983581542969 0.181579589844 0.000651041666667 0.0 0.0124104817708 0.0279642740885 0.0 0.040771484375 0.00870768229167 0.0 
636 0.402984619141 0.0 0.0 0.113077799479 0.0 0.0 0.0 2.03450520833e-05 0.0 0.070302327474 0.000162760416667 0.0 0.0 0.0151977539062 0.0 0.0535685221354 0.000864664713542 0.000803629557292 0.0 0.203948974609 0.00489298502604 0.0 0.0 0.13417561849 0.0 
637 0.421376546224 0.0 0.0 0.16694132487 0.0 0.0 0.000233968098958 0.0164388020833 0.0 0.136759440104 0.000640869140625 0.0 0.0341491699219 0.0 0.0 0.184692382812 0.0247294108073 0.0 0.0 0.000732421875 0.000193277994792 0.0 0.0131123860677 0.0 0.0 
642 0.465749104818 0.0 0.0 0.144551595052 0.0 0.0 0.000193277994792 0.00245157877604 0.0 0.00220743815104 0.0737609863281 0.0 0.0 0.0233662923177 0.236358642578 0.0 0.0 0.00543212890625 0.00119018554688 0.0 0.0445861816406 0.0 0.0 0.0 0.000152587890625 
645 0.506846110026 0.0 0.0 0.23057047526 1.01725260417e-05 0.0 0.000590006510417 0.00111897786458 0.0 0.0435282389323 0.0164286295573 0.0 0.0157775878906 0.000203450520833 0.000895182291667 0.0614929199219 0.0967203776042 0.0 3.0517578125e-05 2.03450520833e-05 0.0169779459635 0.0 0.00870768229167 0.0 8.13802083333e-05 
650 0.357940673828 0.0 0.0 0.264506022135 0.0 0.0 0.0 0.0 0.0 0.109771728516 0.000315348307292 0.0 3.0517578125e-05 0.0 0.0 0.232432047526 0.00922648111979 0.0 0.0 0.00293986002604 0.0205993652344 0.0 0.00222778320312 0.0 1.01725260417e-05 
651 0.462595621745 0.0 0.0 0.223785400391 0.0 0.0 0.000528971354167 0.000590006510417 0.0 0.0526224772135 0.0752156575521 0.0 0.0 0.00466918945312 0.0222880045573 0.0 0.0306905110677 0.0 0.00400797526042 0.0 0.122884114583 0.0 0.0 0.0 0.0001220703125 
652 0.409342447917 0.0 0.0 0.267262776693 0.0 0.0 0.00326538085938 0.000508626302083 0.0 0.030751546224 0.00954182942708 0.0 0.0374145507812 0.00273640950521 0.000193277994792 0.0278625488281 0.16689046224 0.0 0.0 0.00048828125 0.0412902832031 0.0 0.00232950846354 0.0 0.0001220703125 
657 0.405303955078 0.0 0.0 0.184224446615 0.0 0.0 0.0 0.00398763020833 0.0 0.189219156901 0.00150553385417 0.0 2.03450520833e-05 0.000946044921875 0.0 0.211934407552 0.00118001302083 0.0 0.0 0.000539143880208 0.00103759765625 0.0 0.000101725260417 0.0 0.0 
666 0.442199707031 0.0 0.0 0.0944519042969 0.0 0.0 0.0 1.01725260417e-05 0.0 0.122446695964 5.08626302083e-05 0.0 0.0 0.02001953125 5.08626302083e-05 0.0254313151042 0.00186157226562 0.0 0.0 0.183827718099 0.0538533528646 0.0 0.0 0.0557963053385 0.0 
673 0.317677815755 0.0 0.0 0.23622639974 0.0 0.0 0.0 0.00448608398438 0.0 0.0468343098958 0.00369262695312 0.0 0.0 0.0057373046875 0.000376383463542 0.197377522786 0.000498453776042 0.0 0.0 0.184397379557 0.000579833984375 0.0 0.000864664713542 0.00125122070312 0.0 
674 0.288859049479 0.0 0.0 0.254618326823 0.0 0.0 0.0013427734375 0.00217692057292 0.0 0.0652770996094 0.0187784830729 0.0 0.0230611165365 0.000956217447917 0.000101725260417 0.117706298828 0.14638264974 0.0 0.0 0.000193277994792 0.0664469401042 0.0 0.013926188151 0.0 0.000172932942708 
686 0.501068115234 0.0 0.0 0.213012695312 0.0 0.0 0.0421244303385 0.0 0.0 0.0556640625 0.100413004557 0.0 0.0213623046875 0.0103658040365 0.00210571289062 0.0 0.0346374511719 0.00203450520833 0.0001220703125 0.0 0.0168965657552 0.0 0.0 1.01725260417e-05 0.00018310546875 
687 0.295115152995 0.0 0.0 0.330922444661 0.0 0.0 0.0 0.0 0.0 0.0558471679688 0.00321451822917 0.0 0.0 0.00441487630208 0.000132242838542 0.0213012695312 0.138804117839 0.0 0.0 0.0255126953125 0.12363688151 0.0 0.000986735026042 0.0 0.000111897786458 
690 0.290802001953 0.0 0.0 0.265207926432 0.0 0.0 0.00279744466146 0.00947062174479 0.0 0.0712381998698 0.0245971679688 0.0 0.105885823568 0.00995890299479 0.00286865234375 0.0341796875 0.124145507812 0.000233968098958 4.06901041667e-05 0.00251261393229 0.0374857584635 0.0 0.0140177408854 0.00333658854167 0.001220703125 
699 0.313323974609 0.000254313151042 0.0 0.38144938151 0.00953165690104 0.0 0.000325520833333 0.00159708658854 0.0 0.0785115559896 0.0118103027344 0.0 1.01725260417e-05 0.00484212239583 0.00264485677083 0.0479532877604 0.0442810058594 0.0 0.000264485677083 0.0678304036458 0.0214436848958 0.0 0.0138956705729 1.01725260417e-05 2.03450520833e-05 
715 0.414367675781 0.0 0.0 0.36952718099 0.0 0.0 0.00539143880208 0.0679016113281 0.0 0.033925374349 0.0574239095052 0.0 0.0 0.0126444498698 0.0196940104167 0.0 0.000244140625 0.0 0.001708984375 0.0 0.0101826985677 0.0 0.0 0.0 0.00698852539062 
771 0.430114746094 0.0 0.0 0.465799967448 0.0 0.0 0.0 0.0193990071615 0.0 0.00434366861979 0.0161437988281 0.0 0.0 0.0047607421875 0.00724283854167 0.0 0.000376383463542 0.0 0.000701904296875 0.0 0.0389607747396 0.0 0.0 0.0 0.0121561686198 
817 0.450449625651 0.0 0.0 0.165049235026 0.0 0.0 0.0965474446615 0.0 0.0 0.0574442545573 0.0945536295573 0.0 0.0 0.0285237630208 0.0450236002604 0.0 0.0 0.0 0.00959269205729 0.0 0.0222574869792 0.0 0.0 0.0 0.0305582682292 
929 0.396606445312 0.0 0.0 0.142517089844 0.0 0.0 0.000142415364583 0.00829060872396 0.0 0.07763671875 0.00862630208333 0.00018310546875 0.0 0.137176513672 0.0165100097656 0.0106302897135 0.000467936197917 0.0617167154948 0.0391337076823 0.00223795572917 0.0757751464844 0.00714111328125 2.03450520833e-05 0.0008544921875 0.0143330891927 
954 0.389719645182 0.0 0.0 0.0883585611979 0.0 0.0 0.00220743815104 0.00607299804688 0.0 0.135131835938 0.0278015136719 0.0 0.0 0.0735575358073 0.0164184570312 0.0243428548177 0.0121561686198 0.005126953125 0.0112101236979 0.0537312825521 0.120005289714 0.0 0.000295003255208 0.0236002604167 0.010264078776 
998 0.410909016927 0.0 0.0 0.105692545573 0.0 0.0 0.000101725260417 0.000203450520833 0.0 0.166005452474 0.061513264974 0.0 0.0 0.0591939290365 0.0409545898438 0.00165812174479 0.0130310058594 0.00224812825521 0.0264689127604 0.00462849934896 0.104288736979 0.0 0.0 0.000722249348958 0.00238037109375 
