Leaf
233 0.224263509115 0.0 0.0 0.354512532552 0.0 0.0 0.0 0.0 0.0 0.0175577799479 0.199157714844 0.0 0.0 0.00314331054688 0.152018229167 0.0 0.0 0.0 0.0189208984375 0.0 0.017079671224 0.0 0.0 0.0 0.0133463541667 
681 0.33241780599 0.0 0.0 0.554484049479 0.0 0.0 0.000335693359375 0.0018310546875 0.0 0.0072021484375 0.00439453125 0.0 0.00139363606771 0.00470987955729 0.00196329752604 0.00886027018229 0.050791422526 0.0 0.0 3.0517578125e-05 0.0301208496094 0.0 0.000996907552083 0.0 0.000467936197917 
89 0.202504475911 0.0 0.0 0.442189534505 0.0 0.0 0.0 0.0387674967448 0.0 0.0179646809896 0.121724446615 0.000518798828125 0.0 0.0186767578125 0.0967712402344 0.0 0.0 0.00264485677083 0.0308125813802 0.0 0.00579833984375 0.0 0.0 0.0 0.0216267903646 
30 0.115366617839 0.0 0.0 0.452626546224 0.0 0.0 0.000101725260417 0.0208740234375 0.0 0.0447998046875 0.227884928385 0.0 0.0 0.0271809895833 0.0616760253906 0.0 0.00204467773438 0.0 0.00617472330729 0.0 0.0294189453125 0.0 0.0 0.0 0.0118509928385 
51 0.190724690755 0.0 0.0 0.337280273438 0.0 0.0 0.0 0.0204874674479 0.0 0.0538533528646 0.130401611328 0.000406901041667 0.0 0.0475260416667 0.134043375651 0.0 3.0517578125e-05 0.000478108723958 0.0401713053385 0.0 0.0154825846354 0.0 0.0 0.0 0.0291137695312 
167 0.197072347005 0.0 0.0 0.372711181641 0.14316813151 0.0 0.000579833984375 0.00250244140625 0.000406901041667 0.00526936848958 0.159088134766 0.0 0.0 0.00801595052083 0.0948994954427 0.0 0.0001220703125 2.03450520833e-05 0.00625610351562 0.0 0.00746663411458 0.0 0.0 0.0 0.00242106119792 
225 0.135213216146 0.0 0.0 0.424641927083 0.0 0.0 0.02001953125 0.0112101236979 0.0 0.0183614095052 0.110188802083 0.0 0.0 0.0289510091146 0.176422119141 0.0 0.0001220703125 0.0 0.0181884765625 0.0 0.036610921224 0.0 0.0 0.0 0.0200703938802 
247 0.201405843099 0.0 0.0 0.378448486328 0.0 0.0 0.00266520182292 0.0236511230469 0.0 0.0156046549479 0.175862630208 0.0 0.0 0.017323811849 0.077646891276 0.0 0.0 0.0 0.0111592610677 0.0 0.0626831054688 0.0 0.0 0.0 0.0335489908854 
260 0.208129882812 0.0 0.0 0.386199951172 0.0 0.0 0.001220703125 0.00239054361979 0.0 0.051025390625 0.145874023438 0.0 0.0 0.0912679036458 0.077158610026 0.0 0.0 0.0 0.0100911458333 0.0 0.00654093424479 0.0 0.0 0.0 0.0201009114583 
290 0.105977376302 0.0 0.0 0.399729410807 0.0 0.0 0.000284830729167 0.00152587890625 0.0 0.0321858723958 0.0458780924479 0.0 0.0 0.0258076985677 0.322387695312 0.0 0.000233968098958 0.0 0.00581868489583 0.0 0.0456136067708 0.0 0.0 0.0 0.0145568847656 
369 0.204508463542 0.0 0.0 0.355743408203 0.0125427246094 0.0 0.00795491536458 0.00328572591146 1.01725260417e-05 0.0632629394531 0.126627604167 0.0 0.0 0.0226338704427 0.0654703776042 0.0253092447917 0.00728352864583 0.0 0.0302937825521 0.00306193033854 0.0310363769531 0.0 0.0001220703125 0.000233968098958 0.0406188964844 
669 0.151692708333 0.0 0.0 0.400034586589 0.0 0.0 0.0 0.0203450520833 0.0 0.207824707031 0.00740559895833 0.0 0.0 0.0128072102865 0.0013427734375 0.13969930013 0.0168151855469 0.0 0.0 0.0284016927083 0.00577799479167 0.0 0.00785319010417 0.0 0.0 
682 0.357899983724 0.0 0.0 0.524963378906 0.0 0.0 0.0 0.000630696614583 0.0 0.0177815755208 0.00246175130208 0.0 0.0 0.00953165690104 0.000335693359375 0.0171712239583 0.0240885416667 0.000152587890625 0.0 0.0105794270833 0.0279439290365 0.0 0.00638834635417 0.0 7.12076822917e-05 
683 0.101959228516 0.0 0.0 0.420623779297 0.0 0.0 0.00768025716146 0.011464436849 0.0 0.0604960123698 0.172688802083 0.0 0.00969441731771 0.0225524902344 0.0182189941406 0.000813802083333 0.125722249349 0.0 0.000152587890625 0.0 0.0477905273438 0.0 0.0 0.0 0.000142415364583 
698 0.186309814453 0.0 0.0 0.454427083333 0.0 0.0 0.000335693359375 0.00455729166667 0.0 0.0393371582031 0.0308329264323 0.0 0.0 0.177154541016 0.00822957356771 0.0 0.00946044921875 0.0143025716146 0.000264485677083 0.00233968098958 0.0706583658854 0.0 0.0 0.00179036458333 0.0 
730 0.271301269531 0.0 0.0 0.419138590495 0.0 0.0 0.000101725260417 0.127777099609 0.0 0.0498860677083 0.02392578125 0.0 0.0 0.0301717122396 0.00736490885417 0.0 0.00483194986979 0.000559488932292 0.0009765625 0.0 0.0409444173177 0.0 0.0 0.0 0.0230204264323 
740 0.301890055339 0.0 0.0 0.482838948568 0.0 0.0 0.0 0.0931701660156 0.0 0.00857543945312 0.0300699869792 0.0 0.0 0.0117797851562 0.0182393391927 0.0 2.03450520833e-05 0.0 0.00137329101562 0.0 0.0370890299479 0.0 0.0 0.0 0.0149536132812 
759 0.279754638672 0.0 0.0 0.451141357422 0.0 0.0 0.0 0.0762430826823 0.0 0.0510457356771 0.0200703938802 0.0 0.0 0.0494689941406 0.00784301757812 0.0 0.00435384114583 2.03450520833e-05 0.00168863932292 0.0 0.0420328776042 0.0 0.0 0.0 0.0163370768229 
784 0.388112386068 0.0 0.0 0.449859619141 0.0 0.0 0.0 0.0691935221354 0.0 0.0123697916667 0.00927734375 0.0 0.0 0.0129903157552 0.0037841796875 0.0 0.000773111979167 1.01725260417e-05 0.000966389973958 0.0 0.0435791015625 0.0 0.0 0.0 0.00908406575521 
787 0.188151041667 0.0 0.0 0.477315266927 0.000244140625 0.0 0.00067138671875 0.0722147623698 0.0 0.0922139485677 0.0462443033854 0.0 0.0 0.0257771809896 0.0255839029948 0.0 0.00315348307292 0.0 0.00892130533854 0.00104777018229 0.040517171224 0.0 0.0 0.0 0.0179443359375 
792 0.330291748047 0.0 0.0 0.422271728516 0.0 0.0 0.0 0.121887207031 0.0 0.0252176920573 0.0128784179688 0.0 0.0 0.030751546224 0.00724283854167 0.0 0.00162760416667 0.000762939453125 0.000661214192708 0.0 0.0448506673177 0.0 0.0 0.0 0.00155639648438 
798 0.309407552083 0.0 0.0 0.410614013672 0.0 0.0 0.0 0.0786641438802 0.0 0.0514017740885 0.0413716634115 0.0 0.0 0.0384318033854 0.0113016764323 0.0 0.00155639648438 4.06901041667e-05 0.00210571289062 0.0 0.0321146647135 0.0 0.0 0.0 0.0229899088542 
836 0.194508870443 0.0 0.0 0.326212565104 0.0 0.0 0.0620422363281 0.0 0.0 0.000539143880208 0.124348958333 0.0 0.0 0.00226847330729 0.0740865071615 0.0 0.0 0.0 0.0733032226562 0.0 0.0669860839844 0.0 0.0 0.0 0.0757039388021 
892 0.225331624349 0.0 0.0 0.386423746745 0.0 0.0 0.206878662109 0.0 0.0 0.066151936849 0.0648193359375 0.0 0.0 0.0101013183594 0.00678507486979 0.0 0.0 0.0 0.0144856770833 0.0 0.000996907552083 0.0 0.0 0.0 0.0180257161458 
916 0.146291097005 0.0 0.0 0.388559977214 0.0 0.0 0.00508626302083 0.00243123372396 0.0 0.0604858398438 0.090098063151 0.0 0.0 0.0700276692708 0.0218098958333 2.03450520833e-05 0.000417073567708 0.0159403483073 0.0434163411458 0.0131530761719 0.122467041016 0.0 0.0 0.00892130533854 0.0108744303385 
