Leaf
599 0.0531412760417 0.110229492188 0.000172932942708 0.0 0.0 0.224568684896 0.0 0.00625610351562 0.00477091471354 0.0 0.0 0.0700887044271 0.0428568522135 0.0 0.0 0.248779296875 0.0116984049479 0.0 0.0 0.0 0.0 0.0 0.122294108073 0.0 0.0 
9 0.0531412760417 0.161783854167 0.0167541503906 0.0 0.0 0.101501464844 0.0 0.0954081217448 0.0 0.00167846679688 0.0 0.0558573404948 0.0 0.0 0.0 0.111633300781 0.00447591145833 0.16401163737 0.0 0.0 0.0 0.0399678548177 0.00248209635417 0.00477091471354 0.0303548177083 
33 0.0531412760417 0.0 0.00820922851562 0.0558573404948 0.000996907552083 8.13802083333e-05 0.00248209635417 0.000274658203125 0.0794067382812 1.01725260417e-05 0.0 0.010732014974 0.00934855143229 0.0 0.0 0.146799723307 0.0925598144531 0.0 0.0 0.0 0.083750406901 0.0270690917969 0.0 0.0447998046875 0.010019938151 
44 0.0531412760417 0.0142415364583 0.0586649576823 0.000996907552083 0.0 0.0394287109375 0.0794067382812 0.0 0.0 0.00934855143229 0.00636800130208 0.136301676432 0.0925598144531 0.0 0.025400797526 0.083750406901 0.0 0.0 0.010019938151 4.06901041667e-05 0.0 0.0157165527344 0.0135091145833 0.0 0.00669352213542 
49 0.0531412760417 0.00674438476562 8.13802083333e-05 0.0 0.000579833984375 0.0265808105469 0.00612386067708 0.0184936523438 0.0208740234375 0.00501505533854 0.000233968098958 0.00442504882812 0.0437520345052 0.0 0.0 0.184438069661 0.0376281738281 0.0 0.00295003255208 0.00128173828125 0.0 5.08626302083e-05 0.166625976562 0.0 0.0 
69 0.0531412760417 0.000925699869792 0.155690511068 0.00477091471354 0.0 0.051259358724 0.0292256673177 0.0 0.0 0.0 0.0 0.0447998046875 0.167521158854 0.0 0.022715250651 0.0836893717448 0.0 0.000142415364583 0.0 8.13802083333e-05 0.0 0.0218505859375 0.0422058105469 0.0 0.0 
94 0.0531412760417 0.0 0.0579223632812 0.0554402669271 0.0 0.063730875651 0.110666910807 0.0 0.0 0.0 0.0159200032552 0.108703613281 0.243662516276 6.103515625e-05 0.0275065104167 0.0873514811198 4.06901041667e-05 0.0 0.0 0.0 0.0 0.0101521809896 0.00801595052083 0.0 0.0 
129 0.0531412760417 0.0 0.0 6.103515625e-05 0.0459899902344 0.100392659505 0.0118509928385 0.065928141276 0.0037841796875 0.0 0.0 0.00588989257812 2.03450520833e-05 0.0 0.00161743164062 0.176452636719 0.0468343098958 0.0195109049479 0.0 0.0 0.0 0.0582173665365 9.1552734375e-05 0.0 0.0 
159 0.0531412760417 0.27739461263 0.0533142089844 0.0 0.0 0.017567952474 0.0 0.0760599772135 0.000162760416667 0.000335693359375 0.0 0.0135701497396 0.0 0.0 0.0 0.0603230794271 0.000722249348958 0.0596516927083 0.0 0.0 0.0 0.0780944824219 2.03450520833e-05 0.000295003255208 0.00103759765625 
238 0.0531412760417 0.0420633951823 0.0 0.10551961263 0.0 0.00552368164062 0.124277750651 0.0684407552083 8.13802083333e-05 0.00459798177083 0.0 0.0290832519531 0.110168457031 0.00155639648438 0.027598063151 0.0531209309896 0.0 5.08626302083e-05 0.0145772298177 0.0 0.0801391601562 0.0 0.0 0.00272623697917 0.0 
344 0.0531412760417 0.00164794921875 0.0717468261719 0.0037841796875 0.0 0.066640218099 0.0468343098958 0.0 0.0 0.0 0.0 0.0151062011719 0.149729410807 0.0 0.0 0.173411051432 0.00205485026042 0.0 0.0 0.0 0.0 0.00568644205729 0.0142313639323 0.0 0.0189921061198 
369 0.0531412760417 0.0 0.0403849283854 0.000325520833333 0.0 0.00645955403646 0.0928853352865 0.0 0.0 0.0 0.000600179036458 0.0236511230469 0.0984700520833 0.0 0.0 0.199259440104 0.0 0.0 0.0 0.0 0.0 0.0524088541667 0.0343119303385 0.0 0.0120035807292 
419 0.0531412760417 0.000620524088542 0.0364278157552 2.03450520833e-05 0.0 0.0409952799479 0.080556233724 0.0 0.0 0.0 0.0 0.028554280599 0.22026570638 0.0 0.0 0.206258138021 0.0 0.0 0.0 0.0 0.0 0.100799560547 0.0171813964844 0.000101725260417 0.0 
424 0.0531412760417 0.00787353515625 0.0 0.000162760416667 0.0 0.054697672526 0.000722249348958 0.0113932291667 0.0 0.00103759765625 0.000681559244792 0.0262349446615 0.0706380208333 0.0 0.0 0.179880777995 0.028065999349 0.0 0.0 0.0209248860677 0.0 0.0 0.0897521972656 0.0 0.0 
429 0.0531412760417 0.0 0.0 0.0 0.013437906901 0.0496317545573 0.0108439127604 0.0647786458333 6.103515625e-05 0.0 3.0517578125e-05 0.0 0.0 0.0 4.06901041667e-05 0.193298339844 0.0690205891927 0.00643920898438 0.000132242838542 0.0 0.0 0.0382588704427 0.046875 0.0755004882812 0.0 
504 0.0531412760417 0.000213623046875 0.0 0.0 0.0147399902344 0.0773111979167 0.012451171875 0.161214192708 0.000467936197917 0.0 0.0 0.0 0.0 0.0 0.0 0.161112467448 0.0393981933594 0.0816243489583 0.0 0.0 0.0 1.01725260417e-05 0.0240783691406 0.00111897786458 0.0 
524 0.0531412760417 0.00660196940104 0.00129191080729 0.000467936197917 0.0 0.0200602213542 0.000213623046875 0.00175984700521 2.03450520833e-05 0.0 0.0 0.0732116699219 0.0373942057292 0.0 0.0 0.0815938313802 0.0761922200521 0.0 0.0 0.0211486816406 0.0 0.0 0.023447672526 0.0 0.0 
539 0.0531412760417 0.00442504882812 0.166625976562 0.000152587890625 0.000325520833333 0.0312805175781 0.0298665364583 0.0 0.0 0.0 0.0 0.0 0.0580342610677 0.000315348307292 0.0 0.115020751953 0.00241088867188 0.0375569661458 0.0 0.0 0.0 0.0 0.0 0.0 0.0 
549 0.0531412760417 0.0399373372396 2.03450520833e-05 0.0 0.000111897786458 0.048105875651 0.0 0.012705485026 2.03450520833e-05 0.000284830729167 0.0 0.188995361328 0.0207722981771 0.0 0.0 0.0921529134115 0.0190124511719 0.0 0.0225931803385 0.0 0.0 0.0 0.0231323242188 0.0 0.0 
559 0.0531412760417 0.161366780599 0.157684326172 0.0 0.000518798828125 0.00213623046875 0.000396728515625 0.00743611653646 0.0 0.0 0.0 0.00883992513021 0.0 0.0 0.0 0.128082275391 0.0172017415365 0.0974934895833 0.0 0.0 0.0 0.010498046875 0.0 0.055918375651 0.0 
573 0.0531412760417 0.0 0.0 0.000813802083333 0.00240071614583 0.0 0.0113423665365 0.0 0.00367228190104 0.000142415364583 0.0 0.136494954427 0.0 0.0166015625 0.00164794921875 0.0833231608073 0.0105489095052 3.0517578125e-05 0.0346476236979 0.0 0.0223795572917 0.0 0.00110880533854 0.0 0.0 
624 0.0531412760417 0.023681640625 0.0 0.000630696614583 0.0 0.000406901041667 0.0 0.00886027018229 0.0 9.1552734375e-05 0.0 0.0690205891927 0.00603230794271 0.0 0.0 0.10459391276 0.0632832845052 0.0 0.00662231445312 0.0 0.0 1.01725260417e-05 0.10199991862 0.0 0.0 
629 0.0531412760417 0.0 0.0 0.0 0.0210673014323 0.00214640299479 0.00820922851562 0.152465820312 4.06901041667e-05 0.0 3.0517578125e-05 0.0 5.08626302083e-05 0.0 0.013671875 0.126607259115 0.0182393391927 0.013427734375 0.0 0.0 0.0 0.0392761230469 0.0843302408854 0.00177001953125 0.0 
699 0.0531412760417 0.0281982421875 0.0 8.13802083333e-05 0.0 0.138804117839 0.0 0.00375366210938 0.0 0.00272623697917 0.0 0.133117675781 0.00247192382812 0.0 0.0 0.0194295247396 0.0467631022135 0.0 0.0582682291667 0.000386555989583 0.0 4.06901041667e-05 0.0119222005208 0.0 0.0 
724 0.0531412760417 0.135121663411 0.00142415364583 0.0 0.0 0.0120544433594 0.00442504882812 0.0124918619792 0.000264485677083 0.0 0.0 0.0591634114583 0.0840148925781 0.0 0.0 0.0199890136719 0.00759887695312 0.0 0.0347798665365 0.0 0.0 0.0 0.16694132487 0.0 0.0 
734 0.0531412760417 0.0817565917969 0.0213419596354 0.0 0.0 0.00712076822917 0.0 0.00743611653646 0.0 0.329833984375 0.0 0.0314229329427 0.0 0.000142415364583 0.0 0.0928955078125 0.0 0.049550374349 0.0 0.0 0.0 0.000742594401042 0.0 0.00079345703125 0.000935872395833 
758 0.0531412760417 0.0 0.0297546386719 0.043223063151 0.0 0.0 0.0 9.1552734375e-05 0.115854899089 0.0 0.0 0.0131225585938 0.0 3.0517578125e-05 0.0 0.113972981771 0.0267130533854 0.0 0.0 0.0 0.00244140625 0.0 0.0 0.0654602050781 0.0020751953125 
879 0.0531412760417 0.159108479818 0.0 0.0738016764323 0.0112508138021 0.024912516276 0.0609944661458 0.151407877604 0.000722249348958 0.0 0.0130920410156 0.00324503580729 0.0 0.0 0.0 0.257232666016 0.0921834309896 0.019521077474 0.000132242838542 0.0 0.0 0.0289103190104 0.0519104003906 0.0 0.0 
888 0.0531412760417 0.024648030599 0.0 0.125671386719 0.0 0.0 0.130839029948 0.0 0.0 7.12076822917e-05 0.0 0.0662434895833 0.0 0.0 0.0 0.226155598958 0.0 0.0 0.162974039714 0.013926188151 0.0316467285156 0.0 0.0 0.0144449869792 0.0 
894 0.0531412760417 0.000600179036458 0.0246175130208 0.00157674153646 0.0 0.0408630371094 0.0579121907552 0.0 0.0 0.0 0.0795694986979 0.0527954101562 0.051747639974 0.0 0.0 0.234893798828 1.01725260417e-05 0.00359090169271 0.0 0.0 0.0 0.00818888346354 0.00054931640625 0.0 0.0392049153646 
919 0.0531412760417 0.0557454427083 0.0148315429688 0.000661214192708 0.0 0.0181376139323 0.108032226562 0.0 0.0 0.0 0.0200398763021 0.00054931640625 0.0601704915365 0.0 0.0 0.0761108398438 1.01725260417e-05 0.0 0.0 0.0 0.0 0.0121561686198 0.00741577148438 0.0 0.0396219889323 
939 0.0531412760417 0.0306193033854 0.160776774089 0.0 0.0794982910156 0.000579833984375 0.0183614095052 0.0 0.0 0.0 0.00181070963542 0.0 0.226531982422 0.0376688639323 0.0 0.224232991536 0.0 0.0559387207031 0.0 0.000274658203125 0.0 0.000803629557292 0.0 0.0 0.0 
949 0.0531412760417 0.0144856770833 0.0 0.0 0.0 0.0284830729167 0.0 0.0694580078125 0.0 0.00228881835938 0.0 0.0230814615885 0.0481974283854 0.0 0.0 0.143259684245 0.0345357259115 0.0 0.011464436849 0.00030517578125 0.0 0.0 0.0531209309896 0.0 0.0 
969 0.0531412760417 0.00718180338542 0.0634155273438 1.01725260417e-05 0.0 0.0652364095052 0.0930684407552 0.0 0.0 6.103515625e-05 0.00151570638021 0.118794759115 0.0159301757812 0.0 0.00018310546875 0.131988525391 0.0 0.0047607421875 0.0 0.0 0.0 0.0667419433594 0.0476582845052 0.0 0.000132242838542 
974 0.0531412760417 0.0243530273438 0.0 0.0 0.0 0.0209045410156 0.0 0.0358581542969 0.000274658203125 0.00101725260417 0.0 0.0214131673177 0.0287577311198 0.0 0.0 0.197530110677 0.0290120442708 0.0 0.21142578125 0.0 0.0 0.0464477539062 0.0764668782552 0.0 0.0 
989 0.0531412760417 0.0830586751302 0.0300801595052 0.0 0.02001953125 0.0042724609375 0.0158284505208 0.0 0.0 0.0 0.00448608398438 0.0 0.0923868815104 0.055918375651 0.0 0.179361979167 0.0042724609375 0.00212605794271 0.0 0.000315348307292 0.0 0.0 0.0 0.0 0.0 
994 0.0531412760417 0.013427734375 0.00597127278646 0.000518798828125 0.0 0.0191040039062 0.101328531901 0.0 0.0 0.000233968098958 0.0664876302083 0.0255839029948 0.00453694661458 0.0 0.000274658203125 0.106852213542 0.0 0.0886535644531 0.0 0.00251261393229 0.0 0.0170186360677 0.041737874349 0.0 0.00220743815104 
