Leaf
593 0.0531412760417 0.0565287272135 0.0 0.0001220703125 0.0 0.0 0.0 0.0 0.000762939453125 0.0 0.0 0.0 0.0 0.0174357096354 0.0 0.0115966796875 0.00894165039062 0.0183715820312 0.523315429688 0.00349934895833 0.00340779622396 0.023193359375 0.0 0.0598449707031 0.00155639648438 
48 0.0531412760417 0.00030517578125 0.0 0.00447591145833 0.00963338216146 0.00905354817708 0.175048828125 0.0 0.209747314453 0.00448608398438 0.0 0.0925598144531 0.0 0.023681640625 0.00126139322917 0.049082438151 0.00617472330729 0.0324910481771 0.305928548177 2.03450520833e-05 0.117319742839 0.0 0.00669352213542 0.0 0.0 
46 0.0531412760417 0.00157674153646 0.00738525390625 0.155690511068 0.166107177734 0.0 0.0 0.000172932942708 0.0451863606771 0.0292256673177 0.0791422526042 0.000447591145833 0.0 0.0 0.00079345703125 0.0 0.0 0.0450744628906 0.167521158854 0.0356852213542 0.0503133138021 0.022715250651 0.0 0.0 0.0 
71 0.0531412760417 0.0 0.0 0.0738118489583 0.154083251953 0.0 0.0 2.03450520833e-05 0.038330078125 0.110850016276 0.117869059245 0.0 0.0 0.000315348307292 0.013427734375 0.00392659505208 0.0 0.0565694173177 0.337280273438 0.0517069498698 0.125264485677 0.038584391276 0.0 0.0 0.0948689778646 
73 0.0531412760417 0.0 0.0 0.00612386067708 0.00613403320312 0.0 0.133951822917 0.0 0.122680664062 0.00272623697917 0.0 0.201110839844 0.0 0.0144856770833 0.0003662109375 0.0570882161458 0.01708984375 0.00261433919271 0.123596191406 0.0 0.0884501139323 0.0 4.06901041667e-05 0.0 0.0 
98 0.0531412760417 8.13802083333e-05 0.000579833984375 0.00612386067708 0.0208740234375 0.000233968098958 0.0437520345052 0.0 0.0376281738281 0.00295003255208 0.0 0.166625976562 0.0 0.0345865885417 6.103515625e-05 0.043446858724 0.00955200195312 0.0684407552083 0.122548421224 0.0 0.117523193359 0.000254313151042 0.000325520833333 0.0 0.0 
121 0.0531412760417 0.0 0.0 0.010732014974 0.136301676432 0.0 0.0 0.0 0.0135091145833 0.10732014974 0.0971984863281 0.00140380859375 0.0 0.00118001302083 0.00128173828125 0.000111897786458 0.0 0.00386555989583 0.232676188151 0.0475565592448 0.159047444661 0.00128173828125 0.0 4.06901041667e-05 0.0 
196 0.0531412760417 0.000579833984375 0.0208740234375 0.0437520345052 0.0376281738281 0.0 0.0 6.103515625e-05 0.00955200195312 0.122548421224 0.117523193359 0.000325520833333 0.0 0.0 0.0 0.0 0.0 0.027598063151 0.161214192708 2.03450520833e-05 0.016591389974 0.00541178385417 0.0 0.0 0.0 
223 0.0531412760417 3.0517578125e-05 0.0 0.0107421875 0.00018310546875 0.0 0.132639567057 0.0 0.129547119141 0.027598063151 0.0 0.223266601562 0.0 0.00404866536458 0.0 0.000193277994792 0.0151062011719 0.0 0.21332804362 1.01725260417e-05 0.162099202474 0.0 0.0707194010417 0.00434366861979 0.0 
273 0.0531412760417 0.00283813476562 0.0 0.000274658203125 3.0517578125e-05 0.0128072102865 0.0180867513021 5.08626302083e-05 0.19145711263 0.0170084635417 0.0 0.0647786458333 0.0 0.0115051269531 3.0517578125e-05 0.00281778971354 0.00886027018229 8.13802083333e-05 0.185312906901 0.0 0.186350504557 0.0 4.06901041667e-05 0.00238037109375 0.0 
323 0.0531412760417 0.000864664713542 0.0 0.00718180338542 0.000478108723958 0.0 0.0634155273438 0.00386555989583 0.0316874186198 1.01725260417e-05 0.0 0.199330647786 0.0 0.00242106119792 0.0 0.0652364095052 0.0110677083333 0.000844319661458 0.0930684407552 0.0 0.154520670573 0.0 1.01725260417e-05 0.0 0.0 
367 0.0531412760417 0.00237019856771 0.0817565917969 0.0 0.0213419596354 0.0722961425781 0.0 0.0 0.0 0.107147216797 0.00712076822917 5.08626302083e-05 0.0 0.0 0.00743611653646 0.0 0.0 0.0743204752604 0.329833984375 0.0 0.0 0.000254313151042 0.0314229329427 0.0006103515625 0.0 
498 0.0531412760417 0.0 0.0 0.0032958984375 0.0 0.0 0.00634765625 0.0 0.00773111979167 0.00133260091146 0.0 0.102630615234 0.0 0.0215250651042 0.0 0.0455729166667 0.0111490885417 0.00182088216146 0.0553995768229 0.0 0.0965270996094 0.0 0.0 0.0 0.0 
518 0.0531412760417 0.0115356445312 0.0 0.0 0.0 0.0 0.0 0.0 0.0 0.0 0.0 0.0 0.0 0.0826314290365 0.0 0.0447794596354 0.00115966796875 0.013671875 0.0352274576823 0.075937906901 0.0407002766927 0.0174051920573 0.0 0.00986735026042 0.0 
523 0.0531412760417 0.0 0.000274658203125 0.00761922200521 0.0 0.0 0.0140177408854 0.0 0.00526936848958 9.1552734375e-05 0.0 0.126983642578 0.0 0.008544921875 0.0 0.0236307779948 0.0318705240885 0.00534057617188 0.144571940104 0.0 0.0175984700521 0.0 0.0 0.0 0.0 
548 0.0531412760417 0.0 0.0 0.00485229492188 0.00613403320312 0.0 0.000864664713542 0.0 0.00555419921875 4.06901041667e-05 0.0 0.11469523112 0.0 0.00428263346354 0.000325520833333 0.0464070638021 0.00907389322917 0.0178731282552 0.0309143066406 0.0 0.023671468099 0.0 0.0 2.03450520833e-05 0.0 
568 0.0531412760417 0.038330078125 0.0 0.0948689778646 0.0 0.0 4.06901041667e-05 0.0 0.000630696614583 0.0 0.0 0.0 0.0 0.000111897786458 0.0 0.0179748535156 0.00385538736979 0.00872802734375 0.467590332031 0.0 0.021728515625 0.00453694661458 0.0 0.157419840495 1.01725260417e-05 
623 0.0531412760417 0.0 0.0 0.00330607096354 8.13802083333e-05 0.0 0.00121053059896 0.0 0.000101725260417 4.06901041667e-05 0.0 0.0902303059896 0.0 0.056162516276 0.0 0.0118611653646 0.00919596354167 0.0 0.0384216308594 0.0 0.0564473470052 0.0 0.0 0.0 0.0 
693 0.0531412760417 0.0270690917969 0.0 0.0 0.0 0.0 0.0 0.0 0.0 0.0 0.0 0.00260416666667 0.0125528971354 0.0382588704427 0.0 0.0130106608073 0.0240783691406 0.0 0.68739827474 0.05322265625 0.0782063802083 0.144348144531 0.0 0.0 0.0 
698 0.0531412760417 0.0 0.0 0.0160624186198 8.13802083333e-05 0.0 0.00801595052083 0.0 0.013682047526 1.01725260417e-05 0.0 0.22651163737 0.0 0.0820821126302 0.0 0.033213297526 0.04345703125 0.00302124023438 0.232299804688 0.0 0.173065185547 0.0 0.0 0.0 0.0 
720 0.0531412760417 0.049082438151 0.0146179199219 0.155873616536 0.0 0.0358072916667 0.024403889974 0.0 0.260131835938 0.0 0.0541483561198 0.0455322265625 0.0 0.10459391276 0.0 0.00632731119792 0.0221150716146 0.0 0.254313151042 0.0 0.0528361002604 0.143107096354 0.00205485026042 0.0 0.0 
745 0.0531412760417 0.0926005045573 0.000498453776042 0.121724446615 0.0 0.0214131673177 0.0408630371094 0.0 0.193684895833 0.0 0.0677693684896 0.0335184733073 0.0795694986979 0.0845947265625 0.0 0.00508626302083 0.112294514974 0.0 0.234893798828 0.0 0.14198811849 0.0737915039062 0.0313822428385 0.0295817057292 0.0 
748 0.0531412760417 0.0 0.000579833984375 0.0 1.01725260417e-05 0.0 0.00347900390625 0.0 0.023691813151 0.000295003255208 0.0 0.219024658203 0.0 0.0435791015625 0.0 0.00210571289062 0.0177307128906 0.0156656901042 0.10112508138 0.0 0.100260416667 0.0 0.0 0.0 0.0 
850 0.0531412760417 0.041758219401 0.203277587891 0.0180257161458 0.0238952636719 0.0645141601562 0.0889587402344 0.143127441406 0.145477294922 0.135874430339 0.286580403646 0.111399332682 0.0313415527344 0.010264078776 0.013682047526 0.0216471354167 0.0198160807292 0.0920613606771 0.536142985026 0.126637776693 0.0401814778646 0.255503336589 0.00103759765625 0.0911966959635 0.139658610026 
946 0.0531412760417 0.0140482584635 0.0 9.1552734375e-05 0.0151062011719 0.0 0.0 0.0 0.0142313639323 0.113210042318 0.298197428385 0.0 0.0 0.0 0.0 0.0 0.0 0.016855875651 0.554484049479 0.0114542643229 0.0155436197917 0.00233968098958 0.0 0.0 0.0 
996 0.0531412760417 0.0 0.0 0.00634765625 0.00773111979167 0.0 0.0 0.0 0.0111490885417 0.0553995768229 0.0965270996094 0.0 0.0 0.0 0.0 0.0 0.0 0.00680541992188 0.358418782552 0.00276692708333 0.0023193359375 0.0 0.0 0.0 0.0 
