Leaf
79 0.0243733723958 0.0 0.0 0.0300801595052 0.0 0.0 1.01725260417e-05 0.000284830729167 0.0 0.00640869140625 0.0329284667969 0.0 0.0 0.00597127278646 0.342163085938 0.0 0.000132242838542 0.0 0.286844889323 0.0 0.010487874349 0.0 0.0 0.0 0.260314941406 
34 0.041758219401 0.0 0.0 0.10698445638 0.0 0.0 1.01725260417e-05 0.143341064453 0.0 0.0423075358073 0.0450948079427 0.0249938964844 0.0 0.0391337076823 0.305928548177 0.0 0.000406901041667 0.0189921061198 0.179962158203 0.0 0.0154012044271 0.0 0.0 0.0 0.0356852213542 
103 0.141225179036 0.0 0.0 0.031992594401 0.0 0.0 0.209635416667 0.0 0.0 0.0316874186198 0.0926411946615 0.0 0.0 0.0245869954427 0.37602742513 0.0 0.000905354817708 0.000773111979167 0.00481160481771 0.000101725260417 0.0748596191406 0.00426228841146 0.0 0.000264485677083 0.0062255859375 
128 0.118642171224 0.0 0.0 0.147532145182 0.00522867838542 0.0 0.0204162597656 0.00457763671875 0.0 0.00654093424479 0.274780273438 0.0 0.0 0.00863647460938 0.368967692057 0.0 0.00148518880208 5.08626302083e-05 0.0122985839844 0.0 0.0226440429688 0.0 0.0 0.0 0.00819905598958 
146 0.00600179036458 0.0 0.0 0.167999267578 0.017344156901 0.0 0.184214274089 0.000295003255208 0.0 0.00874837239583 0.223693847656 0.0 1.01725260417e-05 0.0172831217448 0.362233479818 0.0 0.000712076822917 2.03450520833e-05 0.00175984700521 0.0 0.00712076822917 0.0 0.0 0.0 0.0025634765625 
154 0.0367736816406 0.0 0.0 0.0967305501302 0.0 0.0 0.308898925781 0.00257364908854 0.0 0.00180053710938 0.165110270182 0.0 0.0 0.00309244791667 0.353688557943 0.0 0.0 0.0 0.0191040039062 0.0 0.00330607096354 0.0 0.0 0.0 0.00892130533854 
202 0.077891031901 0.0 0.0 0.132090250651 0.0 0.0 0.00123087565104 0.00398763020833 0.0 0.0280151367188 0.311777750651 0.0 0.0 0.0188191731771 0.38047281901 0.0 0.00067138671875 0.0 0.0124918619792 0.0 0.0186360677083 0.0 0.0 0.0 0.013916015625 
221 0.131744384766 0.0 0.0 0.151102701823 0.0 0.0 0.0103251139323 8.13802083333e-05 0.0 0.00440470377604 0.199259440104 0.0 0.0 0.00291951497396 0.356150309245 0.0 0.0 0.0 0.0681966145833 0.0 0.0543721516927 0.0 0.0 0.0 0.0214436848958 
252 0.12392171224 0.0 0.0 0.136494954427 0.0 0.0 0.00293986002604 3.0517578125e-05 0.0 0.0171813964844 0.163146972656 0.0 0.0 0.0079345703125 0.401194254557 0.0 0.0 0.0 0.0237935384115 0.0 0.0742696126302 0.0 0.0 0.0 0.0490926106771 
271 0.0403747558594 0.0 0.0 0.116190592448 0.0 0.0 0.00067138671875 0.000152587890625 0.0 0.028065999349 0.354268391927 0.0 0.0 0.0108133951823 0.365549723307 0.0 0.0 0.0 0.0120747884115 0.0 0.0632934570312 0.0 0.0 0.0 0.008544921875 
286 0.0662638346354 0.0 0.0 0.11626180013 0.0 0.0 7.12076822917e-05 0.00404866536458 0.0 0.0249938964844 0.18857828776 0.0 0.0 0.0509134928385 0.382527669271 0.0 0.0 3.0517578125e-05 0.0170084635417 0.0 0.144694010417 0.0 0.0 0.0 0.00460815429688 
288 0.0541483561198 0.0 0.0 0.161956787109 0.0 0.0 0.000539143880208 0.00127156575521 0.0 0.0128784179688 0.263834635417 0.0 0.0 0.0674743652344 0.392252604167 0.0 0.0 0.0 0.0184224446615 0.0 0.0215352376302 0.0 0.0 0.0 0.00568644205729 
513 0.0308532714844 0.0 0.0 0.13383992513 3.0517578125e-05 0.0 0.000569661458333 0.0385131835938 0.0 0.0102335611979 0.141001383464 0.0 0.0 0.175170898438 0.386912027995 0.0 0.0 0.000213623046875 0.0188191731771 0.0 0.0635375976562 0.0 0.0 0.0 0.00030517578125 
523 0.0301818847656 0.0 0.0 0.0545145670573 0.0 0.0 0.0 0.0006103515625 0.0 0.00958251953125 0.0184631347656 0.0 0.0 0.0986735026042 0.297790527344 0.0 1.01725260417e-05 0.075673421224 0.19492594401 0.0 0.21821085612 0.0 0.0 0.00030517578125 0.00105794270833 
539 0.0387776692708 0.0 0.0 0.126281738281 6.103515625e-05 0.0 0.000498453776042 0.0141194661458 0.0 0.0208841959635 0.127817789714 0.0 0.0 0.0481567382812 0.327941894531 0.0 0.0 6.103515625e-05 0.0438028971354 0.0 0.250030517578 0.0 0.0 0.0 0.00156656901042 
552 0.056386311849 0.0 0.0 0.0653076171875 0.0 0.0 0.00130208333333 4.06901041667e-05 0.0 0.0850931803385 0.200002034505 0.0 0.0 0.107269287109 0.353505452474 0.0 0.00172932942708 0.0 0.00306193033854 0.0 0.109568277995 0.0 0.0 0.0 0.0167338053385 
565 0.0172119140625 0.0 0.0 0.066416422526 0.0 0.0 4.06901041667e-05 0.00112915039062 0.0 0.0288594563802 0.206756591797 0.0 0.0 0.0662333170573 0.332489013672 0.0 0.0 0.0797729492188 0.0512898763021 0.0 0.148773193359 0.000966389973958 0.0 0.0 6.103515625e-05 
568 0.0359395345052 0.0 0.0 0.12266031901 0.0 0.0 9.1552734375e-05 0.166544596354 0.0 0.00277709960938 0.174468994141 0.0286966959635 0.0 0.007568359375 0.34912109375 0.0 0.000834147135417 0.00308227539062 0.0338236490885 0.0 0.0524495442708 0.0 0.0 0.0 0.0219421386719 
573 0.0665079752604 0.0 0.0 0.0787150065104 0.0 0.0 0.000762939453125 0.000101725260417 0.0 0.0879211425781 0.203694661458 0.0 0.0 0.0543619791667 0.403116861979 0.0 0.00204467773438 0.0 0.0025634765625 0.0 0.0813395182292 0.0 0.0 0.0 0.0188700358073 
583 0.0989074707031 0.0 0.0 0.152008056641 0.0 0.0 0.000651041666667 0.0234578450521 0.0 0.0132141113281 0.207865397135 0.0 0.0 0.0531209309896 0.358276367188 0.0 0.0006103515625 0.000172932942708 0.0269368489583 0.0 0.0421651204427 0.0 0.0 0.0 0.0226135253906 
584 0.0195719401042 0.0 0.0 0.131500244141 0.0 0.0 0.0006103515625 0.00115966796875 0.0 0.00785319010417 0.197530110677 0.0 0.0 0.00761922200521 0.37217203776 0.0 0.000966389973958 0.0 0.13954671224 0.0 0.00638834635417 0.0 0.0 0.0 0.115081787109 
591 0.0904947916667 0.0 0.0 0.147989908854 0.0 0.0 0.00018310546875 0.00466918945312 0.0 0.000640869140625 0.214467366536 0.0 0.0 0.00067138671875 0.365417480469 0.0 1.01725260417e-05 0.0 0.04150390625 0.0 0.00414021809896 0.0 0.0 0.0 0.129811604818 
593 0.0219930013021 0.0 0.0 0.107798258464 0.0 0.0 0.000834147135417 0.00129191080729 0.0 0.0189005533854 0.179361979167 0.0 0.0 0.011474609375 0.397186279297 0.0 0.000274658203125 0.0 0.081288655599 0.0 0.0345662434896 0.0 0.0 0.0 0.145029703776 
594 0.0233662923177 0.0 0.0 0.0678507486979 0.0 0.0 0.000101725260417 0.0133972167969 0.0 0.0144653320312 0.276072184245 2.03450520833e-05 0.0 0.0398661295573 0.42051188151 0.0 0.000356038411458 4.06901041667e-05 0.0508219401042 0.0 0.0584818522135 0.0 0.0 0.0 0.0346476236979 
741 0.00144449869792 0.0 0.0 0.0510559082031 0.0 0.0 0.0 0.336364746094 0.0 0.0293273925781 0.00631713867188 0.0609029134115 0.0 0.0681457519531 0.373250325521 0.0 0.00156656901042 0.00193277994792 0.0133260091146 0.0150248209635 0.0406697591146 0.0 0.0 0.000376383463542 0.000295003255208 
744 0.000172932942708 0.0 0.0 0.0339762369792 0.0 0.0 0.0 0.0479736328125 0.0 0.0397440592448 0.00616455078125 0.010986328125 0.0 0.12998453776 0.391489664714 0.0 0.052001953125 0.0918172200521 0.0733846028646 0.0168151855469 0.0930582682292 0.0117492675781 0.0 0.0 0.000681559244792 
746 0.00274658203125 0.0 0.0 0.061533610026 0.0 0.0 0.0 0.339518229167 0.0 0.0455423990885 0.0142618815104 0.00355021158854 0.0 0.124623616536 0.370819091797 0.0 0.002685546875 0.00813802083333 0.00115966796875 0.0148722330729 0.0103658040365 0.0 0.0 2.03450520833e-05 0.000162760416667 
764 0.0392252604167 0.0 0.0 0.0276794433594 0.0 0.0 0.0 0.184448242188 0.000213623046875 0.0899251302083 0.00200398763021 0.0605773925781 0.0 0.0426635742188 0.288686116536 5.08626302083e-05 0.00479125976562 0.122772216797 0.0949910481771 0.00992838541667 0.0128173828125 0.0164388020833 0.0 0.0 0.00278727213542 
837 0.0110168457031 0.0 0.0 0.0329182942708 0.0 0.0 0.024180094401 0.0 0.0 0.0100911458333 0.37803141276 0.0 0.0 0.000874837239583 0.405995686849 0.0 0.0 0.0 0.0745747884115 0.0 0.000101725260417 0.0 0.0 0.0 0.0622151692708 
849 0.0765380859375 0.0 0.0 0.0811360677083 0.0 0.0 0.137898763021 0.0 0.0 0.000132242838542 0.165161132812 0.0 0.0 0.0 0.354634602865 0.0 0.0 0.0 0.116638183594 0.0 0.000467936197917 0.0 0.0 0.0 0.067392985026 
874 0.0882059733073 0.0 0.0 0.156555175781 0.0 0.0 0.000152587890625 0.125986735026 0.0 9.1552734375e-05 0.111846923828 0.0 0.0 0.129954020182 0.338124593099 0.0 0.0 0.0 0.041737874349 0.0 0.00265502929688 0.0 0.0 0.0 0.00468953450521 
972 0.0110270182292 0.0 0.0 0.024403889974 0.0 0.0 0.000274658203125 2.03450520833e-05 0.0 0.124206542969 0.0474650065104 0.0 0.0 0.102935791016 0.281026204427 0.00105794270833 0.0160522460938 0.0125223795573 0.198923746745 0.00418090820312 0.175771077474 0.0 0.0 0.0 0.000132242838542 
