Leaf
702 0.0531412760417 0.0 0.00270589192708 0.000233968098958 0.00217692057292 0.274271647135 0.0 0.185312906901 9.1552734375e-05 0.0237935384115 0.0086669921875 0.000132242838542 0.0191345214844 0.0 0.143880208333 0.0 0.00662231445312 0.0381571451823 0.00627644856771 0.362274169922 0.0 0.0 0.000213623046875 0.0 0.00125122070312 
452 0.0531412760417 0.0 0.00173950195312 0.0 0.0 0.0698038736979 0.0 0.268829345703 0.000142415364583 0.014882405599 0.0146789550781 0.0 0.103668212891 0.0 0.111012776693 0.0 0.00030517578125 0.0443318684896 0.0 0.0320638020833 0.0706278483073 4.06901041667e-05 0.00962320963542 0.0 0.0 
502 0.0531412760417 0.0 0.0 0.000437418619792 0.000142415364583 0.285970052083 0.0 0.28960164388 0.00306193033854 0.00846354166667 0.0130106608073 0.0 0.0299479166667 0.0 0.112091064453 0.0 0.0 0.0504862467448 0.0 0.00681559244792 0.0 0.0029296875 0.0 0.0 0.0 
37 0.0531412760417 0.0 0.0496114095052 0.0 0.000467936197917 0.0914204915365 0.0 0.18696085612 0.0 0.0 0.000295003255208 0.00042724609375 0.00121053059896 0.00332641601562 0.0115356445312 0.0 0.0 0.0 0.0646769205729 0.182098388672 0.00360107421875 0.0 0.058827718099 0.0 0.024648030599 
187 0.0531412760417 0.0 0.0164286295573 0.0 0.0 0.0579732259115 0.0 0.135131835938 0.000579833984375 0.0 0.0132446289062 0.00386555989583 0.0 0.00204467773438 0.0290832519531 0.0 1.01725260417e-05 0.000295003255208 0.000345865885417 0.199330647786 0.0 0.0 0.089833577474 0.0 0.00347900390625 
227 0.0531412760417 0.0 0.000691731770833 0.000691731770833 0.0 0.0997111002604 0.0 0.152119954427 0.0252176920573 0.0209350585938 0.00479125976562 0.0 0.0101623535156 0.0 0.0366821289062 0.0 4.06901041667e-05 0.00180053710938 0.0 0.175577799479 1.01725260417e-05 0.000162760416667 0.0 0.0 0.0 
262 0.0531412760417 0.0 0.00660196940104 0.000162760416667 0.00129191080729 0.178243001302 0.000467936197917 0.0166524251302 0.0 0.0 0.0200602213542 0.00285847981771 0.000213623046875 0.0946858723958 0.00175984700521 0.0 2.03450520833e-05 0.00108846028646 0.0 0.143524169922 0.0 0.0 0.0732116699219 0.0 0.0373942057292 
312 0.0531412760417 0.0 0.023681640625 0.0 0.0 0.10004679362 0.000630696614583 0.19145711263 0.0 0.00217692057292 0.000406901041667 6.103515625e-05 0.0 0.131306966146 0.00886027018229 0.0 0.0 0.0 9.1552734375e-05 0.217681884766 0.0 0.0 0.0690205891927 0.0 0.00603230794271 
352 0.0531412760417 0.0 0.0 0.00669352213542 0.0 0.339497884115 0.0 0.130310058594 0.0 0.000142415364583 0.0196940104167 0.0 0.00110880533854 0.0 0.0950520833333 0.0 0.0112101236979 0.023691813151 0.0 0.0559895833333 0.0 0.0 0.0 0.0 0.0 
362 0.0531412760417 0.0 0.135121663411 0.0 0.00142415364583 0.108245849609 0.0 0.02001953125 0.0 0.0 0.0120544433594 0.0 0.00442504882812 0.0511169433594 0.0124918619792 0.0 0.000264485677083 0.0 0.0 0.136840820312 0.0 0.0 0.0591634114583 0.0 0.0840148925781 
377 0.0531412760417 0.0 0.0 0.00259399414062 0.0 0.230072021484 0.0 0.00539143880208 2.03450520833e-05 0.0114949544271 0.0117696126302 0.0 0.00182088216146 0.0 0.113260904948 0.0 0.000111897786458 0.0367533365885 0.0 0.0509134928385 0.0453389485677 0.0 0.0100606282552 0.0 0.0 
387 0.0531412760417 6.103515625e-05 0.0118509928385 0.0 2.03450520833e-05 0.176452636719 0.0 0.0582173665365 0.0 0.0 0.00330607096354 0.0149434407552 0.0001220703125 0.0 0.0754903157552 0.0 0.0 0.000274658203125 0.0 0.151621500651 0.0 0.0 0.113210042318 0.0 0.0100606282552 
427 0.0531412760417 0.0 0.0 0.0 5.08626302083e-05 0.057118733724 0.0 0.156433105469 0.0 0.012705485026 0.00759887695312 0.0 0.00806681315104 0.0 0.0987650553385 0.0 0.00103759765625 0.0321858723958 0.0 0.0850219726562 0.0294392903646 0.0 0.0140177408854 0.0 0.0 
462 0.0531412760417 0.0 0.0157165527344 0.0 0.0 0.300659179688 0.0 0.0298665364583 0.0 0.0 0.0186971028646 0.000203450520833 0.0 4.06901041667e-05 0.0580342610677 0.0 0.0 0.000295003255208 0.0125528971354 0.12217203776 0.0253092447917 0.0 0.014170328776 0.0 0.0240783691406 
487 0.0531412760417 0.0 0.0243530273438 0.00520833333333 0.0 0.26796468099 0.0 0.014902750651 0.0 0.0 0.0209045410156 0.0 0.0 0.00131225585938 0.0358581542969 0.0 0.000274658203125 0.000325520833333 0.00101725260417 0.124186197917 0.0 0.0 0.0214131673177 0.0 0.0287577311198 
512 0.0531412760417 0.0 0.108408610026 0.0 2.03450520833e-05 0.261901855469 0.0 0.00334676106771 0.0 0.0 0.0980224609375 0.0112101236979 0.0 0.00030517578125 0.0170084635417 0.0 0.000325520833333 1.01725260417e-05 0.00691731770833 0.198649088542 0.0 0.0 0.0146789550781 0.0 0.0306905110677 
552 0.0531412760417 0.0 0.0 0.0 0.0 0.176300048828 0.0 0.353688557943 0.000579833984375 0.0105997721354 0.0518697102865 0.0 0.0138651529948 0.0 0.117065429688 0.0 0.00835164388021 0.0822957356771 0.0 0.0135294596354 0.0 0.00111897786458 0.0 0.0 0.0 
572 0.0531412760417 0.0 0.00285847981771 0.013437906901 0.0347391764323 0.120544433594 6.103515625e-05 0.0 0.0 0.0 0.0862731933594 0.0 0.0690205891927 0.0 0.0 0.0 0.0 0.0435791015625 0.0 0.208384195964 0.0 0.0 0.0235188802083 0.00344848632812 0.10199991862 
677 0.0531412760417 0.0 1.01725260417e-05 0.000701904296875 0.0 0.282836914062 0.0 0.10780843099 0.0 0.0205078125 0.0270690917969 0.0 0.00800577799479 0.0 0.228068033854 0.0 0.0 0.0448201497396 0.0 0.153747558594 0.0 0.00308227539062 0.0 0.0 0.0374247233073 
712 0.0531412760417 0.0 0.0322977701823 0.000742594401042 0.0 0.137847900391 0.0 0.000101725260417 0.0 0.0 0.110758463542 0.0 0.000518798828125 0.0431111653646 0.00919596354167 0.0 0.000132242838542 0.0 0.00904337565104 0.130025227865 0.0 0.0 0.000478108723958 0.0 0.0225524902344 
737 0.0531412760417 0.0 0.00954182942708 3.0517578125e-05 0.0 0.18315633138 0.0 0.100443522135 0.0 0.0 0.014882405599 6.103515625e-05 3.0517578125e-05 0.00468953450521 0.171091715495 0.0 0.0 1.01725260417e-05 0.0489400227865 0.0902201334635 0.0 0.0 0.0 0.0 0.0893249511719 
772 0.0531412760417 0.0 0.0117594401042 0.00397745768229 0.0342814127604 0.165110270182 0.00181070963542 0.0 0.0 0.0 0.0361531575521 0.000264485677083 0.0604654947917 0.0 0.0 0.0 0.0 0.00178019205729 0.0 0.208160400391 0.0 0.0 0.0100606282552 4.06901041667e-05 0.0510559082031 
802 0.0531412760417 0.0 0.0 2.03450520833e-05 0.0 0.123138427734 0.0 0.0764567057292 0.0 0.0184224446615 0.0503845214844 0.000396728515625 0.0337727864583 0.0 0.112670898438 0.0 0.0385131835938 0.16352335612 0.0 0.293853759766 0.0 0.0 0.0 0.0 0.0 
827 0.0531412760417 0.0 0.0 0.00169881184896 0.0 0.199025472005 0.0 0.0470072428385 0.0 0.0445861816406 0.0261433919271 0.0 0.0372619628906 0.0 0.019775390625 0.0 0.0116475423177 0.0315246582031 0.0 0.172688802083 0.00111897786458 0.0 0.0115254720052 0.0 0.0 
837 0.0531412760417 0.0 0.0128987630208 0.0 0.0 0.159088134766 0.0 0.542521158854 0.0 0.0140482584635 0.0516866048177 0.0137736002604 0.0 0.0 0.0185750325521 0.0 0.00101725260417 0.0 0.0105590820312 0.113077799479 0.13969930013 0.0 0.0114237467448 0.0 0.000152587890625 
862 0.0531412760417 0.0 0.0120747884115 0.0 0.000864664713542 0.086903889974 0.0 0.0323893229167 0.0 0.0 0.0131022135417 0.0577290852865 0.00439453125 0.00124104817708 0.0145568847656 0.0 0.0682373046875 0.0 0.00439453125 0.144877115885 0.0 0.0 0.0440877278646 0.0 0.0 
912 0.0531412760417 2.03450520833e-05 0.0226135253906 0.0 0.0 0.217508951823 0.0 0.0731201171875 0.0 0.000233968098958 0.0259806315104 0.0 0.0 0.0 0.00157674153646 0.0 0.000172932942708 0.0 0.0 0.461466471354 0.0 0.0 0.183176676432 0.0 0.00161743164062 
937 0.0531412760417 0.0 0.0118509928385 0.0 0.0 0.180369059245 0.0 0.0282796223958 0.0 0.0 0.0556640625 0.009765625 0.0 0.0 0.131378173828 0.0 0.0 0.0 0.14638264974 0.376556396484 0.0 0.0 0.176534016927 0.0 0.0164794921875 
