Leaf
768 0.0531412760417 0.00617472330729 0.0 3.0517578125e-05 0.0 0.0 0.0 0.0 0.0 0.0 0.0 0.0 0.00691731770833 0.0632832845052 0.0 0.0221150716146 0.0306905110677 7.12076822917e-05 0.0167338053385 0.000172932942708 8.13802083333e-05 0.23057047526 0.00200398763021 0.0162862141927 0.209737141927 
8 0.0531412760417 0.0 0.00800577799479 0.00691731770833 0.00425211588542 0.000356038411458 0.00030517578125 5.08626302083e-05 0.0619405110677 0.0 0.0 0.0586649576823 0.0 0.0 0.0 0.00339762369792 0.087880452474 0.0 0.00447591145833 0.0 0.118804931641 0.00432332356771 0.0 0.166107177734 0.00963338216146 
43 0.0531412760417 0.0134480794271 0.0 0.0 0.0 0.00265502929688 0.0 0.0 0.00164794921875 6.103515625e-05 0.0 0.000264485677083 0.0459899902344 0.161366780599 0.0 0.100392659505 0.0717468261719 6.103515625e-05 0.0118509928385 0.0 0.0450948079427 0.065928141276 0.0140482584635 0.0830586751302 0.0037841796875 
58 0.0531412760417 0.0 0.000295003255208 0.015879313151 0.0108642578125 0.00067138671875 0.000274658203125 0.000203450520833 0.0475056966146 0.0 0.0 0.05712890625 0.0 0.0 0.0 0.0154012044271 0.0980936686198 0.0 0.00538126627604 0.0 0.0743916829427 0.0158386230469 0.0 0.108978271484 0.0 
68 0.0531412760417 0.01904296875 0.0 0.0 0.0 0.000417073567708 0.0 0.0 0.00466918945312 0.0 0.0 0.0 0.0324910481771 0.0757141113281 0.0 0.0399068196615 0.0240783691406 0.010019938151 0.0114237467448 0.000478108723958 0.0448811848958 0.124277750651 0.000579833984375 0.0254821777344 0.00263468424479 
84 0.0531412760417 0.0896199544271 0.00432332356771 0.0 0.0 0.0654296875 0.000213623046875 0.0437520345052 0.00126139322917 0.000101725260417 0.0 0.0157165527344 0.0 3.0517578125e-05 0.0 0.0472920735677 0.0 0.124277750651 0.0 0.0 0.0 0.122548421224 0.0 0.00102742513021 0.0147399902344 
169 0.0531412760417 0.000834147135417 0.0877787272135 8.13802083333e-05 0.0 0.0704447428385 0.0621643066406 0.0 0.0 0.0030517578125 0.00131225585938 0.0657653808594 0.234486897786 0.0 0.00483194986979 0.0717976888021 0.00048828125 0.0 0.0 0.0 0.0 0.0115051269531 0.0330301920573 0.0 0.131306966146 
394 0.0531412760417 0.00914510091146 0.0668334960938 0.00837198893229 0.0 0.0130920410156 0.0969746907552 0.0 0.0 0.0 0.0 0.0144653320312 0.194559733073 0.0 9.1552734375e-05 0.0928853352865 0.0 0.0 1.01725260417e-05 0.0 0.0 0.0972493489583 0.00478108723958 0.0 0.001220703125 
543 0.0531412760417 0.012461344401 0.0 0.0 0.0 7.12076822917e-05 0.0 0.0 0.00442504882812 0.0 0.0 0.0 0.0 0.050048828125 0.0 0.0857849121094 0.0840148925781 0.00795491536458 0.0560099283854 0.0 0.0199890136719 0.0211181640625 0.0 0.0333353678385 0.0347798665365 
583 0.0531412760417 0.0 0.00163777669271 0.0135701497396 0.00218709309896 0.00444539388021 2.03450520833e-05 0.0577290852865 0.0262349446615 0.0 0.0 0.000630696614583 0.0 0.0 0.0 0.0438639322917 0.0897521972656 0.0 0.0 0.0 0.0254414876302 0.183166503906 0.0 0.0153401692708 0.00287882486979 
588 0.0531412760417 0.0437520345052 0.0 0.122548421224 0.0 0.0 0.161214192708 0.00541178385417 0.0 0.0 0.0 0.0580342610677 0.0 0.0 0.000203450520833 0.0399169921875 0.0 0.000651041666667 1.01725260417e-05 0.0 0.0410664876302 0.000295003255208 0.0 0.0132751464844 0.0 
679 0.0531412760417 0.0 0.0 0.0 0.0226542154948 0.0003662109375 0.00168863932292 0.107238769531 0.00177001953125 0.0 0.0 0.0 0.0 0.0 0.00516764322917 0.00692749023438 0.0122985839844 0.0246988932292 0.0 0.0 0.0 0.0246175130208 0.0420532226562 0.0 0.0 
684 0.0531412760417 0.162434895833 0.0338338216146 0.0 0.0 0.00411987304688 0.0 0.0237731933594 0.0 0.0249226888021 0.0 0.035410563151 0.000233968098958 0.0138142903646 0.0 0.048828125 0.0 0.0159301757812 0.0 0.0 0.0 0.0690511067708 0.0 0.0638122558594 0.0 
688 0.0531412760417 0.0717468261719 0.0 0.0468343098958 0.0 0.0 0.149729410807 0.0 0.00205485026042 0.0 0.0 0.0142313639323 0.0189921061198 0.0172017415365 0.0 0.00079345703125 0.0 0.0 0.0134073893229 0.0 0.0518493652344 0.0 0.0 0.0042724609375 0.000356038411458 
694 0.0531412760417 2.03450520833e-05 0.019775390625 0.000579833984375 0.0 0.00332641601562 0.182790120443 6.103515625e-05 0.0 0.0 0.0 0.0233052571615 0.0914103190104 0.0010986328125 0.0202026367188 0.0144551595052 0.0 0.0 0.000935872395833 0.0 0.0 0.125803629557 6.103515625e-05 0.0 0.0 
704 0.0531412760417 0.0 0.0 0.0 0.0 0.0196940104167 0.00110880533854 0.0950520833333 0.0112101236979 0.0 0.0 0.0 0.0 0.0 0.000569661458333 0.0652669270833 0.0146789550781 0.0177307128906 0.0 0.0 0.0 0.000640869140625 0.00260416666667 0.151702880859 0.00200398763021 
709 0.0531412760417 0.0723978678385 0.00904337565104 0.0 0.0 0.04345703125 0.0 0.00611368815104 0.0 0.0 0.0 0.0361124674479 0.0 0.0 0.0 0.0458374023438 0.0 0.0359191894531 0.0 0.0 0.0 0.254028320312 0.0452473958333 0.000508626302083 0.000518798828125 
719 0.0531412760417 0.0 0.0927225748698 0.000244140625 0.0 0.0115152994792 0.0233662923177 0.0 0.0 0.0 0.0 0.0777791341146 0.0972188313802 0.0 0.000356038411458 0.0375773111979 0.0 0.0 0.000335693359375 0.0 0.0 0.0 0.00855509440104 0.000233968098958 0.00279744466146 
729 0.0531412760417 0.0 0.0 0.0 0.00637817382812 0.0191141764323 0.0201110839844 0.118581136068 0.0 0.0 0.0 0.00960286458333 0.00190226236979 0.0 9.1552734375e-05 0.0279439290365 0.0304768880208 0.108957926432 0.0 0.0 0.0 0.0794270833333 0.13276163737 0.21396891276 0.0 
744 0.0531412760417 0.00309244791667 0.0716247558594 0.0387674967448 0.0 0.00612386067708 0.142761230469 0.0 0.0 0.0 0.0 0.0952453613281 0.113311767578 0.000132242838542 1.01725260417e-05 0.00502522786458 0.0 0.0 0.00101725260417 0.0 0.0 0.0 0.0 3.0517578125e-05 0.00474039713542 
749 0.0531412760417 0.0292460123698 0.000172932942708 0.0 0.0 0.00472005208333 0.00899251302083 0.0369364420573 0.0 0.0 0.0 0.0311381022135 0.0513407389323 0.0 0.0 0.0362447102865 0.0590209960938 0.0 0.0141194661458 0.00154622395833 0.0 0.0 0.0223490397135 0.0 0.0 
754 0.0531412760417 0.0 0.0 0.0 2.03450520833e-05 0.0117696126302 0.00182088216146 0.113260904948 0.000111897786458 0.0 0.0453389485677 0.0100606282552 0.0 0.0 0.000467936197917 0.0176696777344 0.0223693847656 0.0500793457031 0.0 0.0 0.0 0.0418395996094 0.0 0.0 0.0 
759 0.0531412760417 0.0447998046875 0.0422058105469 0.0 0.0 0.033447265625 0.0244852701823 0.107086181641 0.0 0.000722249348958 0.0262756347656 0.0731811523438 0.0 0.0755004882812 0.0 0.0126546223958 0.0 0.189666748047 0.0 0.0 0.0 0.0 0.0 0.00455729166667 0.00784301757812 
779 0.0531412760417 0.0 0.0 0.0 0.0 0.00640869140625 0.000528971354167 0.108215332031 1.01725260417e-05 0.0 0.0107930501302 6.103515625e-05 0.0 0.0 0.0 0.0109049479167 0.0202229817708 0.00874837239583 0.0 0.0 0.0 0.155344645182 0.0516255696615 0.115610758464 3.0517578125e-05 
783 0.0531412760417 0.0 0.0307210286458 0.0362243652344 0.000162760416667 1.01725260417e-05 0.0 0.000223795572917 0.0911254882812 0.0 0.0 0.00273640950521 0.0 0.0 0.0 0.0120340983073 0.0986735026042 0.0 0.0 0.0 0.0020751953125 0.0 0.0 0.0172220865885 0.00260416666667 
809 0.0531412760417 0.177042643229 0.0138244628906 0.0 0.0 0.00722249348958 0.00167846679688 0.0306498209635 0.0 0.000101725260417 0.0 0.00201416015625 0.000233968098958 0.0059814453125 0.0 0.0211995442708 0.0 0.205810546875 0.0 0.0 0.0 0.00474039713542 0.0 0.0479736328125 0.0174662272135 
813 0.0531412760417 0.0722452799479 0.0 0.0597839355469 0.0 0.0 0.0237019856771 0.000111897786458 0.0 0.0 0.0 0.0908610026042 0.00985717773438 0.0 0.0 0.000895182291667 0.0 0.0 0.00513712565104 0.0 0.000315348307292 0.0 0.0 0.028086344401 0.0 
814 0.0531412760417 0.058827718099 0.138783772786 0.0 0.00253295898438 0.0146484375 0.0603535970052 0.0 0.0 0.0 0.0184326171875 0.0425720214844 0.0662434895833 0.0172322591146 0.0 0.013682047526 0.0185139973958 0.0843302408854 0.0 0.00322469075521 0.0 0.0 0.0 0.0 0.0 
818 0.0531412760417 0.0355326334635 9.1552734375e-05 0.0 0.0 0.0 0.0 0.0 0.0 0.0 0.0 0.0238952636719 0.00416056315104 0.00582885742188 0.0 0.165985107422 0.0986735026042 9.1552734375e-05 0.065185546875 0.0 0.0235799153646 0.330922444661 0.00905354817708 0.0231424967448 0.111694335938 
834 0.0531412760417 0.0399068196615 0.00717163085938 0.0 0.0 0.0560607910156 0.0 0.00314331054688 0.0 0.0406494140625 0.000661214192708 0.0194091796875 0.0 0.00119018554688 0.0 0.129577636719 9.1552734375e-05 0.285481770833 0.0 0.0 0.0 0.0218607584635 0.0 0.21772257487 0.000172932942708 
853 0.0531412760417 0.10698445638 0.00800577799479 0.00657145182292 0.0 0.0 0.00633748372396 0.0 0.015614827474 0.0 0.0 0.0 0.0 0.0109558105469 0.0 2.03450520833e-05 0.0 0.0 0.0 0.0 0.00246175130208 0.0927022298177 3.0517578125e-05 0.0 0.0 
854 0.0531412760417 0.0 5.08626302083e-05 0.0 0.0 0.00759887695312 0.00806681315104 0.0987650553385 0.00103759765625 0.0 0.0294392903646 0.0140177408854 0.0 0.0 0.0 0.0691426595052 0.0862935384115 0.0192159016927 0.0 0.0 0.0 0.0742899576823 0.0306803385417 0.000925699869792 0.0 
858 0.0531412760417 0.0 0.013437906901 0.0108439127604 6.103515625e-05 3.0517578125e-05 0.0 4.06901041667e-05 0.0690205891927 0.000132242838542 0.0 0.046875 0.0 0.0 0.0 0.101928710938 0.10199991862 0.0 0.000213623046875 0.0 0.100413004557 0.0112508138021 0.0 0.0321146647135 0.00120035807292 
903 0.0531412760417 0.065928141276 0.00161743164062 0.0582173665365 0.0 0.0 0.0754903157552 0.0 0.00568644205729 0.0 0.0 0.0 0.0 0.010498046875 0.00079345703125 0.0183715820312 0.0 0.0 0.0 0.0 0.0290120442708 0.0352274576823 0.00233968098958 0.0 0.0 
918 0.0531412760417 0.0221048990885 0.0 0.0020751953125 0.0 0.0 0.0 0.0 0.0 0.000478108723958 0.0 0.0 0.0 0.0381571451823 0.0 0.0470886230469 0.0674438476562 1.01725260417e-05 0.0 0.0 0.0215454101562 0.465799967448 0.0 0.0846252441406 0.000142415364583 
961 0.0531412760417 0.0 0.00480143229167 0.0 0.0 0.0 0.00213623046875 0.0 0.00244140625 0.0144348144531 0.0856323242188 0.0 0.0 0.115193684896 0.0 0.0 0.0 0.0 0.00398763020833 0.0498860677083 0.0236612955729 0.294321695964 1.01725260417e-05 0.184377034505 0.0623881022135 
968 0.0531412760417 0.0135091145833 0.0 0.0 0.0 0.0018310546875 0.0 0.0 0.0 0.0 0.0 0.0 0.00358072916667 0.0235188802083 0.0 0.184590657552 0.00260416666667 0.0 0.0 0.00291951497396 0.0163065592448 0.25986735026 0.0 0.143961588542 0.00829060872396 
998 0.0531412760417 0.0 0.0 0.0 3.0517578125e-05 0.0 0.0186360677083 0.0 0.0650939941406 0.0 0.0 0.0259602864583 0.0 0.0110982259115 0.0 0.0422770182292 4.06901041667e-05 4.06901041667e-05 0.0100402832031 0.0 0.0413716634115 0.0 0.09326171875 0.0159505208333 0.0 
