Leaf
810 0.557820638021 0.0 0.0 0.0904235839844 0.00799560546875 0.0 0.00121053059896 0.000233968098958 0.0 0.000203450520833 0.29839070638 0.0 0.0 0.00587972005208 0.00405883789062 0.0 0.0 0.011952718099 0.00116984049479 0.0 0.0150553385417 0.0037841796875 0.0 0.00130208333333 0.000518798828125 
274 0.622853597005 0.0 0.0 0.0902303059896 0.0 0.0 0.000142415364583 0.0 0.0 0.0260213216146 0.10893758138 0.0 0.0 0.0281880696615 0.0690205891927 0.0 0.0 0.0 0.0110270182292 0.0 0.0320129394531 0.0 0.0 0.0 0.0115661621094 
604 0.625274658203 0.0 0.0 0.0113118489583 0.0 0.0 8.13802083333e-05 0.0 0.0 0.0142008463542 0.0890909830729 0.0 0.0 0.0168762207031 0.0911153157552 0.0 0.0001220703125 0.00827026367188 0.000152587890625 0.000111897786458 0.143107096354 0.0 0.0 1.01725260417e-05 0.000274658203125 
611 0.598887125651 0.0 0.0 0.05615234375 0.0 0.0 0.0 4.06901041667e-05 0.0 0.0112101236979 0.0702819824219 0.0 0.0 0.0642293294271 0.121826171875 0.0 0.0 0.0105183919271 4.06901041667e-05 0.0 0.0668029785156 0.0 0.0 1.01725260417e-05 0.0 
612 0.536142985026 0.0 0.0 0.0193277994792 0.0 0.0 0.000152587890625 2.03450520833e-05 0.0 0.0794270833333 0.008056640625 0.0 0.0277303059896 0.00581868489583 0.000478108723958 0.0231730143229 0.137603759766 2.03450520833e-05 0.0 0.0127970377604 0.147928873698 0.0 0.0 0.000417073567708 0.000905354817708 
613 0.557922363281 0.0 0.0 0.00752766927083 0.0 0.0 3.0517578125e-05 0.0 0.0 0.08642578125 0.0352681477865 0.0 0.0 0.000539143880208 0.000559488932292 0.0262858072917 0.250284830729 0.0 0.0 0.00893147786458 0.0262247721354 0.0 0.0 0.0 0.0 
617 0.559224446615 0.0 0.0 0.0113118489583 0.0 0.0 0.0 0.0 0.0 0.0528666178385 0.0297037760417 0.0 1.01725260417e-05 0.103352864583 0.00734456380208 0.0 0.0247294108073 0.019287109375 0.0 0.000213623046875 0.184906005859 0.0 0.0 0.00704956054688 0.0 
622 0.549621582031 0.0 0.0 0.0838623046875 0.0 0.0 0.00818888346354 0.0146179199219 0.0 0.0844014485677 0.0216979980469 0.0 0.0270792643229 3.0517578125e-05 0.000447591145833 0.0122680664062 0.154296875 0.0 0.0 0.0 0.043202718099 0.0 9.1552734375e-05 0.0 0.000193277994792 
625 0.606750488281 0.0 0.0 0.0150960286458 0.0 0.0 0.0 3.0517578125e-05 0.0 0.0131022135417 0.0422770182292 0.0 0.0 0.0504150390625 0.196156819661 0.0 6.103515625e-05 0.000457763671875 1.01725260417e-05 0.00174967447917 0.0737915039062 0.0 0.0 0.000101725260417 0.0 
627 0.568654378255 0.0 0.0 0.0223490397135 0.0 0.0 0.0 0.0 0.0 0.00210571289062 0.0609029134115 0.0 0.0 0.0195515950521 0.266418457031 0.0 0.0 0.012461344401 0.000172932942708 0.0 0.0473836263021 0.0 0.0 0.0 0.0 
638 0.486897786458 0.0 0.0 0.0555826822917 0.0 0.0 0.0 0.00240071614583 0.0 0.0558471679688 0.0338338216146 0.0 0.0 0.0559387207031 0.00416056315104 0.0 0.0794881184896 0.00300089518229 4.06901041667e-05 0.0124308268229 0.192637125651 0.0 0.0 0.0177408854167 0.0 
648 0.509104410807 0.0 0.0 0.00225830078125 0.0 0.0 0.0 0.0 0.0 0.0353698730469 5.08626302083e-05 0.0 0.0 2.03450520833e-05 0.0 0.0950113932292 0.20947265625 0.0 0.0 0.0843912760417 0.0526835123698 0.0 0.0115966796875 0.0 4.06901041667e-05 
649 0.641357421875 0.0 0.0 0.0396525065104 0.0 0.0 0.0 0.0 0.0 0.0389811197917 0.000295003255208 0.0 0.0 0.00550333658854 0.0 0.0136006673177 0.0314127604167 0.0 0.0 0.106018066406 0.0857442220052 0.0 0.0 0.0374247233073 1.01725260417e-05 
655 0.543436686198 0.0 0.0 0.144877115885 0.0 0.0 0.0 0.00225830078125 0.0 0.12451171875 0.00278727213542 0.0 0.00137329101562 0.0181172688802 0.000600179036458 0.0313822428385 0.0256856282552 0.000681559244792 0.0 0.0111897786458 0.0790201822917 0.0 0.0 0.0140787760417 0.0 
656 0.676137288411 0.0 0.0 0.0633850097656 0.0 0.0 1.01725260417e-05 0.0 0.0 0.000539143880208 0.0511678059896 0.0 0.0 0.00372314453125 0.131266276042 0.0 0.0 0.000946044921875 0.0242818196615 0.0 0.0472920735677 0.0 0.0 0.0 0.00125122070312 
658 0.636739095052 0.0 0.0 0.0333658854167 0.0 0.0 0.0 6.103515625e-05 0.0 0.00970458984375 0.01220703125 0.0 0.0 0.0685017903646 0.0590006510417 0.0 0.0 0.104400634766 2.03450520833e-05 0.0 0.0712381998698 0.0 0.0 0.0047607421875 0.0 
659 0.639678955078 0.0 0.0 0.0223490397135 0.0 0.0 0.0 0.0023193359375 0.0 0.141560872396 0.00417073567708 0.0 0.0 0.0101013183594 0.00172932942708 0.0854288736979 0.0419616699219 0.0 0.0 0.0382690429688 0.0122884114583 0.0 0.000142415364583 0.0 0.0 
660 0.665120442708 0.0 0.0 0.000152587890625 0.0 0.0 2.03450520833e-05 0.0 0.0 0.139129638672 0.00142415364583 0.0 0.000356038411458 0.000844319661458 0.0 0.0078125 0.150909423828 0.0 0.0 0.000457763671875 0.0337727864583 0.0 0.0 0.0 0.0 
661 0.60503133138 0.0 0.0 0.0894877115885 0.0 0.0 0.00136311848958 0.000752766927083 0.0 0.0358581542969 0.0557861328125 0.0 0.000233968098958 0.0003662109375 0.021250406901 0.00111897786458 0.0592447916667 0.0 0.000101725260417 5.08626302083e-05 0.129079182943 0.0 0.0 0.0 0.000274658203125 
662 0.605407714844 0.0 0.0 0.0867309570312 0.0 0.0 0.0 0.0 0.0 0.169352213542 0.0 0.0 0.00276692708333 0.00247192382812 0.0 0.0797119140625 0.0167643229167 0.0 0.0 0.0093994140625 0.026357014974 0.0 0.000762939453125 0.000254313151042 2.03450520833e-05 
663 0.562204996745 0.0 0.0 0.0485127766927 0.0 0.0 0.000111897786458 0.0 0.0 0.210327148438 5.08626302083e-05 0.0 0.0335795084635 0.0 0.0 0.124247233073 0.018788655599 0.0 0.0 7.12076822917e-05 5.08626302083e-05 0.0 0.00205485026042 0.0 0.0 
664 0.693044026693 0.0 0.0 0.0179951985677 0.0 0.0 0.00201416015625 0.000895182291667 0.0 0.0648295084635 0.0584920247396 0.0 7.12076822917e-05 0.00161743164062 0.00333658854167 0.00545247395833 0.122344970703 0.0 0.0 0.00248209635417 0.0274251302083 0.0 0.0 0.0 0.0 
665 0.62343343099 0.0 0.0 0.0411682128906 0.0 0.0 5.08626302083e-05 0.0 0.0 0.051025390625 0.000111897786458 0.0 0.0271301269531 0.000213623046875 0.0 0.0497741699219 0.115661621094 0.0 0.0 0.00970458984375 0.0743306477865 0.0 0.00706990559896 0.000142415364583 0.00018310546875 
671 0.548960367839 0.0 0.0 0.0959777832031 0.0 0.0 0.000254313151042 8.13802083333e-05 0.0 0.0294799804688 0.0234375 0.0 0.0 0.000701904296875 0.00248209635417 0.00608317057292 0.10492960612 0.0 0.0 0.00924682617188 0.177001953125 0.0 0.0 0.0 0.00136311848958 
678 0.601837158203 0.0 0.0 0.123494466146 0.0 0.0 0.0 0.00159708658854 0.0 0.1630859375 0.0115254720052 0.0 0.0 0.00742594401042 0.0215047200521 0.0640157063802 4.06901041667e-05 0.00252278645833 0.00217692057292 0.0 0.000528971354167 0.0 0.0 0.0 0.000244140625 
684 0.65098063151 0.0 0.0 0.166280110677 0.0 0.0 2.03450520833e-05 0.0303446451823 0.0 0.0106099446615 0.00489298502604 0.000162760416667 3.0517578125e-05 0.0174357096354 0.0101725260417 0.00486246744792 0.0380452473958 0.000172932942708 8.13802083333e-05 0.0 0.0515543619792 0.0 0.000203450520833 0.0 0.014149983724 
685 0.525451660156 0.0 0.0 0.16645304362 0.0 0.0 0.0 9.1552734375e-05 0.0 0.0288798014323 0.0295817057292 0.0 0.0 0.0516255696615 0.130788167318 0.0 0.000213623046875 0.013193766276 0.00112915039062 0.0 0.0522969563802 0.0 0.0 7.12076822917e-05 0.000223795572917 
688 0.564768473307 0.0 0.0 0.00337727864583 0.0 0.0 0.0 0.0 0.0 0.136749267578 8.13802083333e-05 0.0 5.08626302083e-05 0.000325520833333 0.0 0.258544921875 0.0110778808594 0.0 0.0 0.00150553385417 0.0220642089844 0.0 5.08626302083e-05 0.0 0.00140380859375 
928 0.514689127604 0.0 0.0 0.080332438151 0.0 0.0 0.0 0.000518798828125 0.0 0.089101155599 0.0551961263021 0.0 0.0 0.0905558268229 0.0130004882812 0.0229695638021 0.00215657552083 0.0257771809896 0.00237019856771 0.0234069824219 0.0640258789062 0.0 2.03450520833e-05 0.00860595703125 0.00727335611979 
953 0.453379313151 0.0 0.0 0.116607666016 0.0 0.0 0.000132242838542 0.00204467773438 0.0 0.172190348307 0.0117492675781 0.0 0.0 0.0501912434896 0.00583902994792 0.0481567382812 0.00591023763021 0.0126444498698 0.00847371419271 0.0416361490885 0.0462443033854 0.00079345703125 1.01725260417e-05 0.0195617675781 0.00443522135417 
969 0.459594726562 0.0 0.0 0.0938618977865 0.0 0.0 0.0 0.00969441731771 0.0 0.0433044433594 0.0101420084635 0.0 0.0 0.0445760091146 0.061024983724 0.0068359375 0.00428263346354 0.025380452474 0.0362548828125 0.0105183919271 0.0975748697917 0.00245157877604 2.03450520833e-05 0.00567626953125 0.0888061523438 
970 0.510925292969 0.0 0.0 0.108164469401 0.0 0.0 7.12076822917e-05 0.0120239257812 0.0 0.136515299479 0.0175170898438 0.0 0.0 0.0764465332031 0.0189208984375 0.00748697916667 0.00472005208333 0.0112813313802 0.0128987630208 0.0143737792969 0.0585021972656 0.000518798828125 6.103515625e-05 0.00147501627604 0.00809733072917 
982 0.509246826172 0.0 0.0 0.105834960938 2.03450520833e-05 0.0 0.0283508300781 0.00565592447917 0.0 0.0731608072917 0.017079671224 7.12076822917e-05 0.0 0.0472005208333 0.0430908203125 0.0101216634115 0.000478108723958 0.021494547526 0.0416768391927 0.0345967610677 0.0531717936198 0.0 0.0 0.00383504231771 0.00491333007812 
983 0.527821858724 0.0 0.0 0.0839335123698 0.0 0.0 0.0 0.00358072916667 0.0 0.166351318359 0.0216267903646 0.0 0.0 0.0888366699219 0.0222778320312 0.0117492675781 0.0108439127604 0.00156656901042 0.0106811523438 0.00391642252604 0.0441487630208 0.0 0.0 0.000132242838542 0.00253295898438 
