Leaf
85 0.238260904948 0.0 0.0 0.311269124349 0.0 0.0 0.00120035807292 0.013417561849 0.0 0.147288004557 0.057118733724 0.000742594401042 0.0 0.0897521972656 0.0368855794271 0.00302124023438 0.00472005208333 0.00459798177083 0.0153198242188 0.00774129231771 0.0496317545573 0.00271606445312 0.0 0.00143432617188 0.014882405599 
83 0.282318115234 0.0 0.0 0.2421875 0.0 0.0 0.000213623046875 0.000579833984375 0.0 0.136423746745 0.126698811849 0.0 0.0 0.0350748697917 0.0631001790365 0.00377400716146 0.01171875 0.0 0.00760904947917 0.0160624186198 0.0409952799479 0.0 8.13802083333e-05 0.0 0.0331624348958 
84 0.270680745443 0.0 0.0 0.185434977214 0.0 0.0 0.000233968098958 0.000905354817708 0.0 0.113861083984 0.112487792969 0.0 0.0 0.0792744954427 0.104451497396 0.0 0.00067138671875 0.000203450520833 0.0429992675781 0.0 0.054697672526 0.0 0.0 0.0 0.0340983072917 
95 0.28114827474 0.0 0.0 0.190877278646 0.0 0.0 0.00116984049479 0.000325520833333 0.0 0.0548909505208 0.0603230794271 0.0 0.0 0.0280049641927 0.156443277995 0.00108846028646 0.00104777018229 0.00228881835938 0.116536458333 0.00221761067708 0.0343627929688 0.0 0.0 0.0 0.0692749023438 
114 0.209482828776 0.0 0.0 0.290517171224 1.01725260417e-05 0.0 0.110168457031 0.00908406575521 0.0 0.0520629882812 0.120544433594 0.0 0.0 0.0154520670573 0.105804443359 0.0 1.01725260417e-05 0.0 0.033437093099 0.0 0.00187174479167 0.0 0.0 0.0 0.0515543619792 
212 0.211364746094 0.0 0.0 0.230133056641 0.0 0.0 9.1552734375e-05 0.0140787760417 0.0 0.0440775553385 0.138214111328 0.0 0.0 0.107086181641 0.110239664714 0.0 0.0 0.0 0.0323181152344 0.0 0.06689453125 0.0 0.0 0.0 0.0455017089844 
268 0.246378580729 0.0 0.0 0.366078694661 0.0 0.0 0.0 1.01725260417e-05 0.0 0.111155192057 0.0824483235677 0.0 0.0 0.0675150553385 0.100748697917 0.0 1.01725260417e-05 0.0 0.00748697916667 0.0 0.00801595052083 0.0 0.0 0.0 0.0101521809896 
269 0.297892252604 0.0 0.0 0.242960611979 0.0 0.0 0.000142415364583 0.000295003255208 0.0 0.0826314290365 0.124847412109 0.0 0.0 0.0337829589844 0.105204264323 0.0 0.0 0.0 0.013661702474 0.0 0.0696614583333 0.0 0.0 0.0 0.0289204915365 
303 0.324208577474 0.0 0.0 0.181294759115 0.0 0.0 0.0262756347656 0.0 0.0 0.187805175781 0.113199869792 0.0 0.0 0.0042724609375 0.0833333333333 0.0262756347656 0.00540161132812 0.0 0.00370279947917 0.0 0.042002360026 0.0 0.0 0.0 0.00222778320312 
314 0.231506347656 0.0 0.0 0.288289388021 0.000295003255208 0.0 0.0469970703125 0.0 0.0 0.0619506835938 0.0815938313802 0.0 0.0 0.00411987304688 0.141916910807 0.0 0.00289916992188 0.000356038411458 0.00740559895833 0.000467936197917 0.0814107259115 0.0 0.0 0.000244140625 0.050547281901 
324 0.281341552734 0.0 0.0 0.13774617513 0.0 0.0 0.017822265625 6.103515625e-05 0.0 0.107177734375 0.115091959635 0.0 0.0 0.0850219726562 0.109110514323 0.00242106119792 0.00169881184896 0.056894938151 0.0343119303385 0.00140380859375 0.029052734375 0.0106506347656 1.01725260417e-05 0.00217692057292 0.00800577799479 
350 0.22890218099 0.0 0.0 0.240102132161 0.0740051269531 0.0 0.014394124349 0.000172932942708 0.0 0.031483968099 0.175720214844 0.0 0.0 0.0635070800781 0.0240783691406 0.0 0.00101725260417 0.0603535970052 0.00907389322917 0.000295003255208 0.0378824869792 0.00791422526042 0.0 0.0166931152344 0.014404296875 
360 0.28281656901 0.0 0.0 0.33642578125 0.0 0.0 0.000600179036458 0.0243123372396 0.0 0.0382588704427 0.106872558594 0.0 0.0 0.0187683105469 0.0805358886719 0.0250956217448 0.00584920247396 0.0 0.0363566080729 0.00344848632812 0.0330912272135 0.0 0.0010986328125 0.0 0.0064697265625 
387 0.333384195964 0.0 0.0 0.23393758138 0.078114827474 0.0 0.0358479817708 0.000925699869792 0.00188191731771 0.0114034016927 0.0845947265625 0.0 0.0 0.00619506835938 0.102345784505 0.00151570638021 0.000874837239583 0.0 0.0615437825521 0.00018310546875 0.0157165527344 0.0 3.0517578125e-05 0.0 0.031504313151 
393 0.280059814453 0.0 0.0 0.143880208333 0.00142415364583 0.0 0.00344848632812 0.00167846679688 0.0 0.0527954101562 0.114817301432 0.0 0.0 0.0699564615885 0.101247151693 0.00958251953125 0.00139363606771 0.075937906901 0.0239054361979 0.000498453776042 0.0700480143229 0.0230509440104 3.0517578125e-05 0.0133463541667 0.0128987630208 
825 0.327565511068 0.0 0.0 0.254699707031 0.0 0.0 0.0862121582031 0.00167846679688 0.0 0.00641886393229 0.140787760417 0.0 0.0 0.0193990071615 0.0955098470052 0.0 0.0 0.0 0.00727335611979 0.0 0.000152587890625 0.0 0.0 0.0 0.060302734375 
904 0.270619710286 0.0 0.0 0.267171223958 0.0 0.0 0.041737874349 0.00654093424479 0.0 0.00171915690104 0.128987630208 0.0 0.0 0.00586954752604 0.0254618326823 0.00387573242188 0.00138346354167 0.00566609700521 0.0534464518229 0.00373331705729 0.00803629557292 0.00812784830729 0.0 0.000691731770833 0.166931152344 
