Leaf
215 0.0531412760417 0.00265502929688 0.0 0.100392659505 0.0450948079427 0.140452067057 0.0 0.0 0.066640218099 0.176452636719 0.0516764322917 0.0001220703125 0.0 0.00213623046875 0.413889567057 0.0633544921875 0.0 0.0 0.00330607096354 0.25395711263 0.042724609375 0.0 0.0 0.0042724609375 0.173411051432 
26 0.0531412760417 0.0 0.0 0.134389241536 0.0 0.0 0.0134887695312 0.00125122070312 0.0 0.106068929036 0.112436930339 0.0 0.0 0.0877787272135 0.377227783203 0.001220703125 0.0276285807292 0.0 0.0186360677083 0.00146484375 0.101003011068 0.0 0.0 0.0 0.023681640625 
52 0.0531412760417 0.0 0.0 0.0134887695312 0.0 0.112436930339 0.0 0.377227783203 0.0276285807292 0.0186360677083 0.101003011068 0.0 0.023681640625 0.0 0.242848714193 0.0 0.0317586263021 0.0757141113281 0.0 0.0243631998698 0.00116984049479 3.0517578125e-05 0.00285847981771 0.000295003255208 0.0 
6 0.0531412760417 0.00560506184896 0.0 0.0167541503906 0.00691731770833 0.0 0.0 0.00156656901042 0.00030517578125 0.0 0.13286336263 0.00820922851562 0.0 0.134389241536 0.0896199544271 0.0 0.0 0.0 0.0 0.0879211425781 0.00339762369792 0.0 0.000996907552083 0.155690511068 0.00447591145833 
31 0.0531412760417 0.0142008463542 0.0 0.0591227213542 0.117462158203 0.0 0.0 0.00205485026042 0.0 0.00660196940104 0.078623453776 0.008544921875 0.0 0.0401000976562 0.167012532552 0.0582784016927 0.0 0.0 0.0 0.116078694661 0.141286214193 0.0 1.01725260417e-05 0.110768636068 0.00309244791667 
62 0.0531412760417 0.0 0.117462158203 0.0 0.0 0.078623453776 0.0 0.167012532552 0.0 0.0 0.141286214193 1.01725260417e-05 0.00309244791667 0.000762939453125 0.179962158203 0.0 0.000162760416667 0.0 0.000233968098958 0.084238688151 0.0 0.0 0.0419209798177 0.0 0.0716247558594 
67 0.0531412760417 0.000803629557292 0.227366129557 0.0 0.0873311360677 0.113566080729 0.0 0.00709025065104 0.0 0.0991617838542 0.0863545735677 0.0 0.0 0.0 0.126861572266 0.0 0.0 0.0358378092448 0.000233968098958 0.00965372721354 0.0 0.00633748372396 0.00954182942708 0.0291239420573 0.0 
77 0.0531412760417 0.0 0.00173950195312 0.000274658203125 0.0 0.0732828776042 0.0 0.00442504882812 0.025400797526 0.0270690917969 0.0294189453125 0.0 0.0157165527344 0.0 0.166625976562 0.0 0.0 0.135131835938 0.0 0.0842081705729 0.00179036458333 0.000152587890625 0.00128173828125 0.0 0.0 
106 0.0531412760417 0.0 0.0 0.0533142089844 0.00787353515625 0.0 0.0 0.0 0.0 0.0 0.1513671875 0.00163777669271 0.000162760416667 0.216939290365 0.259633382161 0.0 0.0 0.0 0.0 0.0727030436198 0.054697672526 0.0 0.00218709309896 0.140055338542 0.000722249348958 
127 0.0531412760417 0.0 0.0 0.000946044921875 6.103515625e-05 0.18500773112 0.0 0.0819905598958 0.0154825846354 0.0112813313802 0.160949707031 0.000579833984375 0.0209147135417 0.0 0.11289469401 0.0 0.0062255859375 0.112091064453 0.0 0.073964436849 0.000254313151042 0.0 0.0 0.0 0.0 
152 0.0531412760417 0.0 0.0 0.00887044270833 0.0 0.227884928385 2.03450520833e-05 0.028076171875 0.00526936848958 0.0338338216146 0.0625915527344 0.0 0.0226135253906 0.0 0.311269124349 0.0 0.00692749023438 0.0316874186198 0.0 0.00581868489583 0.0 0.0 0.0 0.0 0.0 
156 0.0531412760417 0.0134887695312 0.0 0.0186360677083 0.023681640625 0.0 0.0 3.0517578125e-05 0.0 0.00270589192708 0.10004679362 0.013437906901 0.000630696614583 0.234486897786 0.19145711263 0.0 0.0 0.0 0.00217692057292 0.325663248698 0.000406901041667 0.0 6.103515625e-05 0.0451049804688 0.0 
177 0.0531412760417 0.0 0.0 1.01725260417e-05 0.0 0.156382242839 0.0 0.123708089193 0.00910441080729 0.135823567708 0.0311381022135 7.12076822917e-05 0.0340983072917 0.0 0.274444580078 0.0 0.0 0.00513712565104 0.0 0.0102030436198 0.0 0.0 0.0 0.0 9.1552734375e-05 
181 0.0531412760417 0.00128173828125 0.0 0.012461344401 0.135121663411 0.0 0.0 0.00481160481771 0.00142415364583 0.0 0.108245849609 0.000132242838542 0.0 0.156656901042 0.02001953125 7.12076822917e-05 0.0 0.0 0.0 0.317016601562 0.0120544433594 0.0 0.0 0.00425211588542 0.00442504882812 
186 0.0531412760417 0.0 0.0 0.0 0.00309244791667 0.0 0.000233968098958 0.0 0.0716247558594 0.0128987630208 0.22797648112 0.0 0.0387674967448 0.0779622395833 0.147969563802 0.0 0.0 0.0 0.0 0.047119140625 0.00612386067708 0.0176595052083 0.0 0.385213216146 0.142761230469 
202 0.0531412760417 0.0 0.0 0.00067138671875 0.0 0.094960530599 0.0 0.0334065755208 0.0122884114583 0.0128377278646 0.070078531901 3.0517578125e-05 0.0600789388021 0.0 0.0936787923177 0.0 3.0517578125e-05 0.019297281901 0.0 0.00923665364583 0.00410970052083 0.000172932942708 0.0 0.0 0.0 
226 0.0531412760417 0.0 0.0 0.152170817057 0.00173950195312 0.0 0.0 0.0728759765625 0.0 0.156494140625 0.0698038736979 0.0 0.0 0.00198364257812 0.268829345703 0.0 0.000142415364583 0.0 0.014882405599 0.000142415364583 0.0146789550781 0.0 0.0 0.0 0.103668212891 
251 0.0531412760417 0.0 0.0 0.452626546224 0.0 0.0 0.000437418619792 0.027099609375 0.000142415364583 0.00327555338542 0.285970052083 0.0 0.0 0.0883178710938 0.28960164388 0.000681559244792 0.00306193033854 0.0 0.00846354166667 0.0 0.0130106608073 0.0 0.0 0.00105794270833 0.0299479166667 
252 0.0531412760417 0.0 0.000213623046875 0.000101725260417 0.0 0.0472920735677 0.0 0.122548421224 0.0147399902344 0.0663452148438 0.0773111979167 0.0 0.012451171875 0.0 0.161214192708 0.0 0.000467936197917 0.0145772298177 0.0 0.0237731933594 0.0 0.0 0.0 0.0 0.0 
276 0.0531412760417 0.0 0.0 0.167521158854 0.0 0.0 0.0 0.00102742513021 0.0 0.147735595703 0.176300048828 0.0 0.0 0.0451049804688 0.353688557943 0.000111897786458 0.000579833984375 0.0 0.0105997721354 0.0 0.0518697102865 0.0 0.0 0.0 0.0138651529948 
302 0.0531412760417 0.0 0.0 0.0102844238281 0.000284830729167 0.106414794922 0.0 0.104451497396 0.0050048828125 0.0135294596354 0.109303792318 0.0 0.0382080078125 0.0 0.171081542969 0.0 0.00151570638021 0.0117594401042 0.0 0.188334147135 0.0 0.0 0.0 0.0 0.0 
327 0.0531412760417 0.0 0.0 0.000722249348958 0.0 0.0418192545573 0.0 0.0846761067708 0.000284830729167 0.119954427083 0.103546142578 0.0 0.00455729166667 0.0 0.461619059245 0.0 0.0030517578125 0.0987141927083 0.0 0.00218709309896 1.01725260417e-05 0.0 0.0 0.0 0.0 
402 0.0531412760417 0.0 0.0 0.000233968098958 0.0 0.079111735026 0.0 0.113413492839 0.00148518880208 0.157755533854 0.0695495605469 0.0 0.00995890299479 0.0 0.424641927083 0.0 3.0517578125e-05 0.0214640299479 0.0 0.00364176432292 0.0 0.0 3.0517578125e-05 0.0 0.0 
477 0.0531412760417 0.0 0.0 0.000335693359375 0.0 0.0603230794271 0.0 0.0780944824219 0.00103759765625 0.00386555989583 0.106618245443 0.0 0.0187784830729 0.0 0.192789713542 0.0 0.0 0.107177734375 0.0 0.0265604654948 0.0979309082031 0.0 0.0 0.0 0.0 
526 0.0531412760417 0.0 0.0 0.200286865234 0.0 0.0 0.0206909179688 0.00786336263021 0.0 0.0343526204427 0.106089274089 0.0 0.0 0.0617167154948 0.491394042969 0.048583984375 0.00553385416667 0.00279744466146 0.107350667318 0.0367329915365 0.0122273763021 0.0 0.0 0.0 0.0102742513021 
527 0.0531412760417 0.0 0.0 0.0 0.0 0.0155843098958 0.0 0.110087076823 0.0 0.000223795572917 0.0542907714844 0.0 0.0490926106771 0.0 0.265177408854 0.0 0.000406901041667 0.0395304361979 0.0 0.0171915690104 0.0 0.0 0.0 0.0 0.0 
577 0.0531412760417 0.0 0.000966389973958 0.00218709309896 0.0 0.177551269531 0.0 0.0305887858073 0.00168863932292 0.0641377766927 0.154042561849 0.0 0.135711669922 0.0 0.20908610026 0.0 0.00328572591146 0.243479410807 0.0 0.0154215494792 0.0 1.01725260417e-05 0.0 0.0 5.08626302083e-05 
601 0.0531412760417 0.0 0.0 0.104024251302 0.0 0.0 0.000813802083333 0.0 0.0 0.0129699707031 0.140055338542 0.0 0.0 0.03173828125 0.187876383464 0.0250956217448 0.00319417317708 0.0 0.0219523111979 0.0 0.01708984375 0.0 0.0 0.0 0.000742594401042 
640 0.0531412760417 9.1552734375e-05 0.0 0.0743204752604 0.261901855469 0.118642171224 0.0 0.0 0.0980224609375 0.260131835938 0.0595499674479 0.0 0.0 0.0508626302083 0.265014648438 0.180297851562 0.0 0.0 0.0221150716146 0.0628967285156 0.0563557942708 0.0 0.0 0.0329996744792 8.13802083333e-05 
716 0.0531412760417 0.000508626302083 0.00252278645833 0.00143432617188 0.105804443359 0.0 0.0 0.0 0.100392659505 0.0 0.18857828776 0.0 0.0212198893229 0.0 0.687255859375 0.0 0.0 0.0 0.454345703125 0.0 0.338643391927 0.0 0.0 2.03450520833e-05 0.0558471679688 
741 0.0531412760417 0.00517781575521 0.000244140625 0.0 0.325663248698 0.0 0.0 0.0 0.217681884766 4.06901041667e-05 0.307118733724 0.0 0.0138142903646 0.0 0.604380289714 0.0 0.0 0.0 0.362274169922 0.0 0.0429890950521 0.0 0.0 0.0 0.0110473632812 
762 0.0531412760417 0.0 0.0209147135417 0.0 0.0 0.0735168457031 0.0 0.00513712565104 0.0 0.0 0.0146891276042 0.0 0.00432332356771 0.00229899088542 0.171010335286 0.0 0.0 0.0 0.027353922526 0.0542195638021 0.0 0.0 0.0247497558594 0.0 0.100362141927 
766 0.0531412760417 0.00204467773438 0.01025390625 0.0 0.174296061198 0.0 0.0 0.0 0.322591145833 0.0 0.137654622396 0.0 0.00225830078125 0.0 0.664744059245 0.0 0.0 0.0 0.113830566406 0.020009358724 0.147928873698 0.0 0.0 0.00211588541667 0.0189310709635 
791 0.0531412760417 1.01725260417e-05 0.0728759765625 0.0 0.268829345703 0.0 0.0 0.0 0.111012776693 0.0 0.0948994954427 0.0 4.06901041667e-05 0.0 0.716196695964 0.0 0.001220703125 0.0 0.115000406901 0.0 0.146626790365 0.0 0.0 0.00150553385417 0.0510457356771 
816 0.0531412760417 0.0324910481771 0.00263468424479 0.0 0.471537272135 0.0 0.0 0.0 0.16796875 0.0 0.170583089193 0.0 0.00212605794271 0.0 0.819834391276 0.0 7.12076822917e-05 0.0 0.0674438476562 0.0 0.0412902832031 0.0 0.0 0.00644938151042 0.049814860026 
841 0.0531412760417 0.000386555989583 0.00119018554688 0.00220743815104 0.194346110026 0.0 0.0 0.0 0.242960611979 0.00150553385417 0.195983886719 0.0 0.0 0.0 0.643981933594 0.0 0.00106811523438 0.0 0.0128072102865 0.0 0.000162760416667 0.0 0.0 0.000254313151042 0.0160217285156 
866 0.0531412760417 0.000406901041667 0.00211588541667 0.000264485677083 0.415730794271 0.0 0.0 0.0 0.189900716146 0.115478515625 0.273813883464 0.0 0.000325520833333 0.0 0.669952392578 0.0 0.000935872395833 0.0 0.0694885253906 0.0 1.01725260417e-05 0.000956217447917 0.0 0.000193277994792 0.00355021158854 
891 0.0531412760417 0.00220743815104 0.0148315429688 0.0 0.0447285970052 0.0 0.0 0.0 0.12299601237 0.00960286458333 0.16059366862 0.0 0.00250244140625 0.0 0.68739827474 0.0 0.000834147135417 0.0 0.13276163737 0.0 0.0390930175781 3.0517578125e-05 0.0 0.00639851888021 0.0154215494792 
905 0.0531412760417 0.0 0.108245849609 7.12076822917e-05 0.0120544433594 0.12846883138 0.0 0.280293782552 0.0 0.0857849121094 0.328308105469 0.0 0.0199890136719 0.0 0.290354410807 0.0899963378906 0.0 0.000356038411458 0.0 0.12363688151 0.106689453125 0.0 0.106516520182 0.0 0.0457763671875 
913 0.0531412760417 0.139119466146 0.0 0.211486816406 0.0 0.000986735026042 0.102630615234 0.000132242838542 0.0 0.000295003255208 0.0 0.0201212565104 0.0 0.000244140625 0.2744140625 0.0547383626302 0.0 0.0 0.189219156901 0.100433349609 0.02392578125 0.0 0.0 0.0769348144531 0.0 
930 0.0531412760417 0.0 0.22797648112 0.0 0.00612386067708 0.0256652832031 0.0 0.145874023438 0.0 0.0516866048177 0.244588216146 0.0 0.00502522786458 0.0 0.251281738281 0.0271402994792 0.0 0.000620524088542 0.13969930013 0.00642903645833 0.000172932942708 0.0 0.16449991862 0.0 0.000996907552083 
951 0.0531412760417 0.0 0.0 0.290517171224 0.0 0.0 0.0268147786458 0.0 0.0 0.121134440104 0.340372721354 0.0 0.0 0.0252482096354 0.282674153646 0.0 0.00523885091146 0.0 8.13802083333e-05 0.0 0.0360412597656 0.0 0.0 0.0 0.0601501464844 
955 0.0531412760417 0.0 0.0657450358073 0.0 0.00416056315104 0.0265096028646 0.0 0.286590576172 0.0 0.0833231608073 0.200958251953 0.0 0.0223795572917 0.0 0.303283691406 0.0665079752604 0.0 0.000295003255208 0.0213012695312 0.0508321126302 0.0392252604167 0.0 0.290649414062 0.0 0.122467041016 
980 0.0531412760417 0.0 0.117523193359 0.0 0.016591389974 0.141794840495 0.0 0.10893758138 0.1240234375 0.0399169921875 0.197865804036 0.0 0.0410664876302 0.0 0.35117594401 0.0169576009115 0.0 5.08626302083e-05 0.0 0.0930582682292 0.388112386068 0.0 0.172220865885 2.03450520833e-05 0.118286132812 
