Leaf
97 0.0531412760417 0.0 0.0160522460938 0.0168151855469 0.0918375651042 0.166900634766 0.000467936197917 0.0 0.0 0.0 0.0561319986979 0.0 0.0299682617188 0.0 0.0 0.0 0.0 0.0697835286458 0.00343831380208 0.402140299479 0.000498453776042 0.0 0.147288004557 0.0 0.274739583333 
11 0.0531412760417 0.0 0.00337727864583 0.0 0.0142415364583 0.0 0.00820922851562 0.0 0.0586649576823 0.0558573404948 0.089589436849 0.0 0.000996907552083 0.0143432617188 0.00173950195312 8.13802083333e-05 0.0 0.0 0.00248209635417 0.274658203125 0.0394287109375 0.000274658203125 0.0 0.08056640625 0.0794067382812 
12 0.0531412760417 0.0 0.00691731770833 0.0 0.00030517578125 0.13286336263 0.0 0.0896199544271 0.0 0.0 0.00339762369792 0.000996907552083 0.00447591145833 0.0134887695312 0.00432332356771 0.0 0.00963338216146 0.0 0.0303548177083 0.240193684896 0.00905354817708 0.0 0.0794067382812 0.0 0.175048828125 
47 0.0531412760417 0.000417073567708 0.0 0.0618387858073 0.0579223632812 0.24745686849 0.0554402669271 0.000325520833333 0.0 0.0 0.063730875651 0.0 0.110666910807 0.0 0.0 0.0 0.0 0.0226338704427 0.0 0.0245361328125 0.0159200032552 0.0 0.108703613281 0.000386555989583 0.243662516276 
112 0.0531412760417 0.0 0.045176188151 0.0 0.0 0.199198404948 0.00126139322917 0.0376281738281 0.0 0.0 0.00722249348958 0.0 0.0 0.000345865885417 0.00955200195312 0.0 7.12076822917e-05 8.13802083333e-05 0.0147399902344 0.311269124349 0.0 0.0 0.130310058594 0.0 0.0156453450521 
136 0.0531412760417 0.0 0.0 0.0 0.00466918945312 0.0 0.0324910481771 0.0 0.0240783691406 0.0114237467448 0.0448811848958 0.000579833984375 0.00263468424479 0.0186462402344 8.13802083333e-05 0.0227864583333 0.0 0.0 0.0 0.0316874186198 0.0291646321615 0.110168457031 1.01725260417e-05 0.197336832682 0.471537272135 
140 0.0531412760417 0.000712076822917 0.0 0.0654296875 0.199198404948 0.145863850911 0.0 0.0 0.00722249348958 0.0472920735677 0.153940836589 0.00179036458333 0.0 0.207580566406 0.117523193359 0.270680745443 0.0 0.0 0.0773111979167 0.142883300781 0.0503641764323 0.0 0.0 0.0226440429688 0.455546061198 
147 0.0531412760417 0.0 0.00612386067708 0.00501505533854 0.0437520345052 0.184438069661 0.00295003255208 5.08626302083e-05 0.0 4.06901041667e-05 0.043446858724 0.000152587890625 0.122548421224 5.08626302083e-05 0.000254313151042 0.0 0.0 0.0182393391927 0.0 0.00853474934896 0.0 0.0 0.0298665364583 0.316324869792 0.161214192708 
161 0.0531412760417 0.0 0.000172932942708 0.0 0.00079345703125 0.0 0.022715250651 0.0 0.0475260416667 0.0218505859375 0.139373779297 0.0 0.00102742513021 0.00760904947917 0.0 0.0 0.0 0.0 3.0517578125e-05 0.00517781575521 0.0226440429688 0.316324869792 0.0 0.0503946940104 0.353688557943 
165 0.0531412760417 8.13802083333e-05 0.0 0.146799723307 0.083750406901 0.0546875 0.00602213541667 0.0 0.10097249349 0.0954386393229 0.289866129557 0.000111897786458 0.0 0.0496317545573 0.300659179688 0.179138183594 0.0282491048177 0.0 0.0395914713542 0.408477783203 0.0232645670573 0.0 0.0 0.033447265625 0.571105957031 
190 0.0531412760417 0.00901285807292 0.0 0.0858256022135 0.227884928385 0.279663085938 0.00177001953125 0.0 0.0625915527344 0.173502604167 0.179555257161 0.00377400716146 0.0 0.0655924479167 0.142883300781 0.209482828776 0.0 0.0 0.00411987304688 0.164154052734 0.00313313802083 0.0 0.0 0.0352579752604 0.217508951823 
197 0.0531412760417 0.00185139973958 0.00914510091146 0.00701904296875 0.0668334960938 0.0741271972656 0.00837198893229 0.00152587890625 0.0 0.0 0.0130920410156 0.00886027018229 0.0969746907552 0.0 0.0 0.0 0.0 0.0129597981771 0.0 0.00270589192708 0.0 0.0 0.0144653320312 0.305877685547 0.194559733073 
211 0.0531412760417 0.0 0.0 0.0 0.0 0.0 0.0245157877604 0.0 0.0953776041667 0.0459899902344 0.112487792969 0.0 9.1552734375e-05 0.00963338216146 0.0 0.0 0.0 0.0 0.0 0.0486958821615 0.000457763671875 0.0653889973958 0.00731404622396 0.0320332845052 0.38047281901 
236 0.0531412760417 0.0 0.00138346354167 0.0 0.0378926595052 0.0 0.00910441080729 0.0 0.0220540364583 0.0340983072917 0.170908610026 0.00426228841146 0.0 0.0191446940104 0.0 0.0 0.0 1.01725260417e-05 9.1552734375e-05 0.00780232747396 0.00637817382812 0.0057373046875 0.0 0.10898844401 0.24550374349 
240 0.0531412760417 0.00905354817708 0.0 0.049082438151 0.117319742839 0.20849609375 0.0146179199219 0.0 0.0743204752604 0.155873616536 0.0460815429688 0.0282491048177 0.0 0.000406901041667 0.455546061198 0.0358072916667 0.0 0.0 0.024403889974 0.217508951823 0.0362447102865 0.0 0.0 0.0518697102865 0.260131835938 
247 0.0531412760417 2.03450520833e-05 0.00146484375 0.00517781575521 0.0243631998698 0.162516276042 0.000244140625 3.0517578125e-05 0.0 0.0 0.0655924479167 0.000946044921875 0.325663248698 0.0 2.03450520833e-05 0.0 0.0 0.00242106119792 0.0 0.000783284505208 6.103515625e-05 0.0 0.0592651367188 0.231760660807 0.217681884766 
290 0.0531412760417 0.00067138671875 0.0 0.0154012044271 0.0743916829427 0.1318359375 0.0636393229167 0.0 0.024892171224 0.261973063151 0.14219156901 0.0 0.0 0.0117696126302 0.263417561849 0.0526835123698 0.0 0.0 0.0835978190104 0.272521972656 0.146962483724 0.0 0.0 0.048583984375 0.458852132161 
311 0.0531412760417 5.08626302083e-05 0.0 0.0 0.0 0.0 0.0123494466146 0.0 0.0472310384115 0.027577718099 0.296468098958 0.0 0.00222778320312 0.00229899088542 0.000315348307292 0.0 0.0 0.0 0.0 0.158081054688 0.0682373046875 0.00230916341146 0.000203450520833 0.11626180013 0.217071533203 
315 0.0531412760417 0.010996500651 0.0 0.0723978678385 0.0472920735677 0.179880777995 0.000162760416667 0.0 0.0773111979167 0.515828450521 0.0 0.0 0.0 0.00281778971354 0.551584879557 0.414367675781 0.0 0.0 0.0858764648438 0.463999430339 0.12392171224 0.0 0.0 0.038330078125 0.161112467448 
340 0.0531412760417 0.000417073567708 0.0 0.0399068196615 0.0448811848958 0.203277587891 0.0227864583333 0.0 0.0291646321615 0.261576334635 0.0238952636719 0.0 0.0 0.083017985026 0.0801391601562 0.0889587402344 0.0 0.0 0.0315348307292 0.154520670573 0.145477294922 0.0 0.0 0.0191853841146 0.170583089193 
365 0.0531412760417 0.0 0.0 0.0570882161458 0.0884501139323 0.0313924153646 0.000101725260417 0.0 0.0419514973958 0.168334960938 0.00600179036458 0.00227864583333 0.0 0.0284830729167 0.345825195312 0.142934163411 0.0 0.0 0.078114827474 0.393290201823 0.119110107422 0.188680013021 0.0 0.0251770019531 0.175720214844 
390 0.0531412760417 0.001220703125 0.0 0.026621500651 0.10004679362 0.205525716146 0.0 0.0 0.000406901041667 0.274271647135 0.0262552897135 3.0517578125e-05 0.0 0.0186360677083 0.186350504557 0.40912882487 0.0 0.0 0.0086669921875 0.307118733724 0.24326578776 0.10634358724 0.0 0.00726318359375 0.10459391276 
415 0.0531412760417 0.0 0.0 0.0621236165365 0.0683288574219 0.282318115234 0.0 0.0 0.0361328125 0.67978922526 0.0792744954427 0.000986735026042 0.0 0.0497538248698 0.486389160156 0.148071289062 0.0 0.0 0.0455729166667 0.213511149089 0.083506266276 7.12076822917e-05 0.0 0.0347391764323 0.0965270996094 
426 0.0531412760417 0.0 0.0 0.337280273438 0.0948689778646 0.0 0.0251871744792 0.000518798828125 4.06901041667e-05 0.00429280598958 0.322326660156 0.0 0.0 0.00291951497396 0.101328531901 0.0 0.0 4.06901041667e-05 0.00754801432292 0.000152587890625 0.0179748535156 0.000233968098958 0.00244140625 0.000773111979167 0.467590332031 
440 0.0531412760417 0.00636800130208 0.0 0.10097249349 0.339497884115 0.0780334472656 0.0282491048177 0.0 0.0196940104167 0.571105957031 0.0341186523438 0.0018310546875 0.0 0.0862731933594 0.375162760417 0.0707499186198 0.0 0.0 0.0455322265625 0.210245768229 0.18852742513 0.0253092447917 0.0 0.00151570638021 0.0652669270833 
451 0.0531412760417 0.0 0.0 0.0829366048177 0.0 0.0 0.00312296549479 0.000467936197917 0.0 0.0236511230469 0.359720865885 0.0 0.0 0.0403137207031 0.401194254557 0.0 0.0 0.0 0.0343119303385 6.103515625e-05 0.0330912272135 0.0 0.000457763671875 0.0 0.682576497396 
465 0.0531412760417 0.0582784016927 0.0 0.0307210286458 0.22797648112 0.173970540365 0.0 0.0 0.00612386067708 0.159088134766 0.0256652832031 0.0 0.0 0.0235290527344 0.145874023438 0.125752766927 0.0 0.0 0.0516866048177 0.217315673828 0.244588216146 0.00234985351562 0.0 0.0325520833333 0.00502522786458 
476 0.0531412760417 0.0 0.0 0.124277750651 8.13802083333e-05 0.0 0.110168457031 0.027598063151 0.0 0.0145772298177 0.0801391601562 0.0 0.0 0.017323811849 0.304423014323 0.0 0.00174967447917 0.0 0.0816243489583 0.00518798828125 0.0280151367188 0.000651041666667 0.0 0.0 0.819834391276 
501 0.0531412760417 0.0 0.0 0.217569986979 0.00258382161458 0.0 0.0233561197917 0.0001220703125 0.0 0.00509643554688 0.30527750651 0.0 0.0 0.0912679036458 0.156626383464 0.00489298502604 0.0167338053385 0.0237223307292 0.0363566080729 0.000213623046875 0.00605265299479 0.0 0.0 0.0 0.72157796224 
515 0.0531412760417 0.0 0.0 0.108459472656 0.0699259440104 0.141225179036 0.000539143880208 0.0 0.031239827474 0.418863932292 0.239237467448 0.0 0.0 0.0770365397135 0.263834635417 0.21913655599 3.0517578125e-05 0.0 0.0440470377604 0.17387898763 0.0134684244792 0.0 0.0 0.0784912109375 0.0192362467448 
537 0.0531412760417 0.0 0.0175577799479 0.0 0.00143432617188 0.128265380859 0.0 0.0147094726562 0.0 0.000172932942708 0.0228169759115 0.00274658203125 0.0 0.00679524739583 0.0168863932292 0.0 0.0212198893229 0.000162760416667 0.00200398763021 0.117940266927 0.0 0.0 0.00600179036458 0.0 0.454345703125 
540 0.0531412760417 0.00594075520833 0.0 0.169067382812 0.155873616536 0.0334676106771 1.01725260417e-05 0.0 0.024403889974 0.487396240234 0.232777913411 0.0 0.0 0.0086669921875 0.161112467448 0.281341552734 0.0 0.0 0.0264180501302 0.048828125 0.00632731119792 0.0 0.0 0.0263468424479 0.254313151042 
565 0.0531412760417 0.000569661458333 0.0 0.0787658691406 0.0698038736979 0.077626546224 0.0 0.0 0.0146789550781 0.259602864583 0.0969645182292 0.0 0.0 0.0217895507812 0.0948994954427 0.341644287109 0.0706278483073 0.0 0.0289306640625 0.0148315429688 0.0326639811198 0.0 0.0 0.142018636068 0.270619710286 
615 0.0531412760417 0.0 0.0 0.00645955403646 0.347279866536 0.00904337565104 0.000600179036458 0.0 0.0379638671875 0.199259440104 0.0674845377604 0.0 0.0 0.0556233723958 0.0992228190104 0.204508463542 0.00958251953125 0.0 0.0429890950521 0.0109049479167 0.0353088378906 0.0 0.0 0.148773193359 0.228332519531 
625 0.0531412760417 0.0787760416667 0.0803426106771 0.116485595703 0.113291422526 0.00959269205729 0.0671183268229 0.100911458333 0.189748128255 0.135213216146 0.374725341797 0.161936442057 0.28813680013 0.242258707682 0.22890218099 0.239501953125 0.0166422526042 0.00897216796875 0.00844319661458 0.046885172526 0.0911560058594 0.0967305501302 0.0610860188802 0.027353922526 0.471995035807 
793 0.0531412760417 0.0868021647135 0.00132242838542 0.0 0.0 3.0517578125e-05 0.0 0.0 3.0517578125e-05 0.0 0.0 0.0292663574219 0.00833129882812 0.00131225585938 0.0 0.0282592773438 0.21142578125 0.000498453776042 0.0 0.000101725260417 0.0560302734375 0.0944519042969 0.0 0.030039469401 0.431813557943 
865 0.0531412760417 0.0 0.0 0.0748596191406 0.265594482422 0.0100301106771 0.0 0.0 0.0313415527344 0.131825764974 0.15146891276 0.0561319986979 0.0 0.0738118489583 0.0619099934896 0.0885416666667 0.0 0.0 0.043202718099 0.00150553385417 0.411193847656 0.0 0.0 0.0142923990885 0.374969482422 
911 0.0531412760417 0.0 0.0 0.0 0.0 0.0 0.000528971354167 0.0 0.101308186849 0.0216064453125 0.145029703776 0.0 2.03450520833e-05 0.0114034016927 0.0 0.0 0.0 0.0 0.0140787760417 0.00911458333333 0.021474202474 0.0 0.0 0.0834452311198 0.338124593099 
915 0.0531412760417 0.00861612955729 0.0 0.048105875651 0.223693847656 0.0208129882812 0.0 0.0 0.0509643554688 0.0921529134115 0.375966389974 0.0 0.0 0.0282592773438 0.0691426595052 0.0708312988281 0.0 0.0 0.0712381998698 0.140157063802 0.0625305175781 0.0 0.0 0.000447591145833 0.319936116536 
