Leaf
272 0.0531412760417 0.0 0.00466918945312 0.0324910481771 0.0240783691406 0.0448811848958 0.00263468424479 8.13802083333e-05 0.0 0.0 0.0291646321615 1.01725260417e-05 0.471537272135 0.0 0.0 0.0 0.0 0.00794474283854 0.0 0.0110677083333 0.0 0.0 0.023691813151 0.00443522135417 0.16796875 
57 0.0531412760417 0.00107828776042 0.0879211425781 0.0 0.240193684896 0.0785115559896 0.00734456380208 0.0496317545573 0.00887044270833 0.0491027832031 0.0858256022135 0.0 0.162434895833 0.00517781575521 0.0 0.0 2.03450520833e-05 0.00718180338542 0.0 0.0 0.00177001953125 0.0 0.0 8.13802083333e-05 0.0338338216146 
72 0.0531412760417 0.0 0.00447591145833 0.0303548177083 0.175048828125 0.153869628906 0.00448608398438 0.000213623046875 0.0 0.0 0.049082438151 0.010019938151 0.305928548177 0.0 0.0 0.0 0.0 0.0114237467448 0.0 0.0338338216146 0.0146179199219 0.0 0.0192464192708 0.0 0.0667419433594 
82 0.0531412760417 8.13802083333e-05 0.0247599283854 0.0 0.214345296224 0.126759847005 6.103515625e-05 0.0391743977865 0.00592041015625 0.0403849283854 0.0355529785156 0.0 0.117584228516 0.0463663736979 9.1552734375e-05 0.0 0.0 0.00649007161458 0.0 0.0 0.0 0.0 0.0 0.0 0.00636800130208 
107 0.0531412760417 0.04833984375 0.0276184082031 0.00425211588542 0.244995117188 0.0917561848958 7.12076822917e-05 0.0292460123698 1.01725260417e-05 0.048817952474 0.043935139974 0.0 0.0538533528646 0.0272521972656 0.000172932942708 0.0 0.0 0.000213623046875 0.0 0.0 0.00302124023438 0.0 0.0 0.0 0.00971476236979 
122 0.0531412760417 0.0 0.00905354817708 0.0 0.134755452474 0.137400309245 0.0122782389323 0.0 0.0 2.03450520833e-05 0.027089436849 0.000345865885417 0.0997721354167 0.00132242838542 5.08626302083e-05 0.0 0.0 0.0169982910156 0.000111897786458 0.03564453125 0.0 0.0 0.0279846191406 0.129770914714 0.0519409179688 
172 0.0531412760417 0.0 0.00164794921875 0.0459899902344 0.0717468261719 0.0450948079427 0.0037841796875 0.000172932942708 0.0 2.03450520833e-05 0.066640218099 0.0 0.0468343098958 0.000518798828125 0.0 0.0 0.0 0.0350850423177 0.0 0.0530904134115 0.0 0.0 0.0151062011719 0.02001953125 0.149729410807 
207 0.0531412760417 0.00477091471354 0.0292256673177 0.0 0.167521158854 0.0836893717448 0.0 0.0218505859375 0.0 0.018320719401 0.0858866373698 0.0 0.147735595703 0.00295003255208 3.0517578125e-05 0.0 0.0 0.00222778320312 0.0 0.0 0.000111897786458 0.0 0.0244852701823 0.0 0.0105997721354 
222 0.0531412760417 0.0 0.00121053059896 0.0646769205729 0.024648030599 0.0133056640625 0.0579427083333 0.0 0.0 0.0 0.0195719401042 0.0 0.125671386719 0.0 0.0 0.0 0.0 0.00820922851562 0.0 0.00343831380208 0.0 0.0 0.0603535970052 0.00173950195312 0.130839029948 
307 0.0531412760417 0.0117899576823 0.0548197428385 0.00245157877604 0.23530069987 0.132578531901 0.0001220703125 0.014882405599 0.00189208984375 0.0673624674479 0.00409952799479 0.0 0.0662027994792 0.000579833984375 0.0 0.0 0.0 0.0 0.0 0.0 0.0 0.0 0.000966389973958 0.0 0.00709025065104 
322 0.0531412760417 0.000172932942708 0.00079345703125 0.022715250651 0.0475260416667 0.139373779297 0.00102742513021 0.0 0.0 3.0517578125e-05 0.0226440429688 0.0 0.353688557943 0.0 0.0 0.0 0.0 0.00272623697917 0.0 0.0191141764323 0.0 0.0 0.0683797200521 0.00681559244792 0.117065429688 
347 0.0531412760417 0.0 2.03450520833e-05 0.015869140625 0.019775390625 0.018300374349 0.000579833984375 0.0 0.0 0.0 0.00332641601562 0.00410970052083 0.182790120443 0.0 6.103515625e-05 0.0 0.0 0.000437418619792 0.0 0.00924682617188 0.0 0.0 0.0233052571615 0.0656534830729 0.0914103190104 
372 0.0531412760417 0.0 0.00309244791667 0.000233968098958 0.0716247558594 0.22797648112 0.0387674967448 0.147969563802 0.0 0.0 0.00612386067708 0.0 0.142761230469 0.0 0.0 0.0 0.0 0.0490926106771 0.0 0.0211690266927 0.0 0.0 0.0952453613281 0.00270589192708 0.113311767578 
397 0.0531412760417 0.0 0.0 0.0267130533854 0.0524597167969 0.0329284667969 0.000325520833333 0.179941813151 0.0 0.0 0.00541178385417 0.0 0.227691650391 0.0 0.0 0.0 0.0 0.0289204915365 0.0 0.000620524088542 0.194885253906 0.0 0.0352783203125 0.00456746419271 0.129923502604 
407 0.0531412760417 0.00042724609375 0.058827718099 0.000864664713542 0.138783772786 0.0889994303385 0.0 0.0112101236979 0.00253295898438 0.0172831217448 0.0146484375 0.0 0.0603535970052 0.0 0.0 0.0 0.0 0.0 0.0 0.0 0.0184326171875 0.0 0.0425720214844 0.0 0.0662434895833 
422 0.0531412760417 0.0 0.0 0.0245157877604 0.0953776041667 0.112487792969 9.1552734375e-05 0.0 0.0 0.0 0.000457763671875 0.00731404622396 0.38047281901 0.0 0.0 0.0 0.0 0.00460815429688 0.0 0.0320536295573 0.0 0.0 0.036855061849 0.0317891438802 0.0606079101562 
457 0.0531412760417 0.00132242838542 0.034912109375 0.00116984049479 0.0765482584635 0.205678304036 0.0 0.00246175130208 0.184214274089 0.0408121744792 0.00270589192708 0.0 0.0409851074219 0.0 0.0 0.0 0.0 0.0180257161458 0.0 0.0 0.0210774739583 0.0 0.0 6.103515625e-05 0.176381429036 
472 0.0531412760417 0.00138346354167 0.0378926595052 0.00910441080729 0.0220540364583 0.170908610026 0.0 0.0 0.0 9.1552734375e-05 0.00637817382812 0.0 0.24550374349 0.0 0.0 0.0 0.0 0.10693359375 0.0 0.00773111979167 0.21327718099 0.0 0.00600179036458 0.0 0.0316263834635 
497 0.0531412760417 2.03450520833e-05 0.013427734375 0.038584391276 0.00597127278646 0.155771891276 0.000518798828125 0.0 0.0 0.0 0.0191040039062 0.156514485677 0.101328531901 0.0 0.0 0.0 0.0 0.0289510091146 0.000233968098958 0.0116882324219 0.0664876302083 0.0 0.0255839029948 0.0 0.00453694661458 
507 0.0531412760417 8.13802083333e-05 0.0621643066406 0.0030517578125 0.234486897786 0.0717976888021 0.0 0.0115051269531 0.131306966146 0.0111185709635 0.0186360677083 0.0 0.0221354166667 0.000722249348958 0.0 0.0 0.0 0.00218709309896 0.0 0.0 0.0 0.0 0.0 0.0 0.260325113932 
522 0.0531412760417 0.0 0.00538126627604 0.0307210286458 0.0350748697917 0.261973063151 0.000162760416667 0.017344156901 0.0 0.0 0.0835978190104 0.000233968098958 0.0911254882812 0.0 0.0 0.0 0.0 0.0220642089844 0.0 0.007080078125 0.0 0.0 0.0382893880208 0.000437418619792 0.0986735026042 
532 0.0531412760417 0.0 0.028076171875 0.0 0.311269124349 0.142883300781 0.0 2.03450520833e-05 0.00336710611979 0.0237731933594 0.06689453125 0.0 0.0731201171875 4.06901041667e-05 0.0 0.0 2.03450520833e-05 0.00518798828125 0.0 0.0 0.0 0.0 0.0 0.0 0.00157674153646 
547 0.0531412760417 1.01725260417e-05 4.06901041667e-05 0.00874837239583 0.11865234375 0.193603515625 1.01725260417e-05 0.0 0.0 0.0 0.0277608235677 0.0 0.108215332031 0.0 0.0 0.0 0.0 0.0251871744792 0.0230509440104 0.243733723958 0.0 0.0 0.0116984049479 7.12076822917e-05 0.077870686849 
557 0.0531412760417 0.00184122721354 0.0233866373698 0.0 0.442189534505 0.126841227214 0.0 0.00905354817708 0.188903808594 0.0824381510417 0.0728861490885 0.0 0.0833231608073 0.0 0.00232950846354 0.0 0.0 0.00968424479167 0.0 0.0 0.0 0.0 0.000172932942708 0.00375366210938 0.00847371419271 
582 0.0531412760417 0.000467936197917 0.0299682617188 0.00343831380208 0.274739583333 0.256663004557 0.0 0.00168863932292 0.274342854818 0.0295003255208 0.010508219401 0.0 0.0289611816406 0.003662109375 0.0 0.0 0.0 0.00177001953125 0.0 0.0 0.0 0.0 0.0 0.0 0.138865152995 
607 0.0531412760417 0.0 0.0539855957031 0.0 0.121205647786 0.297424316406 0.0 0.00507609049479 0.156595865885 0.0570780436198 0.0258483886719 0.0 0.0634155273438 0.00236002604167 0.00030517578125 0.0 0.000661214192708 0.0 0.0 0.0 0.0 0.0 0.0 0.0 0.128448486328 
632 0.0531412760417 0.00719197591146 0.0106913248698 0.0 0.0120646158854 0.115692138672 0.0 0.00127156575521 0.00123087565104 0.0789693196615 0.0742696126302 0.0 0.187805175781 0.00473022460938 0.0 0.0 0.0 0.0 0.0 0.0 0.0 0.0 0.0 0.0 0.0 
657 0.0531412760417 0.00272623697917 0.123596191406 0.0 0.090565999349 0.168334960938 0.0 9.1552734375e-05 5.08626302083e-05 0.247924804688 0.078114827474 0.0 0.0500895182292 0.00228881835938 5.08626302083e-05 0.0 0.0 0.0 0.0 0.0 0.0 0.0 0.000773111979167 0.0 0.0 
680 0.0531412760417 0.0 0.0448811848958 0.0227864583333 0.0291646321615 0.0238952636719 0.0 0.0801391601562 0.0 0.0315348307292 0.145477294922 0.0 0.170583089193 0.0 0.0280151367188 0.0313415527344 0.0 0.0118306477865 0.0 0.106974283854 0.0198160807292 0.0 0.100260416667 0.0 0.0412902832031 
682 0.0531412760417 1.01725260417e-05 0.0419209798177 0.0 0.158518473307 0.189168294271 0.0 0.00660196940104 0.00341796875 0.0186665852865 0.0673522949219 0.0 0.0952453613281 0.0254211425781 0.0 0.0 0.0 0.0 0.0 0.0 0.0 0.0 0.0 0.0 0.0 
707 0.0531412760417 0.0399271647135 0.0334065755208 0.0 0.0936787923177 0.129160563151 0.000172932942708 9.1552734375e-05 3.0517578125e-05 0.0201009114583 0.0204467773438 0.0 0.0404154459635 0.00206502278646 0.0 0.0 0.0 0.0 0.0 0.0 0.0 0.0 0.0 0.0 0.00217692057292 
757 0.0531412760417 0.0208740234375 0.0591227213542 0.0 0.409108479818 0.208201090495 0.0 0.0636088053385 0.210611979167 0.0048828125 0.0285441080729 0.0 0.0359497070312 0.00139363606771 0.0 0.0 0.0 0.0 0.0 0.0 0.0387369791667 0.040771484375 0.0 0.0 0.0279642740885 
769 0.0531412760417 0.0 0.101715087891 0.000630696614583 0.0 0.010498046875 0.169209798177 0.0 0.0 0.0 0.0279541015625 0.0260721842448 0.355743408203 0.000111897786458 0.000996907552083 0.0152791341146 0.0 0.0 0.00374348958333 0.0 0.0 8.13802083333e-05 0.00407918294271 0.0 0.0 
782 0.0531412760417 0.0450744628906 0.0254821777344 0.0 0.197336832682 0.179351806641 0.0 0.00272623697917 0.00443522135417 0.0634562174479 0.0191853841146 0.0 0.0822957356771 3.0517578125e-05 0.0 0.0 0.0 0.0 0.0 0.0 0.0 0.0 0.0 0.000376383463542 0.00644938151042 
889 0.0531412760417 0.0819905598958 0.11289469401 0.0 0.190053304036 0.0137634277344 0.00513712565104 0.0 0.0 0.0 0.0267028808594 0.0086669921875 0.171010335286 0.0 0.0 0.0954081217448 0.0219421386719 0.0168762207031 0.0 0.0 0.0 0.0148722330729 0.0 0.0 0.0 
907 0.0531412760417 0.00054931640625 0.0192667643229 0.000111897786458 0.144134521484 0.160125732422 0.0 0.0198465983073 0.000284830729167 0.0897115071615 0.0220336914062 0.0 0.0220438639323 0.00185139973958 0.0 0.0 0.0 0.0 0.0 0.0 0.0 0.0 0.0 0.0 0.00116984049479 
914 0.0531412760417 0.034912109375 0.0765482584635 0.0 0.184214274089 0.00270589192708 0.0409851074219 0.0 0.0 0.0 0.0210774739583 0.0 0.176381429036 0.0 0.0 0.0830485026042 0.115081787109 0.00381469726562 0.0 0.261423746745 0.0 2.03450520833e-05 0.0 0.0 0.0 
947 0.0531412760417 0.000874837239583 0.0 0.0 0.0751342773438 0.0646362304688 0.000132242838542 0.0 0.0 0.0159606933594 0.0311584472656 3.0517578125e-05 0.0266418457031 0.0 0.0 0.0 0.0 0.0 0.0 0.0552876790365 0.0 0.0 2.03450520833e-05 0.114064534505 0.0975952148438 
